51	2.655153E-4	1.006729E-5
52	2.712166E-4	7.46699166666667E-6
53	2.778708E-4	1.0353865E-5
54	2.82597E-4	8.88211785714286E-6
55	3.03504E-4	8.05823055555555E-6
56	3.17422E-4	8.50409318181818E-6
57	3.20349E-4	8.70286346153846E-6
58	3.27298E-4	8.263885E-6
59	3.3324E-4	7.93302794117647E-6
60	3.39423E-4	7.68641184210526E-6
61	3.45559E-4	7.85961309523809E-6
62	3.51735E-4	8.19318369565217E-6
63	3.57931E-4	7.978523E-6
64	3.64148E-4	7.81582685185185E-6
65	3.70387E-4	7.67985948275862E-6
66	3.76646E-4	7.56133629032258E-6
67	3.82925E-4	7.46270833333333E-6
68	3.89224E-4	7.89995642857143E-6
69	3.95542E-4	7.83402635135135E-6
70	4.01882E-4	7.75299935897436E-6
71	4.08224E-4	7.67518231707317E-6
72	4.14644E-4	7.60639476744186E-6
73	4.20946E-4	7.54559944444444E-6
74	4.27282E-4	7.49170159574468E-6
75	4.34374E-4	7.44382602040816E-6
76	4.38238E-4	7.40136225490196E-6
77	4.48998E-4	7.3613108490566E-6
78	4.72278E-4	7.31529954545454E-6
79	4.80909E-4	7.48549956140351E-6
80	4.85266E-4	7.61225381355932E-6
81	4.92458E-4	7.56839303278688E-6
82	4.98815E-4	7.53404722222222E-6
83	5.05308E-4	7.50418423076923E-6
84	5.11911E-4	7.47637276119403E-6
85	5.18455E-4	7.45063731884058E-6
86	5.25018E-4	7.42680950704225E-6
87	5.31592E-4	7.40465034246575E-6
88	5.38171E-4	7.38397966666666E-6
89	5.4476E-4	7.36462305194805E-6
90	5.51357E-4	7.34643006329114E-6
91	5.57962E-4	7.32926512345679E-6
92	5.64574E-4	7.31305391566265E-6
93	5.71192E-4	7.29772323529412E-6
94	5.77816E-4	7.28322385057471E-6
95	5.84446E-4	7.26951095505618E-6
96	5.9108E-4	7.25653269230769E-6
97	5.97719E-4	7.24424704301075E-6
98	6.04362E-4	7.23263131578947E-6
99	6.11008E-4	7.22163891752577E-6
100	6.17657E-4	7.21123712121212E-6
101	6.24308E-4	7.2014056930693E-6
102	6.30962E-4	7.16826915841584E-6
103	6.37619E-4	7.16094772277227E-6
104	6.44277E-4	7.17935643564356E-6
105	6.50939E-4	7.1011905940594E-6
106	6.57603E-4	7.02195693069307E-6
107	6.6427E-4	7.03722128712871E-6
108	6.7094E-4	7.05248663366336E-6
109	6.77613E-4	7.06837722772277E-6
110	6.84289E-4	7.08374653465346E-6
111	6.90968E-4	7.09792227722772E-6
112	6.9765E-4	7.00954900990099E-6
113	7.04335E-4	6.92867227722772E-6
114	7.11024E-4	6.94967574257425E-6
115	7.17717E-4	6.96329900990099E-6
116	7.24412E-4	6.97686336633663E-6
117	7.31112E-4	6.99034851485148E-6
118	7.37815E-4	7.0034306930693E-6
119	7.44522E-4	7.01687128712871E-6
120	7.51232E-4	7.02748168316831E-6
121	7.57947E-4	7.04458712871287E-6
122	7.64666E-4	6.97422376237623E-6
123	7.71388E-4	6.87881831683168E-6
124	7.78115E-4	6.87781435643564E-6
125	7.84846E-4	6.89363663366336E-6
126	7.91582E-4	6.90412772277227E-6
127	7.98321E-4	6.91472524752475E-6
128	8.05066E-4	6.92529356435643E-6
129	8.11815E-4	6.93559455445544E-6
130	8.18568E-4	6.94547079207921E-6
131	8.25326E-4	6.95516237623762E-6
132	8.3209E-4	6.96593613861386E-6
133	8.38858E-4	6.97294851485148E-6
134	8.4563E-4	6.98485247524752E-6
135	8.52408E-4	6.92626237623762E-6
136	8.59192E-4	6.82223762376237E-6
137	8.6598E-4	6.80729207920792E-6
138	8.72773E-4	6.8269108910891E-6
139	8.79572E-4	6.83167821782178E-6
140	8.86377E-4	6.84030693069307E-6
141	8.93187E-4	6.84804455445544E-6
142	9.00002E-4	6.85589108910891E-6
143	9.06824E-4	6.8635099009901E-6
144	9.13651E-4	6.871E-6
145	9.20483E-4	6.87835148514851E-6
146	9.27322E-4	6.88556930693069E-6
147	9.34167E-4	6.89266831683168E-6
148	9.41018E-4	6.89964356435643E-6
149	9.47875E-4	6.90650495049504E-6
150	9.54738E-4	6.91324257425742E-6
151	9.61608E-4	6.91993564356435E-6
152	9.68484E-4	6.92631683168316E-6
153	9.75367E-4	6.93297524752475E-6
154	9.82256E-4	6.94012871287128E-6
155	9.89152E-4	6.94345544554455E-6
156	9.96054E-4	6.98360891089108E-6
157	0.001002964	6.97068811881188E-6
158	0.00100988	6.85167326732673E-6
159	0.001016803	6.79269306930693E-6
160	0.001023734	6.7779405940594E-6
161	0.001030671	6.77032178217821E-6
162	0.001037616	6.80208910891089E-6
163	0.001044568	6.78788613861386E-6
164	0.001051527	6.77336633663366E-6
165	0.001058494	6.80741584158415E-6
166	0.001065468	6.83820297029703E-6
167	0.00107245	6.82305940594059E-6
168	0.00107944	6.82049504950495E-6
169	0.001086437	6.84954950495049E-6
170	0.001093443	6.76472772277227E-6
171	0.001100456	6.65081683168317E-6
172	0.001107477	6.63973762376237E-6
173	0.001114507	6.6809405940594E-6
174	0.001121544	6.67284653465346E-6
175	0.00112859	6.6534603960396E-6
176	0.001135644	6.68423267326732E-6
177	0.001147657	6.71825742574257E-6
178	0.001147658	6.70270792079207E-6
179	0.001157656	6.68625742574257E-6
180	0.001167655	6.71931188118812E-6
181	0.001167664	6.70303960396039E-6
182	0.001177665	6.68671782178217E-6
183	0.00118763	6.71981683168316E-6
184	0.001187646	6.752900990099E-6
185	0.001197793	6.7364702970297E-6
186	0.001207671	6.72000990099009E-6
187	0.001217119	6.75302475247524E-6
188	0.001217749	6.78600990099009E-6
189	0.001229754	6.7694603960396E-6
190	0.001236786	6.75288118811881E-6
191	0.001225806	6.78577722772277E-6
192	0.001226978	6.81864356435643E-6
193	0.001236785	6.80197524752475E-6
194	0.001248531	6.78527227722772E-6
195	0.001248392	6.81803465346534E-6
196	0.001257869	6.85076732673267E-6
197	0.001267872	6.8339603960396E-6
198	0.001278015	6.81711386138613E-6
199	0.001278013	6.84973762376237E-6
200	0.001287981	6.88232673267326E-6
201	0.001297985	6.86537623762376E-6
202	0.001297994	6.84836633663366E-6
203	0.001307993	6.88081683168316E-6
204	0.001317991	6.91330198019801E-6
205	0.001327991	6.89626237623762E-6
206	0.001327992	6.87890594059405E-6
207	0.001337992	6.91101980198019E-6
208	0.001347992	6.94420297029702E-6
209	0.001357992	6.92734653465346E-6
210	0.001357992	6.90588613861386E-6
211	0.001367992	6.93551980198019E-6
212	0.001377992	6.98217821782178E-6
213	0.001387992	6.97720792079207E-6
214	0.001387992	6.90748514851484E-6
215	0.001397992	6.82780891089108E-6
216	0.001407992	6.78991138613861E-6
217	0.001417992	6.77613960396039E-6
218	0.001417992	6.77379801980197E-6
219	0.001427992	6.80464108910891E-6
220	0.001437992	6.83359603960396E-6
221	0.001447992	6.81676188118811E-6
222	0.001447993	6.7996702970297E-6
223	0.00145799	6.83092772277227E-6
224	0.001467989	6.86215594059405E-6
225	0.001478001	6.89361980198019E-6
226	0.001478005	6.87550940594059E-6
227	0.001487962	6.85725544554455E-6
228	0.001497967	6.88844851485148E-6
229	0.001508149	6.91960247524752E-6
230	0.001508056	6.9011905940594E-6
231	0.001517316	6.88270841584158E-6
232	0.001527553	6.91366633663366E-6
233	0.001540263	6.94456386138613E-6
234	0.001540081	6.92589554455445E-6
235	0.001539719	6.90715297029702E-6
236	0.0015375364	6.93783811881187E-6
237	0.0015456257	6.96848613861385E-6
238	0.0015483265	6.99911237623762E-6
239	0.0015587337	6.98004455445544E-6
240	0.0015681488	6.96071831683168E-6
241	0.0015781866	6.99125495049505E-6
242	0.0015783633	7.02240891089109E-6
243	0.0015883591	7.00234455445544E-6
244	0.0015983143	6.9803004950495E-6
245	0.0016083162	7.01588267326732E-6
246	0.001618329	7.05538960396039E-6
247	0.0016183289	7.05620198019801E-6
248	0.0016283257	6.9516910891089E-6
249	0.0016383259	6.84953366336633E-6
250	0.0016483268	6.85324702970297E-6
251	0.0016483267	6.89421782178217E-6
252	0.0016583264	6.93110297029702E-6
253	0.0016683262	6.90839504950494E-6
254	0.0016783267	6.88656732673267E-6
255	0.0016783272	6.91664504950494E-6
256	0.0016883257	6.94627574257425E-6
257	0.0016983236	6.90115742574257E-6
258	0.0017083286	6.89104801980197E-6
259	0.0017183361	6.94061188118811E-6
260	0.0017183159	6.94066435643564E-6
261	0.0017282862	6.99011683168316E-6
262	0.0017383523	6.9900603960396E-6
263	0.0017484613	6.94072871287128E-6
264	0.0017481963	6.99033019801979E-6
265	0.0017579194	7.03902673267326E-6
266	0.0017693099	7.03890247524752E-6
267	0.0017798408	6.99273465346534E-6
268	0.00178343	6.99234851485148E-6
269	0.0017727016	7.02880891089108E-6
270	0.0017767812	7.03357623762376E-6
271	0.0017874547	7.15212970297029E-6
272	0.0017990763	7.25018861386138E-6
273	0.0018089395	7.24534603960395E-6
274	0.0018085403	7.23765891089108E-6
275	0.0018185973	7.27919306930693E-6
276	0.001828699	7.33196930693069E-6
277	0.0018386827	7.28509207920792E-6
278	0.0018386521	7.23488069306931E-6
279	0.0018486546	7.28348712871287E-6
280	0.001858663	7.33314950495049E-6
281	0.0018686622	7.3340707920792E-6
282	0.0018786604	7.33383514851485E-6
283	0.0018786608	7.33055792079208E-6
284	0.0018886614	7.3305905940594E-6
285	0.0018986613	7.3425103960396E-6
286	0.0019086611	7.39532871287128E-6
287	0.0019186612	7.34686633663366E-6
288	0.0019186612	7.20473910891089E-6
289	0.0019286612	7.1361405940594E-6
290	0.0019386612	7.1746495049505E-6
291	0.0019486612	7.23726237623762E-6
292	0.001958661	7.19192128712871E-6
293	0.0019586611	7.1390806930693E-6
294	0.0019686618	7.18729207920792E-6
295	0.0019786613	7.23760594059405E-6
296	0.0019886587	7.23788217821781E-6
297	0.0019986601	7.18815594059405E-6
298	0.0019986695	7.188100990099E-6
299	0.0020086634	7.23766633663366E-6
300	0.002018629	7.23767673267326E-6
301	0.0020286612	7.23765891089108E-6
302	0.0020387871	7.28715495049504E-6
303	0.0020386266	7.28717277227722E-6
304	0.0020481331	7.23769306930692E-6
305	0.0020586302	7.23762623762376E-6
306	0.0020705389	7.28703712871287E-6
307	0.0020793005	7.33677425742574E-6
308	0.0020707505	7.28751782178217E-6
309	0.0020705908	7.23696633663366E-6
310	0.0020768936	7.28578663366336E-6
311	0.0020883696	7.3397599009901E-6
312	0.0020995414	7.34307722772277E-6
313	0.0020992107	7.2775698019802E-6
314	0.0021088676	7.26170198019802E-6
315	0.0021189494	7.3679099009901E-6
316	0.002129031	7.49272425742574E-6
317	0.0021390052	7.55038514851484E-6
318	0.0021389863	7.52581188118811E-6
319	0.0021489941	7.41800198019802E-6
320	0.0021589985	7.32290445544554E-6
321	0.0021689962	7.3297702970297E-6
322	0.0021789949	7.38829702970296E-6
323	0.0021889954	7.43594405940593E-6
324	0.0021889965	7.3848306930693E-6
325	0.0021989965	7.33630643564356E-6
326	0.002208994	7.33693514851485E-6
327	0.0022189935	7.38625594059405E-6
328	0.0022290019	7.43559207920792E-6
329	0.0022290057	7.4356400990099E-6
330	0.0022389775	7.38619801980197E-6
331	0.0022489564	7.38619603960395E-6
332	0.0022590471	7.4356707920792E-6
333	0.0022691235	7.43567871287128E-6
334	0.0022687616	7.43575198019801E-6
335	0.0022784462	7.48523564356435E-6
336	0.0022896716	7.48496633663366E-6
337	0.0023011141	7.43545693069307E-6
338	0.0023072258	7.43636435643564E-6
339	0.0023069404	7.43628663366336E-6
340	0.0022985562	7.48207920792079E-6
341	0.002307553	7.48047178217822E-6
342	0.002319396	7.44224108910891E-6
343	0.0023295899	7.44798514851484E-6
344	0.0023391932	7.44882376237623E-6
345	0.002339216	7.40229702970296E-6
346	0.0023493484	7.33199554455445E-6
347	0.0023593577	7.27079950495049E-6
348	0.0023693239	7.26162722772277E-6
349	0.0023793203	7.39470148514851E-6
350	0.0023893306	7.52322871287128E-6
351	0.0023893341	7.54938019801979E-6
352	0.002399331	7.53886435643564E-6
353	0.0024093276	7.48193910891088E-6
354	0.0024193321	7.4844108910891E-6
355	0.0024293427	7.53559900990098E-6
356	0.0024393288	7.53462574257425E-6
357	0.0024392873	7.53433168316831E-6
358	0.0024493243	7.5851306930693E-6
359	0.0024594735	7.5853801980198E-6
360	0.0024693211	7.53227128712871E-6
361	0.0024787109	7.53051435643564E-6
362	0.0024789465	7.54214603960396E-6
363	0.0024910247	7.60075396039604E-6
364	0.0025002819	7.55858663366336E-6
365	0.0025010381	7.41299054455445E-6
366	0.0025003416	7.33729386138614E-6
367	0.0025079508	7.32510329207921E-6
368	0.0025099014	7.38859291089109E-6
369	0.0025202181	7.44161791534653E-6
370	0.0025296432	7.38892239059406E-6
371	0.0025395318	7.33912715198019E-6
372	0.0025496789	7.33994127673267E-6
373	0.0025597027	7.38950987920792E-6
374	0.0025596648	7.43952709108911E-6
375	0.002569666	7.43990045792079E-6
376	0.0025796626	7.38773687871287E-6
377	0.0025896281	7.33608933663366E-6
378	0.0025996886	7.39445223762376E-6
379	0.0026098426	7.45097460396039E-6
380	0.0026097109	7.41129628712871E-6
381	0.0026191255	7.32091014851485E-6
382	0.0026293636	7.2454707920792E-6
383	0.0026414725	7.22921831683168E-6
384	0.002651201	7.24547623762376E-6
385	0.0026429557	7.2511004950495E-6
386	0.00264179109	7.23588564356435E-6
387	0.00264766467	7.23069207920791E-6
388	0.002659328495	7.3294905940594E-6
389	0.002670489673	7.42277871287128E-6
390	0.0026800395459	7.44161930693068E-6
391	0.002679845177	7.45217722772276E-6
392	0.0026899809077	7.43926633663366E-6
393	0.0027000094302	7.48552673267326E-6
394	0.0027099936654	7.53765346534653E-6
395	0.002720113707	7.48598663366336E-6
396	0.0027300692855	7.43757920792079E-6
397	0.002729573564	7.44932821782178E-6
398	0.002739635282	7.49001980198019E-6
399	0.00275137367	7.4721306930693E-6
400	0.0027610561	7.37900990099009E-6
401	0.00276331815	7.28116138613861E-6
402	0.0027627959	7.23532425742574E-6
403	0.0027682375	7.24636435643564E-6
404	0.0027694783	7.29516782178217E-6
405	0.0027808676	7.34207623762376E-6
406	0.002790618	7.34256831683168E-6
407	0.0028002	7.34359752475247E-6
408	0.0028102392	7.29413910891088E-6
409	0.0028203689	7.29360990099009E-6
410	0.0028203737	7.34297772277227E-6
411	0.0028303178	7.34387673267326E-6
412	0.0028402852	7.3443613861386E-6
413	0.0028503576	7.34171138613861E-6
414	0.0028604709	7.34043267326732E-6
415	0.0028702134	7.35092623762375E-6
416	0.0028697729	7.35520396039603E-6
417	0.0028805985	7.30835792079207E-6
418	0.002892202	7.23300544554455E-6
419	0.0028987735	7.22390247524752E-6
420	0.0028985773	7.29457277227722E-6
421	0.0028999753	7.35307524752475E-6
422	0.002898814	7.35519108910891E-6
423	0.0029107126	7.34220594059406E-6
424	0.0029210433	7.34177574257426E-6
425	0.0029305725	7.3940103960396E-6
426	0.0029405199	7.44316287128712E-6
427	0.0029506694	7.39256237623761E-6
428	0.0029607248	7.34279207920792E-6
429	0.0029606867	7.34348118811881E-6
430	0.0029706301	7.34438910891088E-6
431	0.0029806346	7.39200891089108E-6
432	0.0029907624	7.43780742574257E-6
433	0.0030008021	7.44370594059406E-6
434	0.0030103942	7.40895544554455E-6
435	0.0030102583	7.34277673267326E-6
436	0.0030218366	7.26246138613861E-6
437	0.0030320324	7.21896386138613E-6
438	0.0030350416	7.2337004950495E-6
439	0.0030343654	7.24352326732672E-6
440	0.0030390291	7.20196287128712E-6
441	0.0030399712	7.15307623762376E-6
442	0.0030514592	7.20212376237623E-6
443	0.0030612384	7.24080940594059E-6
444	0.0030708731	7.23453762376237E-6
445	0.0030809487	7.28417920792079E-6
446	0.0030910506	7.38331633663365E-6
447	0.0031010327	7.39635990099009E-6
448	0.003100971	7.39616782178217E-6
449	0.0031109546	7.44279603960395E-6
450	0.0031210728	7.45219999999999E-6
451	0.0031311447	7.41845643564356E-6
452	0.0031407058	7.3288702970297E-6
453	0.0031503964	7.25224653465346E-6
454	0.0031618908	7.23543861386138E-6
455	0.0031633779	7.24757227722772E-6
456	0.0031685378	7.2514301980198E-6
457	0.0031671509	7.24816683168316E-6
458	0.0031696959	7.24677475247524E-6
459	0.0031801232	7.24661485148514E-6
460	0.0031918663	7.29637277227723E-6
461	0.0031917248	7.29951930693069E-6
462	0.0032012286	7.25160544554455E-6
463	0.0032112578	7.24101584158416E-6
464	0.0032213569	7.23216930693069E-6
465	0.0032313263	7.3199297029703E-6
466	0.0032413979	7.46355896039604E-6
467	0.0032514117	7.55220465346534E-6
468	0.0032509454	7.52082938118811E-6
469	0.0032609327	7.39906203960395E-6
470	0.0032726316	7.29004347079207E-6
471	0.0032825741	7.28389741138613E-6
472	0.0032851291	7.33932136287128E-6
473	0.0032845134	7.35137951534653E-6
474	0.003289822	7.34937081386138E-6
475	0.0032911041	7.34512191881188E-6
476	0.0033022363	7.29559409653465E-6
477	0.0033118812	7.29921856683167E-6
478	0.0033215392	7.35067402970296E-6
479	0.003331626	7.34127746534653E-6
480	0.0033417214	7.33443183168316E-6
481	0.0033516994	7.3752660891089E-6
482	0.0033516399	7.46499480198019E-6
483	0.0033616735	7.48656732673267E-6
484	0.0033718478	7.50461980198019E-6
485	0.0033817239	7.55351039603959E-6
486	0.0033910586	7.53999207920791E-6
487	0.0034013271	7.4758910891089E-6
488	0.003413674	7.38491485148514E-6
489	0.0034125267	7.34017772277228E-6
490	0.003411902	7.39380891089109E-6
491	0.003411216	7.39998762376238E-6
492	0.003420016	7.34791584158415E-6
493	0.003432353	7.34594158415841E-6
494	0.003442616	7.34559158415841E-6
495	0.00345196	7.34651831683167E-6
496	0.003461862	7.39995396039603E-6
497	0.003462031	7.44795841584157E-6
498	0.003472054	7.43302227722771E-6
499	0.003481991	7.39034900990098E-6
500	0.003491956	7.41861485148514E-6
501	0.003502029	7.51880396039604E-6
502	0.003512149	7.57012227722772E-6
503	0.003521894	7.5181108910891E-6
504	0.003521426	7.43669356435642E-6
505	0.003532223	7.43040198019801E-6
506	0.003543932	7.39754752475247E-6
507	0.003550632	7.34972623762376E-6
508	0.003550316	7.34525148514851E-6
509	0.003551876	7.39464108910891E-6
510	0.003561448	7.44664950495049E-6
511	0.003572844	7.44773415841584E-6
512	0.003572645	7.44402970297029E-6
513	0.003582237	7.44059158415841E-6
514	0.003592286	7.40285990099009E-6
515	0.003602352	7.41278465346534E-6
516	0.003612329	7.40799554455445E-6
517	0.003622448	7.3009702970297E-6
518	0.003632411	7.26787128712871E-6
519	0.00364186	7.35181188118811E-6
520	0.003641966	7.44226485148514E-6
521	0.003653945	7.51253811881188E-6
522	0.003663406	7.54749801980197E-6
523	0.003664548	7.49157623762375E-6
524	0.003663637	7.44213613861385E-6
525	0.003670331	7.44375841584157E-6
526	0.003682226	7.4547113861386E-6
527	0.003683171	7.44498366336633E-6
528	0.003692663	7.42081336633663E-6
529	0.003702472	7.37427425742574E-6
530	0.003712657	7.33243366336633E-6
531	0.003722883	7.29203712871287E-6
532	0.003732824	7.25606188118811E-6
533	0.003742267	7.2578306930693E-6
534	0.003752297	7.24840495049504E-6
535	0.003754277	7.28369455445544E-6
536	0.003763758	7.35167970297029E-6
537	0.003764752	7.43086782178217E-6
538	0.003763913	7.5204811881188E-6
539	0.003771271	7.5133113861386E-6
540	0.003783202	7.4685717821782E-6
541	0.00379353	7.48254900990098E-6
542	0.003803003	7.43921584158415E-6
543	0.003813022	7.35469603960394E-6
544	0.003812974	7.3390311881188E-6
545	0.003822449	7.35158811881187E-6
546	0.003833012	7.35179603960396E-6
547	0.003844839	7.34827920792079E-6
548	0.003851131	7.35099455445543E-6
549	0.003849877	7.35394504950495E-6
550	0.003851652	7.34578564356435E-6
551	0.003861527	7.33820940594059E-6
552	0.003863682	7.37358316831683E-6
553	0.003873893	7.45996287128712E-6
554	0.003883291	7.54156732673266E-6
555	0.003893174	7.61275693069306E-6
556	0.003903401	7.60655247524752E-6
557	0.003913554	7.46037871287128E-6
558	0.00392317	7.34678514851485E-6
559	0.003932814	7.34005841584158E-6
560	0.003934694	7.35166633663366E-6
561	0.003945947	7.35305049504949E-6
562	0.003949119	7.3992806930693E-6
563	0.003946556	7.44836930693068E-6
564	0.003951579	7.44922623762375E-6
565	0.00396352	7.44859554455445E-6
566	0.003974184	7.3986311881188E-6
567	0.003983603	7.35615990099009E-6
568	0.003993559	7.35973712871286E-6
569	0.003993699	7.37538762376237E-6
570	0.004003676	7.3796797029703E-6
571	0.004013737	7.3974405940594E-6
572	0.004023787	7.44819801980197E-6
573	0.00403338	7.45951980198019E-6
574	0.004043175	7.44760396039603E-6
575	0.004054557	7.39629207920791E-6
576	0.004064146	7.35063366336632E-6
577	0.004065718	7.39825742574255E-6
578	0.004055396	7.44792079207919E-6
579	0.004062075	7.45806435643563E-6
580	0.004073782	7.44261386138612E-6
581	0.004084602	7.36657425742573E-6
582	0.004094135	7.27698514851484E-6
583	0.004103859	7.24383168316831E-6
584	0.004114025	7.25580693069306E-6
585	0.00412424	7.2594306930693E-6
586	0.004133948	7.24393564356434E-6
587	0.004133358	7.25056435643563E-6
588	0.004144972	7.31870297029702E-6
589	0.004156696	7.41176237623761E-6
590	0.004159333	7.45615841584157E-6
591	0.004155791	7.45171782178216E-6
592	0.00416161	7.4923910891089E-6
593	0.004174158	7.49448019801978E-6
594	0.004185034	7.45690594059404E-6
595	0.004194351	7.4434504950495E-6
596	0.004194276	7.36499504950494E-6
597	0.004204374	7.27157920792079E-6
598	0.004213967	7.23853960396039E-6
599	0.004224598	7.25356930693069E-6
600	0.004235976	7.31288118811881E-6
601	0.004241379	7.34658910891088E-6
602	0.004240654	7.33516831683167E-6
603	0.004243475	7.34200495049504E-6
604	0.004253822	7.39955940594059E-6
605	0.004255171	7.42743069306931E-6
606	0.004264883	7.33752970297029E-6
607	0.004274547	7.30178217821781E-6
608	0.004284631	7.34231683168316E-6
609	0.004294695	7.35775247524752E-6
610	0.004304673	7.3574801980198E-6
611	0.004314795	7.35154455445544E-6
612	0.004324744	7.35062871287128E-6
613	0.004334208	7.30608910891088E-6
614	0.004334559	7.25885643564356E-6
615	0.004346259	7.29457425742574E-6
616	0.004351956	7.34124257425742E-6
617	0.004350454	7.40272277227722E-6
618	0.004353182	7.47667326732672E-6
619	0.004363862	7.44970297029702E-6
620	0.00437563	7.36431188118812E-6
621	0.004385398	7.33518316831683E-6
622	0.004394524	7.30122277227722E-6
623	0.004404531	7.25703960396039E-6
624	0.004406508	7.30293564356435E-6
625	0.004416388	7.35537623762376E-6
626	0.004417921	7.35699009900989E-6
627	0.004416817	7.34469306930693E-6
628	0.00442354	7.35059900990099E-6
629	0.004435442	7.42699504950495E-6
630	0.004445959	7.53526237623762E-6
631	0.004455381	7.56401485148514E-6
632	0.004465171	7.48226237623762E-6
633	0.004475363	7.37913861386137E-6
634	0.004475558	7.33928712871286E-6
635	0.004485295	7.3489306930693E-6
636	0.004494783	7.35620792079207E-6
637	0.004506183	7.35282673267327E-6
638	0.004517677	7.35352970297029E-6
639	0.004521276	7.35516831683168E-6
640	0.004518748	7.39397029702971E-6
641	0.004523316	7.43878217821783E-6
642	0.004535123	7.46479207920792E-6
643	0.004536257	7.43280693069306E-6
644	0.00454569	7.36400495049505E-6
645	0.004555499	7.34580198019802E-6
646	0.00456571	7.34943564356435E-6
647	0.004575863	7.35574752475246E-6
648	0.004585616	7.35478712871286E-6
649	0.004595175	7.40292574257425E-6
650	0.004606086	7.45072772277227E-6
651	0.004617566	7.45036633663365E-6
652	0.004623544	7.46029702970296E-6
653	0.004613082	7.41009405940593E-6
654	0.004615079	7.30382673267326E-6
655	0.004624641	7.203900990099E-6
656	0.004636308	7.14744554455445E-6
657	0.004646221	7.19226732673266E-6
658	0.004656005	7.34069801980197E-6
659	0.004666132	7.45522277227721E-6
660	0.004675596	7.46211881188118E-6
661	0.004685494	7.45028217821782E-6
662	0.004697781	7.44868316831683E-6
663	0.004705173	7.40353465346535E-6
664	0.004691929	7.35451980198019E-6
665	0.004693735	7.34994554455445E-6
666	0.004705216	7.3594306930693E-6
667	0.004717074	7.43096534653465E-6
668	0.004726574	7.44539108910891E-6
669	0.004736255	7.32541584158416E-6
670	0.004746394	7.26374257425742E-6
671	0.004756028	7.35614851485147E-6
672	0.004766359	7.46012376237623E-6
673	0.004778145	7.46941584158415E-6
674	0.004775861	7.39923762376237E-6
675	0.004776067	7.34921287128712E-6
676	0.004776853	7.40336633663366E-6
677	0.004785634	7.45260891089109E-6
678	0.004797068	7.45403465346535E-6
679	0.004806867	7.45280198019802E-6
680	0.004816559	7.44270792079208E-6
681	0.004826646	7.45946534653466E-6
682	0.004836695	7.53536633663366E-6
683	0.004846676	7.62014851485149E-6
684	0.004846832	7.65514851485148E-6
685	0.004856665	7.66224257425743E-6
686	0.004866289	7.64851485148514E-6
687	0.004878504	7.57014356435643E-6
688	0.004889857	7.47418316831683E-6
689	0.004892442	7.4455297029703E-6
690	0.00488896	7.45533168316832E-6
691	0.004894345	7.45433168316832E-6
692	0.004906721	7.45064356435644E-6
693	0.004917625	7.45395544554455E-6
694	0.004926965	7.50510891089109E-6
695	0.004926873	7.54424752475248E-6
696	0.004937053	7.50742574257426E-6
697	0.004947054	7.53619801980198E-6
698	0.004957023	7.62915841584158E-6
699	0.004967033	7.66183168316831E-6
700	0.004976998	7.64971782178217E-6
701	0.004987003	7.64185643564356E-6
702	0.004997164	7.64739603960396E-6
703	0.005007013	7.65265346534654E-6
704	0.005016386	7.69125742574257E-6
705	0.005027251	7.72836633663366E-6
706	0.005029515	7.77898514851485E-6
707	0.005035539	7.88736138613862E-6
708	0.00503306	7.86778712871287E-6
709	0.005035903	7.72264851485148E-6
710	0.00504742	7.63620792079208E-6
711	0.005057925	7.63228712871286E-6
712	0.005067318	7.64928712871286E-6
713	0.005077251	7.64901485148514E-6
714	0.0050874	7.69450495049505E-6
715	0.005097399	7.74516831683168E-6
716	0.005107357	7.74930198019801E-6
717	0.005107358	7.74472277227721E-6
718	0.005117364	7.73035643564356E-6
719	0.005127362	7.7049207920792E-6
720	0.005137372	7.74932673267325E-6
721	0.005147363	7.83918316831681E-6
722	0.00515732	7.85548514851484E-6
723	0.005167376	7.88890099009901E-6
724	0.005177515	7.94820297029703E-6
725	0.005187158	7.95922772277227E-6
726	0.005196868	7.90300990099009E-6
727	0.005208796	7.79582673267326E-6
728	0.005219189	7.73778217821782E-6
729	0.005210461	7.74552970297029E-6
730	0.005208496	7.75076237623762E-6
731	0.005215419	7.68593069306931E-6
732	0.005227643	7.64744059405941E-6
733	0.005238065	7.7695E-6
734	0.00524757	7.91055445544555E-6
735	0.005257641	7.95242079207921E-6
736	0.005267736	7.9459900990099E-6
737	0.005277701	7.9369108910891E-6
738	0.005287699	7.94146534653465E-6
739	0.005297693	7.94527722772277E-6
740	0.005297654	7.92911386138613E-6
741	0.005307734	7.91646534653465E-6
742	0.005317845	7.97632178217821E-6
743	0.005327402	8.09030198019801E-6
744	0.005337536	8.11271782178217E-6
745	0.005349948	8.00957920792079E-6
746	0.005359005	7.93108910891088E-6
747	0.005358612	7.93391584158415E-6
748	0.005357718	7.94598514851485E-6
749	0.005366793	7.94204455445545E-6
750	0.005378595	7.93898514851485E-6
751	0.00538832	7.94223267326732E-6
752	0.00538789	7.94279207920791E-6
753	0.005398003	7.93152475247524E-6
754	0.005408062	7.98375742574257E-6
755	0.005418031	8.09385643564357E-6
756	0.005428078	8.18546039603961E-6
757	0.005437961	8.23487623762376E-6
758	0.005447824	8.19420297029702E-6
759	0.005458578	8.12400990099009E-6
760	0.005468505	8.03967821782178E-6
761	0.005474904	7.94899504950494E-6
762	0.005485312	7.92876732673266E-6
763	0.00550918	7.94206930693069E-6
764	0.005528015	7.99198019801979E-6
765	0.005507856	8.03807425742574E-6
766	0.005495743	8.04155445544554E-6
767	0.005505288	8.03406435643564E-6
768	0.005519653	8.01459405940593E-6
769	0.005529084	8.04281683168316E-6
770	0.005538038	8.15632178217821E-6
771	0.005548286	8.24258415841583E-6
772	0.005558467	8.13611386138613E-6
773	0.005568364	7.97296534653465E-6
774	0.005578308	7.93180198019802E-6
775	0.005588417	7.99210396039604E-6
776	0.00559847	8.04343069306931E-6
777	0.005607913	8.03909900990099E-6
778	0.005618019	8.03890594059406E-6
779	0.005619912	8.03963861386139E-6
780	0.005625073	8.04001485148515E-6
781	0.005622368	8.04073267326733E-6
782	0.005626534	8.03810396039604E-6
783	0.005638418	8.03954455445545E-6
784	0.005649251	8.05385148514851E-6
785	0.005658637	8.03020297029702E-6
786	0.005668551	7.97678712871287E-6
787	0.005678797	7.90044059405941E-6
788	0.005688877	7.91334158415842E-6
789	0.005698432	8.02040099009901E-6
790	0.005708516	8.04836138613861E-6
791	0.005720463	8.03673762376237E-6
792	0.005727844	8.03608415841584E-6
793	0.005716717	8.03635643564357E-6
794	0.005718168	8.04408910891089E-6
795	0.005728646	8.051900990099E-6
796	0.005739597	8.00119801980196E-6
797	0.005749102	7.94614851485148E-6
798	0.005758903	7.93604455445544E-6
799	0.005769033	7.94069801980197E-6
800	0.00577903	7.94910891089108E-6
801	0.005789084	7.94546534653465E-6
802	0.005799145	7.94361386138613E-6
803	0.005808719	7.94499504950494E-6
804	0.005819446	7.94338613861385E-6
805	0.005830831	7.89142574257425E-6
806	0.005834907	7.85109405940593E-6
807	0.00583317	7.842900990099E-6
808	0.005827773	7.76530693069306E-6
809	0.005839321	7.75249009900989E-6
810	0.005849763	7.86048019801979E-6
811	0.005859329	7.94605940594059E-6
812	0.005869437	7.95809900990099E-6
813	0.005879095	7.94276237623762E-6
814	0.005888818	7.94223762376238E-6
815	0.005900739	7.94156930693069E-6
816	0.005910544	7.94265346534653E-6
817	0.005910454	7.95023267326732E-6
818	0.005909383	7.9139603960396E-6
819	0.00591842	7.81790594059406E-6
820	0.005930327	7.79622277227723E-6
821	0.005940127	7.83988118811882E-6
822	0.005949592	7.8499801980198E-6
823	0.005959701	7.8009207920792E-6
824	0.005969884	7.75051485148515E-6
825	0.005979571	7.73861386138614E-6
826	0.00597917	7.73183663366337E-6
827	0.005990777	7.78782673267327E-6
828	0.005999153	7.89319801980197E-6
829	0.005997424	7.95153960396039E-6
830	0.005998229	7.94765346534653E-6
831	0.006008545	7.94081188118812E-6
832	0.006020474	7.99078712871287E-6
833	0.006030124	8.04335643564356E-6
834	0.006040022	8.0569405940594E-6
835	0.006049945	8.03178712871286E-6
836	0.006059463	7.92947029702969E-6
837	0.00607033	7.84377722772276E-6
838	0.006081054	7.83907425742574E-6
839	0.006082966	7.85079702970296E-6
840	0.006081643	7.84596039603959E-6
841	0.006088541	7.86042574257426E-6
842	0.006100503	7.87689603960396E-6
843	0.006110772	7.80695544554455E-6
844	0.006110261	7.64457425742574E-6
845	0.006120281	7.70059900990099E-6
846	0.006130403	7.96074752475247E-6
847	0.006140381	8.07169306930692E-6
848	0.006150377	8.04749009900989E-6
849	0.006160379	8.03619306930693E-6
850	0.006170343	8.06568316831683E-6
851	0.006180471	8.04276237623762E-6
852	0.006190488	7.92950990099009E-6
853	0.006199861	7.83935148514851E-6
854	0.00621079	7.83790099009901E-6
855	0.006222777	7.85252475247524E-6
856	0.006225737	7.84916831683168E-6
857	0.006222125	7.84909900990098E-6
858	0.006228357	7.85235643564357E-6
859	0.006240921	7.89209900990099E-6
860	0.006251342	7.9559504950495E-6
861	0.006260625	8.04274257425742E-6
862	0.00627059	8.13443069306931E-6
863	0.006280759	8.15452475247525E-6
864	0.006290738	8.14072277227722E-6
865	0.006290661	8.13704950495049E-6
866	0.006300731	8.14506435643564E-6
867	0.006310939	8.09984653465346E-6
868	0.006320574	8.00601485148514E-6
869	0.00632996	7.91495544554455E-6
870	0.006342088	7.85133168316831E-6
871	0.006354302	7.83503465346534E-6
872	0.00635666	7.84640594059406E-6
873	0.006351854	7.96222772277227E-6
874	0.006358526	8.10756930693069E-6
875	0.006371402	8.14819306930693E-6
876	0.006381533	8.14129207920792E-6
877	0.006390886	8.1388811881188E-6
878	0.006401015	8.14234158415841E-6
879	0.006411093	8.14270297029703E-6
880	0.006421042	8.14206435643563E-6
881	0.006431045	8.14180693069305E-6
882	0.00644103	8.14122772277226E-6
883	0.006451027	8.14307920792078E-6
884	0.006461139	8.14163861386138E-6
885	0.006470956	8.1309702970297E-6
886	0.006480616	8.15328217821782E-6
887	0.006491875	8.24150495049504E-6
888	0.006491642	8.37528217821781E-6
889	0.006493247	8.44053465346533E-6
890	0.006492883	8.43711881188117E-6
891	0.006500034	8.44713366336632E-6
892	0.006511622	8.3548712871287E-6
893	0.006521659	8.20288613861385E-6
894	0.006531272	8.138400990099E-6
895	0.006541342	8.13075742574257E-6
896	0.006551407	8.13206435643565E-6
897	0.006561377	8.18075742574258E-6
898	0.006571376	8.28451485148515E-6
899	0.006581382	8.34492574257425E-6
900	0.00659138	8.34018316831684E-6
901	0.00660138	8.3315297029703E-6
902	0.006611379	8.33519801980198E-6
903	0.006621378	8.33731683168316E-6
904	0.006631388	8.33585643564356E-6
905	0.006641388	8.33650495049505E-6
906	0.006651345	8.3895495049505E-6
907	0.006661356	8.4330693069307E-6
908	0.006671505	8.43316831683169E-6
909	0.006681245	8.49935643564357E-6
910	0.006690837	8.60283168316833E-6
911	0.006702545	8.6465198019802E-6
912	0.006712868	8.63605940594059E-6
913	0.006703582	8.62835643564356E-6
914	0.006701933	8.62731683168317E-6
915	0.006709937	8.6344207920792E-6
916	0.006722033	8.65486633663365E-6
917	0.006731927	8.62770297029701E-6
918	0.006741584	8.51844059405939E-6
919	0.006751725	8.46545544554454E-6
920	0.006761753	8.50139108910891E-6
921	0.006771711	8.53579207920791E-6
922	0.006781712	8.54032673267326E-6
923	0.006791717	8.52788613861386E-6
924	0.006801714	8.57963366336633E-6
925	0.006811714	8.63165841584158E-6
926	0.006821715	8.63070297029702E-6
927	0.006831715	8.63024257425741E-6
928	0.006841712	8.63041584158415E-6
929	0.006851718	8.63040594059406E-6
930	0.006861729	8.63056930693069E-6
931	0.006871696	8.63011881188118E-6
932	0.006881675	8.62940099009899E-6
933	0.006891828	8.63242079207919E-6
934	0.006901698	8.63092574257425E-6
935	0.006911166	8.6164900990099E-6
936	0.006922954	8.6415099009901E-6
937	0.006934737	8.74374752475247E-6
938	0.006937852	8.82977227722772E-6
939	0.006934257	8.83576237623762E-6
940	0.006939785	8.82103465346535E-6
941	0.006942105	8.82230693069307E-6
942	0.006952309	8.8259702970297E-6
943	0.006961881	8.82613366336634E-6
944	0.006972027	8.82417821782179E-6
945	0.006982092	8.87222277227723E-6
946	0.006992045	8.93257920792079E-6
947	0.007002041	8.92937623762376E-6
948	0.007012052	8.85750495049506E-6
949	0.00702205	8.76140594059406E-6
950	0.007032048	8.71883168316831E-6
951	0.007042049	8.70652475247524E-6
952	0.007052049	8.73382178217822E-6
953	0.007062049	8.84197524752475E-6
954	0.007072049	8.88279702970297E-6
955	0.007082049	8.83609405940594E-6
956	0.007092049	8.82097524752475E-6
957	0.00710205	8.8234504950495E-6
958	0.007112049	8.82607920792079E-6
959	0.007122047	8.82505445544554E-6
960	0.007132055	8.8249108910891E-6
961	0.007142057	8.82515346534653E-6
962	0.007152016	8.82521287128712E-6
963	0.007162045	8.82530693069307E-6
964	0.007172183	8.82476732673267E-6
965	0.007181798	8.82509900990099E-6
966	0.00719179	8.82770792079208E-6
967	0.007203983	8.82322277227723E-6
968	0.007211421	8.86749504950495E-6
969	0.007209308	8.95968316831683E-6
970	0.00721103	9.05333168316831E-6
971	0.007222222	9.11729702970297E-6
972	0.007232886	9.12082178217822E-6
973	0.007242308	9.12261386138614E-6
974	0.007252285	9.12811386138614E-6
975	0.00725242	9.06714851485148E-6
976	0.007262399	8.96212376237623E-6
977	0.007272373	8.9144306930693E-6
978	0.007282383	8.92230198019801E-6
979	0.007292386	8.92644554455445E-6
980	0.007302383	8.9234207920792E-6
981	0.007312384	8.92369801980198E-6
982	0.007322384	8.92439603960396E-6
983	0.007332384	8.92422277227723E-6
984	0.007342385	8.92408415841584E-6
985	0.007352384	8.92408910891088E-6
986	0.007362381	8.92429207920791E-6
987	0.007372388	8.92441584158416E-6
988	0.007382394	8.92365841584158E-6
989	0.007392357	8.92426237623762E-6
990	0.007402388	8.92737623762377E-6
991	0.007412515	8.92088613861387E-6
992	0.007422096	8.91163861386138E-6
993	0.007431966	9.00432178217821E-6
994	0.007444083	9.15557425742573E-6
995	0.007452727	9.23364851485147E-6
996	0.007451451	9.2313712871287E-6
997	0.007451647	9.15020792079207E-6
998	0.007461852	9.04992079207921E-6
999	0.007473206	9.0104405940594E-6
1000	0.007482694	9.02053960396039E-6
1001	0.007492599	9.02622772277227E-6
1002	0.007502748	9.0229603960396E-6
1003	0.007512739	9.02249009900989E-6
1004	0.007522711	9.02335148514851E-6
1005	0.00753272	9.02327722772277E-6
1006	0.007542722	9.02310891089109E-6
1007	0.007552718	9.02315346534653E-6
1008	0.007562715	9.02317821782178E-6
1009	0.007572725	9.02315346534652E-6
1010	0.007582726	9.02306435643563E-6
1011	0.007592686	9.02317326732672E-6
1012	0.007602715	9.02349999999999E-6
1013	0.007612849	9.02278217821782E-6
1014	0.007622474	9.0224801980198E-6
1015	0.007632467	9.0264108910891E-6
1016	0.0076446	9.02045049504949E-6
1017	0.007652107	8.99973762376237E-6
1018	0.007650195	9.02921782178218E-6
1019	0.0076514	9.13842079207922E-6
1020	0.007662018	9.17985148514853E-6
1021	0.007673609	9.13567326732673E-6
1022	0.007683153	9.11273267326732E-6
1023	0.007692908	9.11808910891088E-6
1024	0.007703064	9.12661386138613E-6
1025	0.007713084	9.12217821782179E-6
1026	0.007723046	9.12120297029702E-6
1027	0.007733051	9.12237128712869E-6
1028	0.007743056	9.12233663366335E-6
1029	0.007753053	9.12214851485148E-6
1030	0.007763054	9.12209405940594E-6
1031	0.007773052	9.12202475247524E-6
1032	0.007783054	9.12281188118812E-6
1033	0.007793064	9.12244059405942E-6
1034	0.007803041	9.11896039603962E-6
1035	0.007813026	9.12402475247526E-6
1036	0.007823173	9.1314900990099E-6
1037	0.007833078	9.08162871287128E-6
1038	0.00784256	8.97696039603959E-6
1039	0.007853931	8.91675742574256E-6
1040	0.007864139	8.92133663366337E-6
1041	0.007864233	8.93012871287129E-6
1042	0.007863063	8.92759405940593E-6
1043	0.007872123	8.92689603960394E-6
1044	0.007883921	8.92699009900987E-6
1045	0.007893563	8.92817821782176E-6
1046	0.007903236	8.92992574257424E-6
1047	0.007913384	8.91915841584156E-6
1048	0.007923421	8.92101980198017E-6
1049	0.007933384	8.99364851485146E-6
1050	0.007943392	9.09458910891087E-6
1051	0.007953369	9.12967326732672E-6
1052	0.007963377	9.12048514851483E-6
1053	0.007973529	9.12005940594057E-6
1054	0.007983302	9.12303465346532E-6
1055	0.007992826	9.17198514851484E-6
1056	0.008004325	9.22092574257424E-6
1057	0.008014334	9.22115841584157E-6
1058	0.008014254	9.22123762376236E-6
1059	0.008013191	9.22115841584157E-6
1060	0.00802209	9.22115841584157E-6
1061	0.008034122	9.22122772277227E-6
1062	0.008043876	9.22112871287128E-6
1063	0.008053571	9.22111386138612E-6
1064	0.008063723	9.2219405940594E-6
1065	0.008073757	9.22099504950495E-6
1066	0.008083716	9.21846039603959E-6
1067	0.008093717	9.22775247524751E-6
1068	0.008103726	9.23019306930692E-6
1069	0.008113724	9.16627227722771E-6
1070	0.008123722	9.06259900990097E-6
1071	0.008133723	9.01614851485147E-6
1072	0.008143723	9.02601485148514E-6
1073	0.008153723	9.0329900990099E-6
1074	0.008163723	9.0198415841584E-6
1075	0.008173723	9.01597029702969E-6
1076	0.008183723	9.07919306930693E-6
1077	0.008193723	9.18334653465347E-6
1078	0.008203723	9.23072277227723E-6
1079	0.008213723	9.22305940594059E-6
1080	0.00822372	9.21889603960394E-6
1081	0.008233723	9.22188613861384E-6
1082	0.008243732	9.22162376237622E-6
1083	0.008253704	9.22093564356435E-6
1084	0.008263729	9.22110396039603E-6
1085	0.008273872	9.22119801980197E-6
1086	0.008283538	9.22120792079206E-6
1087	0.008293356	9.22110891089108E-6
1088	0.008305419	9.221E-6
1089	0.008313862	9.22178217821782E-6
1090	0.008312476	9.22086633663367E-6
1091	0.008312914	9.21671782178217E-6
1092	0.008323251	9.22253465346534E-6
1093	0.008334615	9.23583168316833E-6
1094	0.008344111	9.19708415841585E-6
1095	0.008353946	9.09035643564358E-6
1096	0.00836409	9.00786633663367E-6
1097	0.008374085	9.01270297029703E-6
1098	0.008384049	9.0955198019802E-6
1099	0.008394056	9.19485643564356E-6
1100	0.00840406	9.23320297029703E-6
1101	0.008414057	9.22334653465346E-6
1102	0.008424057	9.21806930693069E-6
1103	0.008434058	9.2213316831683E-6
1104	0.008444058	9.22181683168316E-6
1105	0.008454055	9.2209900990099E-6
1106	0.008464058	9.22106435643564E-6
1107	0.008474068	9.22122277227722E-6
1108	0.008484036	9.22117326732673E-6
1109	0.008494039	9.22116336633663E-6
1110	0.008504201	9.22117326732673E-6
1111	0.008513865	9.22117821782178E-6
1112	0.008523324	9.22117821782178E-6
1113	0.008535029	9.22112376237622E-6
1114	0.008546173	9.22117821782177E-6
1115	0.008546961	9.22134158415839E-6
1116	0.008544232	9.22074257425741E-6
1117	0.008552424	9.2204702970297E-6
1118	0.008564849	9.22316336633664E-6
1119	0.008574748	9.21922772277227E-6
1120	0.008584208	9.21268316831682E-6
1121	0.008594317	9.25849009900988E-6
1122	0.008604426	9.36078712871285E-6
1123	0.008614386	9.43665841584157E-6
1124	0.008624384	9.48394059405941E-6
1125	0.008634395	9.44183663366337E-6
1126	0.008644393	9.3333910891089E-6
1127	0.008654392	9.30495049504951E-6
1128	0.008664392	9.32042574257428E-6
1129	0.008674392	9.32231683168318E-6
1130	0.008684392	9.31923267326733E-6
1131	0.008694392	9.32016831683167E-6
1132	0.008704392	9.32062376237623E-6
1133	0.008714392	9.31949009900989E-6
1134	0.008724393	9.31984158415839E-6
1135	0.00873439	9.32340594059404E-6
1136	0.008744388	9.31833663366335E-6
1137	0.008754401	9.3108613861386E-6
1138	0.008764385	9.36072277227721E-6
1139	0.008774332	9.46539108910891E-6
1140	0.008784443	9.52560891089109E-6
1141	0.008794589	9.52099999999998E-6
1142	0.008803998	9.51215841584156E-6
1143	0.008814177	9.51488613861385E-6
1144	0.008827214	9.51564356435643E-6
1145	0.008844586	9.51472277227722E-6
1146	0.008840149	9.51475742574257E-6
1147	0.008841995	9.51495544554455E-6
1148	0.008854225	9.51490594059405E-6
1149	0.008865306	9.51487128712871E-6
1150	0.008874607	9.51489108910892E-6
1151	0.008884654	9.51489603960396E-6
1152	0.008894781	9.5148910891089E-6
1153	0.008904731	9.51487623762375E-6
1154	0.008914712	9.51487623762375E-6
1155	0.008924727	9.51493564356435E-6
1156	0.008934729	9.51483168316831E-6
1157	0.008944726	9.51472772277228E-6
1158	0.008954727	9.51547524752475E-6
1159	0.008964727	9.51455940594059E-6
1160	0.008974727	9.51140594059406E-6
1161	0.008984727	9.51949999999999E-6
1162	0.008994727	9.53118316831683E-6
1163	0.009004727	9.48929702970298E-6
1164	0.009014727	9.38640099009901E-6
1165	0.009024727	9.31560396039603E-6
1166	0.009034727	9.36453960396038E-6
1167	0.009044727	9.42539603960395E-6
1168	0.009054727	9.41329702970297E-6
1169	0.009064727	9.4094702970297E-6
1170	0.009074727	9.47439108910891E-6
1171	0.009084727	9.57807920792079E-6
1172	0.009094727	9.62350495049505E-6
1173	0.009104727	9.61510891089107E-6
1174	0.009114724	9.61089108910889E-6
1175	0.009124727	9.61418811881186E-6
1176	0.009134736	9.61429207920791E-6
1177	0.009144706	9.61360891089108E-6
1178	0.009154715	9.61381188118809E-6
1179	0.009164857	9.61395544554453E-6
1180	0.00917453	9.613900990099E-6
1181	0.009184217	9.61389603960396E-6
1182	0.009196165	9.61391089108911E-6
1183	0.009206589	9.61390594059405E-6
1184	0.009207685	9.613900990099E-6
1185	0.009205801	9.61391584158414E-6
1186	0.009213552	9.61391584158415E-6
1187	0.009235495	9.61385148514851E-6
1188	0.009245329	9.61396039603959E-6
1189	0.009254932	9.61410396039602E-6
1190	0.009265062	9.61328712871285E-6
1191	0.009275103	9.66365346534651E-6
1192	0.009285059	9.71749999999999E-6
1193	0.009295054	9.71173762376237E-6
1194	0.009305064	9.69763366336632E-6
1195	0.009315062	9.73757425742573E-6
1196	0.009325061	9.84619306930691E-6
1197	0.009335062	9.91815841584157E-6
1198	0.009345062	9.91510396039603E-6
1199	0.009355062	9.90359900990098E-6
1200	0.009365062	9.90677227722772E-6
1201	0.009375062	9.90890594059404E-6
1202	0.009385062	9.90782673267326E-6
1203	0.009395062	9.90748514851484E-6
1204	0.009405062	9.90769306930692E-6
1205	0.009415062	9.90764851485147E-6
1206	0.009425062	9.90760396039602E-6
1207	0.009435062	9.90760891089108E-6
1208	0.009445062	9.90762871287127E-6
1209	0.009455062	9.90768316831681E-6
1210	0.009465062	9.95710396039601E-6
1211	0.009475062	1.00065643564356E-5
1212	0.009495062	1.0007202970297E-5
1213	0.009505062	1.00066138613861E-5
1214	0.009515062	1.00039504950495E-5
1215	0.009525062	1.00091138613861E-5
1216	0.009535062	1.00129257425742E-5
1217	0.009545062	9.96634158415842E-6
1218	0.009555062	9.8725297029703E-6
1219	0.009565062	9.81122277227721E-6
1220	0.009575062	9.80690099009899E-6
1221	0.009585062	9.81221782178216E-6
1222	0.009595062	9.81269801980196E-6
1223	0.009605062	9.81444554455445E-6
1224	0.009615062	9.79907425742573E-6
1225	0.009625062	9.74746534653463E-6
1226	0.009635062	9.78242079207918E-6
1227	0.009645062	9.94380693069305E-6
1228	0.00965506	1.00226386138614E-5
1229	0.009665065	1.00062425742574E-5
1230	0.009675071	1.00043564356435E-5
1231	0.009695048	1.00075841584158E-5
1232	0.009705062	1.00067178217822E-5
1233	0.009715177	1.00063366336634E-5
1234	0.009724943	1.00066782178218E-5
1235	0.00973464	1.0006698019802E-5
1236	0.009745984	1.00066138613861E-5
1237	0.009755405	1.00066188118812E-5
1238	0.009756585	1.00066287128713E-5
1239	0.009756452	1.00066237623762E-5
1240	0.009764132	1.00066237623762E-5
1241	0.009775637	1.00066237623762E-5
1242	0.009785463	1.00561287128713E-5
1243	0.009795289	1.01056336633663E-5
1244	0.009805404	1.01056336633663E-5
1245	0.0098154	1.01056336633664E-5
1246	0.009825388	1.01056336633663E-5
1247	0.009835396	1.01056336633663E-5
1248	0.009855397	1.01056336633663E-5
1249	0.009865396	1.01056336633664E-5
1250	0.009875396	1.01056336633663E-5
1251	0.009885397	1.01056336633663E-5
1252	0.009895396	1.01056336633663E-5
1253	0.009905396	1.01056336633663E-5
1254	0.009915396	1.01056485148515E-5
1255	0.009925396	1.01056485148515E-5
1256	0.009935396	1.01055891089109E-5
1257	0.009945396	1.0155198019802E-5
1258	0.009955396	1.02048069306931E-5
1259	0.009965396	1.02040594059406E-5
1260	0.009975396	1.02049752475248E-5
1261	0.009985396	1.02081435643564E-5
1262	0.009995396	1.02000495049505E-5
1263	0.010015396	1.01883069306931E-5
1264	0.010025396	1.02302871287129E-5
1265	0.010035396	1.0333198019802E-5
1266	0.010045396	1.04031633663366E-5
1267	0.010055396	1.03551732673267E-5
1268	0.010065396	1.02968712871287E-5
1269	0.010075396	1.02996584158416E-5
1270	0.010085396	1.03009801980198E-5
1271	0.010095396	1.03001336633663E-5
1272	0.010105396	1.03496534653465E-5
1273	0.010115396	1.0399400990099E-5
1274	0.010125396	1.03993762376238E-5
1275	0.010135396	1.03993366336634E-5
1276	0.010145396	1.03993514851485E-5
1277	0.010155396	1.03993514851485E-5
1278	0.010175396	1.03993465346535E-5
1279	0.010185396	1.03993465346535E-5
1280	0.010195396	1.03993465346535E-5
1281	0.010205396	1.03993465346535E-5
1282	0.010215396	1.03993465346535E-5
1283	0.010225396	1.03993465346535E-5
1284	0.010235396	1.03993465346535E-5
1285	0.010245396	1.03993465346535E-5
1286	0.010255396	1.03993465346535E-5
1287	0.010265396	1.04488514851485E-5
1288	0.010275396	1.04983564356436E-5
1289	0.010285396	1.04983564356436E-5
1290	0.010295396	1.04983564356436E-5
1291	0.010305396	1.04983564356436E-5
1292	0.010315396	1.04488514851485E-5
1293	0.010335396	1.03993465346535E-5
1294	0.010345396	1.03993465346535E-5
1295	0.010355396	1.03993465346535E-5
1296	0.010365396	1.03993465346535E-5
1297	0.010375396	1.03993465346535E-5
1298	0.010385396	1.03993465346535E-5
1299	0.010395396	1.03993465346535E-5
1300	0.010405396	1.03993465346535E-5
1301	0.010415396	1.03993465346535E-5
1302	0.010425396	1.04488514851485E-5
1303	0.010435396	1.04983564356436E-5
1304	0.010445396	1.04983564356436E-5
1305	0.010455396	1.04983564356436E-5
1306	0.010465396	1.04983564356436E-5
1307	0.010475396	1.04983564356436E-5
1308	0.010495396	1.04983663366336E-5
1309	0.010505396	1.04983514851485E-5
1310	0.010515396	1.0498297029703E-5
1311	0.010525396	1.04488762376238E-5
1312	0.010535396	1.03994158415842E-5
1313	0.010545396	1.03987772277228E-5
1314	0.010555396	1.03993663366337E-5
1315	0.010565396	1.04020247524753E-5
1316	0.010575396	1.03968712871287E-5
1317	0.010585396	1.04425891089109E-5
1318	0.010595396	1.05386237623762E-5
1319	0.010605396	1.06324504950495E-5
1320	0.010615396	1.0694099009901E-5
1321	0.010625396	1.06981336633663E-5
1322	0.010635396	1.06915445544555E-5
1323	0.010655396	1.06932673267327E-5
1324	0.010665396	1.06935594059406E-5
1325	0.010675396	1.06930099009901E-5
1326	0.010685396	1.06930891089109E-5
1327	0.010695396	1.06931089108911E-5
1328	0.010705396	1.06435594059406E-5
1329	0.010715396	1.05940544554456E-5
1330	0.010725396	1.05940594059406E-5
1331	0.010735396	1.06435643564356E-5
1332	0.010745396	1.06930693069307E-5
1333	0.010755396	1.06930693069307E-5
1334	0.010765396	1.06930891089109E-5
1335	0.010775396	1.06930841584159E-5
1336	0.010785396	1.0693004950495E-5
1337	0.010795396	1.0693099009901E-5
1338	0.010815396	1.06931930693069E-5
1339	0.010825396	1.06922920792079E-5
1340	0.010835396	1.06929257425743E-5
1341	0.010845396	1.06961485148515E-5
1342	0.010855396	1.06867079207921E-5
1343	0.010865396	1.06253613861386E-5
1344	0.010875396	1.06273168316832E-5
1345	0.010885396	1.07383168316832E-5
1346	0.010895396	1.08507475247525E-5
1347	0.010905396	1.08939059405941E-5
1348	0.010915396	1.08855594059406E-5
1349	0.010925396	1.08884207920792E-5
1350	0.010935396	1.08883762376238E-5
1351	0.010945396	1.0887504950495E-5
1352	0.010965397	1.0887698019802E-5
1353	0.010975396	1.08878712871287E-5
1354	0.010985396	1.0887797029703E-5
1355	0.0109954	1.08877673267327E-5
1356	0.011005395	1.08877821782178E-5
1357	0.011015384	1.08877772277228E-5
1358	0.011025414	1.08382722772277E-5
1359	0.011035403	1.07887722772277E-5
1360	0.011045232	1.08382772277228E-5
1361	0.011055531	1.08877821782178E-5
1362	0.011065883	1.08877821782178E-5
1363	0.011073624	1.08877821782178E-5
1364	0.011083491	1.08877821782178E-5
1365	0.011104019	1.08877821782178E-5
1366	0.011125913	1.08877821782178E-5
1367	0.01114673	1.08877821782178E-5
1368	0.011154631	1.08877821782178E-5
1369	0.011165044	1.08877821782178E-5
1370	0.011175209	1.08877821782178E-5
1371	0.011185035	1.08877821782178E-5
1372	0.011195033	1.08877821782178E-5
1373	0.011205074	1.08877821782178E-5
1374	0.011215068	1.08877821782178E-5
1375	0.011225059	1.08877821782178E-5
1376	0.011235062	1.08877821782178E-5
1377	0.011245062	1.08877821782178E-5
1378	0.011255061	1.08877821782178E-5
1379	0.011265062	1.08877821782178E-5
1380	0.011275062	1.08877821782178E-5
1381	0.011295062	1.08877821782178E-5
1382	0.011305062	1.08877821782178E-5
1383	0.011315062	1.08877821782178E-5
1384	0.011325062	1.08877821782178E-5
1385	0.011335062	1.08877821782178E-5
1386	0.011345062	1.09372871287129E-5
1387	0.011355062	1.09867920792079E-5
1388	0.011365062	1.09372871287129E-5
1389	0.011375062	1.08877821782178E-5
1390	0.011385062	1.08877821782178E-5
1391	0.011395062	1.08877821782178E-5
1392	0.011405062	1.08877821782178E-5
1393	0.011415062	1.08877821782178E-5
1394	0.011435062	1.08877821782178E-5
1395	0.011445062	1.08877772277228E-5
1396	0.011455062	1.08877722772277E-5
1397	0.011465062	1.08877871287128E-5
1398	0.011475062	1.0937297029703E-5
1399	0.011485062	1.09867277227723E-5
1400	0.011495062	1.09868267326732E-5
1401	0.011505062	1.09871188118812E-5
1402	0.011515062	1.09863168316832E-5
1403	0.011525062	1.09357673267327E-5
1404	0.011535062	1.08897326732673E-5
1405	0.011545062	1.08892326732673E-5
1406	0.011555062	1.08750544554455E-5
1407	0.011575062	1.09102772277228E-5
1408	0.011585062	1.10243613861386E-5
1409	0.011595062	1.11009059405941E-5
1410	0.011605062	1.11430346534654E-5
1411	0.011615062	1.1177099009901E-5
1412	0.011625062	1.11799752475248E-5
1413	0.011635062	1.11824405940594E-5
1414	0.011645062	1.11814207920792E-5
1415	0.011655062	1.11813465346535E-5
1416	0.011665061	1.11815643564356E-5
1417	0.011675061	1.11814950495049E-5
1418	0.011685064	1.11319702970297E-5
1419	0.011705062	1.10824900990099E-5
1420	0.011715049	1.10824900990099E-5
1421	0.011725082	1.11319900990099E-5
1422	0.011735108	1.11814950495049E-5
1423	0.01174492	1.11814950495049E-5
1424	0.011754897	1.11814950495049E-5
1425	0.011765621	1.11814950495049E-5
1426	0.011774796	1.11814950495049E-5
1427	0.011782757	1.11814950495049E-5
1428	0.011801911	1.1181495049505E-5
1429	0.011825802	1.11815E-5
1430	0.011837373	1.11815E-5
1431	0.011854312	1.11814851485149E-5
1432	0.011864254	1.11815099009901E-5
1433	0.011874893	1.11815297029703E-5
1434	0.011884752	1.11813118811881E-5
1435	0.011894687	1.11814207920792E-5
1436	0.011904737	1.11822079207921E-5
1437	0.011914731	1.11802524752475E-5
1438	0.011924723	1.11783613861386E-5
1439	0.011934727	1.11889158415842E-5
1440	0.011944728	1.11790643564356E-5
1441	0.011954727	1.10954851485149E-5
1442	0.011974727	1.09966732673267E-5
1443	0.011984727	1.10300643564357E-5
1444	0.011994727	1.11039306930693E-5
1445	0.012004727	1.10544504950495E-5
1446	0.012014727	1.09406485148515E-5
1447	0.012024727	1.08288168316832E-5
1448	0.012034727	1.0786202970297E-5
1449	0.012044727	1.07943168316832E-5
1450	0.012054728	1.0791396039604E-5
1451	0.012064727	1.07915E-5
1452	0.012074725	1.07923613861386E-5
1453	0.012094733	1.07921534653465E-5
1454	0.012104729	1.08414900990099E-5
1455	0.012114688	1.08910742574257E-5
1456	0.012124755	1.0891103960396E-5
1457	0.012134846	1.08910891089109E-5
1458	0.012144344	1.08910940594059E-5
1459	0.012154483	1.08910940594059E-5
1460	0.012166495	1.08910891089109E-5
1461	0.012172311	1.08415841584158E-5
1462	0.01216974	1.07920792079208E-5
1463	0.012173002	1.07920792079208E-5
1464	0.012194578	1.08415841584158E-5
1465	0.012205531	1.08910891089109E-5
1466	0.012214978	1.08910891089109E-5
1467	0.012224965	1.08910891089109E-5
1468	0.012235099	1.08910891089109E-5
1469	0.012245075	1.08910891089109E-5
1470	0.012255052	1.08910891089109E-5
1471	0.012265063	1.08910891089109E-5
1472	0.012275064	1.08910891089109E-5
1473	0.012285061	1.08910891089109E-5
1474	0.012295061	1.08910891089109E-5
1475	0.012315062	1.08910891089109E-5
1476	0.012325062	1.08910891089109E-5
1477	0.012335062	1.08910891089109E-5
1478	0.012345062	1.08910891089109E-5
1479	0.012355062	1.08910891089109E-5
1480	0.012365062	1.08910891089109E-5
1481	0.012375062	1.08910940594059E-5
1482	0.012385062	1.08910841584158E-5
1483	0.012395062	1.08910643564356E-5
1484	0.012405062	1.09406287128713E-5
1485	0.012425062	1.09901584158416E-5
1486	0.012435062	1.0989905940594E-5
1487	0.012445062	1.09407376237624E-5
1488	0.012455062	1.08921584158416E-5
1489	0.012465062	1.08895247524752E-5
1490	0.012475062	1.08875643564357E-5
1491	0.012485062	1.09000148514852E-5
1492	0.012495062	1.08863564356436E-5
1493	0.012505062	1.07931336633663E-5
1494	0.012515062	1.07480247524752E-5
1495	0.012535062	1.0782896039604E-5
1496	0.012545062	1.07978811881188E-5
1497	0.012555062	1.07977079207921E-5
1498	0.012565062	1.07943366336634E-5
1499	0.012575062	1.07455594059406E-5
1500	0.012585062	1.06967277227723E-5
1501	0.012595062	1.06963613861386E-5
1502	0.012605063	1.06960099009901E-5
1503	0.01261506	1.06968663366337E-5
1504	0.012625059	1.0747400990099E-5
1505	0.012645072	1.07934306930693E-5
1506	0.012655064	1.07939405940594E-5
1507	0.012665021	1.08081188118812E-5
1508	0.012675132	1.07728910891089E-5
1509	0.012685208	1.06588069306931E-5
1510	0.0126946	1.05822623762376E-5
1511	0.012704812	1.05401336633663E-5
1512	0.012717115	1.05060693069307E-5
1513	0.012722053	1.05031930693069E-5
1514	0.012718284	1.05502326732673E-5
1515	0.012732941	1.06007574257426E-5
1516	0.012745328	1.06008316831683E-5
1517	0.012755967	1.06006138613862E-5
1518	0.012765292	1.06006831683168E-5
1519	0.012775289	1.0600702970297E-5
1520	0.01278544	1.06006782178218E-5
1521	0.01279541	1.06006782178218E-5
1522	0.012805386	1.05511782178218E-5
1523	0.012815398	1.05511782178218E-5
1524	0.012825397	1.06006831683168E-5
1525	0.012845395	1.06006831683168E-5
1526	0.012855396	1.06006831683168E-5
1527	0.012865397	1.06006831683168E-5
1528	0.012875396	1.06006831683168E-5
1529	0.012885396	1.06006831683168E-5
1530	0.012895396	1.06006782178218E-5
1531	0.012905396	1.06006782178218E-5
1532	0.012915396	1.0650198019802E-5
1533	0.012925396	1.06501683168317E-5
1534	0.012935396	1.06006435643564E-5
1535	0.012955396	1.06008663366337E-5
1536	0.012965396	1.06007376237624E-5
1537	0.012975396	1.05999554455446E-5
1538	0.012985396	1.06019900990099E-5
1539	0.012995396	1.06037871287129E-5
1540	0.013005396	1.05931386138614E-5
1541	0.013015396	1.0653396039604E-5
1542	0.013025396	1.07858465346535E-5
1543	0.013035396	1.08814356435644E-5
1544	0.013055396	1.08574851485149E-5
1545	0.013065396	1.07954603960396E-5
1546	0.013075396	1.07934801980198E-5
1547	0.013085396	1.07962821782178E-5
1548	0.013095396	1.07956831683168E-5
1549	0.013105396	1.07951386138614E-5
1550	0.013115396	1.08448762376238E-5
1551	0.013125396	1.08944405940594E-5
1552	0.013135396	1.08943811881188E-5
1553	0.013155396	1.08943910891089E-5
1554	0.013165396	1.08944059405941E-5
1555	0.013175396	1.0844896039604E-5
1556	0.013185396	1.07953861386139E-5
1557	0.013195396	1.07953861386139E-5
1558	0.013205396	1.07953861386139E-5
1559	0.013215396	1.08448910891089E-5
1560	0.013225396	1.0894396039604E-5
1561	0.013235396	1.0894396039604E-5
1562	0.013255396	1.0894396039604E-5
1563	0.013265396	1.0894396039604E-5
1564	0.013275396	1.0894396039604E-5
1565	0.013285396	1.08448910891089E-5
1566	0.013295396	1.07953861386139E-5
1567	0.013305396	1.08448910891089E-5
1568	0.013315396	1.0894396039604E-5
1569	0.013325396	1.0894396039604E-5
1570	0.013335396	1.0894396039604E-5
1571	0.013355396	1.0894396039604E-5
1572	0.013365396	1.0894396039604E-5
1573	0.013375396	1.0894396039604E-5
1574	0.013385396	1.0894396039604E-5
1575	0.013395396	1.0894396039604E-5
1576	0.013405396	1.0894396039604E-5
1577	0.013415396	1.0894396039604E-5
1578	0.013425396	1.0894396039604E-5
1579	0.013435396	1.0894396039604E-5
1580	0.013455396	1.0894396039604E-5
1581	0.013465396	1.0894396039604E-5
1582	0.013475396	1.08943910891089E-5
1583	0.013485396	1.0894400990099E-5
1584	0.013495396	1.09439257425743E-5
1585	0.013505396	1.09438663366337E-5
1586	0.013515396	1.08943366336634E-5
1587	0.013525396	1.08945891089109E-5
1588	0.013545396	1.08942524752475E-5
1589	0.013555396	1.08933267326733E-5
1590	0.013565396	1.08959603960396E-5
1591	0.013575396	1.08979207920792E-5
1592	0.013585396	1.09349752475248E-5
1593	0.013595396	1.09981386138614E-5
1594	0.013605396	1.10913613861386E-5
1595	0.013615396	1.11364702970297E-5
1596	0.013635396	1.1101599009901E-5
1597	0.013645396	1.10866188118812E-5
1598	0.013655396	1.1086797029703E-5
1599	0.013665396	1.11396584158416E-5
1600	0.013675396	1.11884306930693E-5
