0	19.6	0
22	19.6	0
42	19.6	0
62	19.78	0
82	19.78	0
102	19.6	0
122	19.42	0
142	19.78	0
162	19.42	0
182	18.9	0
202	20.13	0
222	19.42	0
242	19.78	0
262	19.6	0
282	19.95	0
302	19.78	0
322	19.78	0
342	19.78	0
362	19.95	0
382	20.13	0
402	19.78	0
422	20.48	0
442	21.17	0
462	21	-1E-3
482	21	-1E-3
502	21.88	-1E-3
522	22.05	-1E-3
542	22.23	-1E-3
562	22.75	-1E-3
582	23.1	-1E-3
602	23.63	-1E-3
622	23.8	-1E-3
642	24.67	-0.002
662	25.2	-0.002
682	25.73	-0.002
702	26.07	-0.002
722	26.6	-0.002
742	27.48	-0.002
762	28.18	-0.002
782	28.52	-0.002
802	29.22	-0.003
822	29.75	-0.003
842	30.63	-0.003
862	31.32	-0.003
882	32.03	-0.003
902	32.72	-0.003
922	33.6	-0.003
942	34.47	-0.003
962	35.35	-0.003
982	36.05	-0.003
1002	36.92	-0.003
1022	37.8	-0.004
1042	39.02	-0.004
1062	39.73	-0.004
1082	40.77	-0.004
1102	41.83	-0.004
1122	42.88	-0.004
1142	43.75	-0.004
1162	44.97	-0.004
1182	46.03	-0.005
1202	46.55	-0.005
1222	47.95	-0.005
1242	49.17	-0.005
1262	50.05	-0.005
1282	51.45	-0.006
1302	52.5	-0.006
1322	53.72	-0.006
1342	54.95	-0.006
1362	56.52	-0.006
1382	57.57	-0.007
1402	58.98	-0.007
1422	60.38	-0.007
1442	62.13	-0.007
1462	63.17	-0.007
1482	64.57	-0.008
1502	65.97	-0.008
1522	67.2	-0.008
1542	68.43	-0.008
1562	70.18	-0.008
1582	71.93	-0.009
1602	72.98	-0.009
1622	74.55	-0.009
1642	76.3	-0.009
1662	77.7	-0.01
1682	79.28	-0.01
1702	80.85	-0.01
1722	82.07	-0.01
1742	83.65	-0.01
1762	85.4	-0.01
1782	86.97	-0.011
1802	88.55	-0.011
1822	90.65	-0.011
1842	92.22	-0.011
1862	94.15	-0.011
1882	96.07	-0.012
1902	97.82	-0.012
1922	99.93	-0.012
1942	101.68	-0.012
1962	103.6	-0.012
1982	105.35	-0.013
2002	107.1	-0.013
2022	109.03	-0.013
2042	110.95	-0.013
2062	112.53	-0.014
2082	114.45	-0.014
2102	116.38	-0.014
2122	118.47	-0.014
2142	120.22	-0.015
2162	122.32	-0.015
2182	124.43	-0.016
2202	126.53	-0.017
2222	128.63	-0.018
2242	130.72	-0.019
2262	132.83	-0.019
2282	134.93	-0.02
2303	137.38	-0.021
2323	139.13	-0.021
2343	141.57	-0.022
2363	143.32	-0.022
2383	145.6	-0.022
2403	147.88	-0.023
2423	149.97	-0.024
2443	152.43	-0.024
2463	154.35	-0.025
2483	156.62	-0.025
2503	158.9	-0.026
2523	161	-0.026
2543	163.1	-0.027
2563	165.55	-0.027
2583	167.65	-0.028
2603	169.92	-0.028
2623	171.68	-0.029
2644	174.3	-0.029
2664	176.22	-0.03
2684	178.68	-0.03
2704	181.13	-0.031
2724	183.4	-0.031
2744	186.2	-0.032
2764	188.3	-0.032
2784	190.58	-0.032
2804	193.02	-0.033
2824	195.3	-0.033
2844	197.75	-0.033
2864	200.03	-0.034
2884	202.3	-0.034
2904	204.93	-0.035
2924	207.2	-0.035
2944	209.48	-0.036
2964	211.75	-0.036
2984	214.02	-0.037
3004	216.13	-0.037
3024	218.93	-0.037
3045	221.2	-0.037
3065	223.48	-0.037
3085	225.92	-0.037
3105	228.55	-0.037
3125	230.65	-0.037
3145	233.1	-0.037
3165	235.38	-0.037
3185	237.48	-0.037
3205	240.27	-0.037
3226	242.72	-0.037
3251	245.88	-0.037
3276	248.68	-0.037
3296	250.95	-0.037
3316	253.57	-0.037
3336	255.68	-0.037
3356	258.3	-0.037
3376	260.75	-0.037
3396	263.55	-0.037
3416	266	-0.037
3437	268.63	-0.037
3457	271.25	-0.037
3477	273.7	-0.037
3497	275.8	-0.037
3517	278.42	-0.037
3537	280.7	-0.037
3557	282.98	-0.037
3577	285.77	-0.037
3597	288.22	-0.037
3617	290.68	-0.037
3637	293.13	-0.037
3657	295.4	-0.037
3677	297.85	-0.037
3697	300.65	-0.036
3717	303.1	-0.036
3737	305.02	-0.036
3757	307.82	-0.036
3777	310.27	-0.036
3798	312.38	-0.036
3822	315.7	-0.036
3843	318.33	-0.036
3863	320.77	-0.036
3883	323.58	-0.035
3903	326.02	-0.035
3923	328.3	-0.035
3943	330.75	-0.035
3963	333.37	-0.035
3983	336.17	-0.035
4003	338.63	-0.035
4023	340.9	-0.035
4043	343.7	-0.035
4063	346.5	-0.034
4083	348.6	-0.034
4103	351.4	-0.034
4123	353.67	-0.034
4144	355.95	-0.034
4164	358.57	-0.034
4184	361.02	-0.034
4204	363.65	-0.034
4224	366.1	-0.034
4244	368.9	-0.033
4264	371.17	-0.033
4284	373.8	-0.033
4304	376.25	-0.033
4324	378.35	-0.033
4344	381.33	-0.033
4364	383.42	-0.033
4384	386.4	-0.032
4404	388.5	-0.032
4424	391.13	-0.032
4444	393.4	-0.032
4464	396.02	-0.032
4484	398.83	-0.032
4504	401.1	-0.032
4525	403.55	-0.032
4545	405.65	-0.031
4565	408.98	-0.031
4585	411.42	-0.031
4605	414.05	-0.031
4625	415.8	-0.031
4645	418.77	-0.031
4665	421.4	-0.031
4685	423.85	-0.03
4705	426.13	-0.03
4725	428.4	-0.03
4745	431.2	-0.03
4765	433.65	-0.03
4785	436.1	-0.03
4805	438.55	-0.03
4825	441.7	-0.03
4845	443.98	-0.03
4866	446.43	-0.029
4886	448.88	-0.029
4906	451.33	-0.029
4926	453.6	-0.029
4946	456.05	-0.029
4966	458.15	-0.029
4986	461.13	-0.029
5006	463.05	-0.029
5026	465.5	-0.029
5046	468.13	-0.029
5066	470.58	-0.029
5086	473.02	-0.028
5106	474.95	-0.028
5127	477.75	-0.028
5147	480.03	-0.028
5167	482.65	-0.028
5187	484.75	-0.028
5207	487.55	-0.028
5227	489.65	-0.028
5247	491.75	-0.027
5267	494.73	-0.027
5287	496.82	-0.027
5307	499.1	-0.027
5327	501.02	-0.027
5348	503.65	-0.027
5372	506.8	-0.027
5393	509.25	-0.027
5413	511.52	-0.027
5433	514.15	-0.026
5453	516.25	-0.026
5473	518.7	-0.026
5494	520.8	-0.026
5518	524.3	-0.026
5539	525.88	-0.026
5559	528.85	-0.026
5579	530.77	-0.026
5599	533.4	-0.026
5619	535.85	-0.026
5639	537.78	-0.026
5659	540.4	-0.026
5679	543.2	-0.025
5699	545.3	-0.025
5719	547.75	-0.025
5739	549.33	-0.025
5760	552.3	-0.025
5785	554.75	-0.025
5805	557.55	-0.025
5825	559.3	-0.025
5845	561.92	-0.025
5865	564.02	-0.025
5885	566.82	-0.024
5905	568.92	-0.024
5925	570.67	-0.024
5945	573.13	-0.024
5965	575.05	-0.024
5986	577.33	-0.024
6011	580.47	-0.024
6031	582.75	-0.024
6051	585.2	-0.024
6071	587.48	-0.024
6091	589.92	-0.024
6111	592.03	-0.023
6131	593.6	-0.023
6151	595.7	-0.023
6171	598.33	-0.023
6191	600.6	-0.023
6212	603.05	-0.023
6236	606.03	-0.023
6256	607.42	-0.023
6276	609.88	-0.023
6296	612.15	-0.023
6316	614.6	-0.023
6337	616.7	-0.023
6357	619.15	-0.023
6377	620.72	-0.023
6397	623.35	-0.022
6417	625.8	-0.022
6437	628.07	-0.022
6458	629.83	-0.022
6478	631.75	-0.022
6498	634.03	-0.022
6518	636.83	-0.022
6538	639.1	-0.022
6559	641.38	-0.022
6583	643.48	-0.022
6604	646.1	-0.022
6628	649.25	-0.022
6649	650.83	-0.022
6669	652.93	-0.022
6689	655.73	-0.022
6709	658.35	-0.022
6729	659.57	-0.021
6749	662.2	-0.021
6769	663.78	-0.021
6789	666.05	-0.021
6809	668.5	-0.021
6829	670.6	-0.021
6849	672.52	-0.021
6869	674.63	-0.021
6889	677.25	-0.021
6909	679	-0.021
6929	681.45	-0.021
6949	683.55	-0.021
6970	685.47	-0.021
6990	687.58	-0.021
7010	690.03	-0.021
7030	691.42	-0.021
7050	693.88	-0.021
7070	696.33	-0.021
7090	698.25	-0.021
7110	700.35	-0.021
7131	702.28	-0.021
7151	705.08	-0.021
7171	706.83	-0.021
7191	709.1	-0.021
7212	710.85	-0.021
7236	713.83	-0.021
7256	715.92	-0.021
7276	718.38	-0.021
7297	720.13	-0.021
7317	722.58	-0.021
7337	723.97	-0.021
7357	726.08	-0.021
7377	729.05	-0.021
7397	730.45	-0.021
7417	733.07	-0.021
7438	735	-0.021
7462	736.93	-0.021
7482	739.9	-0.021
7502	742	-0.021
7522	743.4	-0.021
7542	746.2	-0.021
7562	748.48	-0.021
7583	750.4	-0.021
7603	752.33	-0.021
7623	754.43	-0.021
7643	756.53	-0.021
7663	758.97	-0.021
7683	761.08	-0.021
7703	763.53	-0.021
7723	765.8	-0.021
7743	767.2	-0.021
7763	769.65	-0.021
7783	771.75	-0.021
7804	773.5	-0.021
7824	776.12	-0.021
7844	778.05	-0.021
7864	779.97	-0.021
7884	781.38	-0.021
7904	783.47	-0.021
7924	785.92	-0.021
7944	787.67	-0.021
7964	789.95	-0.021
7984	792.23	-0.021
8005	794.68	-0.021
8025	795.9	-0.022
8045	798.88	-0.022
8065	800.28	-0.022
8085	802.55	-0.022
8105	804.48	-0.022
8125	806.58	-0.022
8145	809.03	-0.022
8165	811.13	-0.022
8185	812.53	-0.022
8205	814.27	-0.022
8225	817.08	-0.022
8245	819	-0.023
8267	821.1	-0.023
8290	823.55	-0.023
8310	825.47	-0.023
8330	827.4	-0.023
8352	829.33	-0.023
8372	831.42	-0.023
8396	834.22	-0.024
8416	836.15	-0.024
8437	838.77	-0.024
8457	840.52	-0.024
8477	842.27	-0.024
8497	844.9	-0.024
8517	846.82	-0.025
8537	848.75	-0.025
8557	850.33	-0.025
8577	852.95	-0.025
8597	854.53	-0.026
8617	856.45	-0.026
8637	859.08	-0.026
8657	860.83	-0.026
8677	862.75	-0.026
8697	865.03	-0.027
8717	866.77	-0.027
8737	869.4	-0.027
8757	871.5	-0.027
8777	873.78	-0.028
8797	875.17	-0.028
8817	877.1	-0.028
8837	879.73	-0.029
8857	881.48	-0.029
8877	883.4	-0.03
8897	886.2	-0.03
8918	887.95	-0.03
8938	889.35	-0.031
8958	892.33	-0.031
8978	894.08	-0.032
8998	895.83	-0.032
9018	897.58	-0.033
9038	899.85	-0.034
9058	902.13	-0.034
9079	904.4	-0.035
9103	906.68	-0.036
9123	909.3	-0.037
9143	911.05	-0.037
9163	912.63	-0.038
9184	914.73	-0.039
9204	917.17	-0.04
9224	918.58	-0.04
9244	921.2	-0.041
9264	923.3	-0.042
9284	925.05	-0.043
9304	927.67	-0.045
9324	928.9	-0.046
9344	931.35	-0.047
9364	933.45	-0.048
9384	935.38	-0.049
9404	937.83	-0.05
9424	939.57	-0.051
9444	941.15	-0.053
9464	943.95	-0.054
9484	945.17	-0.056
9504	947.8	-0.057
9524	949.55	-0.059
9545	952	-0.06
9565	953.75	-0.062
9585	956.02	-0.064
9605	957.77	-0.066
9625	960.22	-0.068
9645	962.5	-0.069
9665	964.25	-0.071
9685	966	-0.074
9705	967.75	-0.076
9725	970.03	-0.078
9745	972.12	-0.08
9766	974.4	-0.082
9790	976.85	-0.085
9811	978.95	-0.088
9831	981.05	-0.09
9851	983.32	-0.092
9871	985.43	-0.095
9891	987.53	-0.098
9911	989.63	-0.1
9931	991.38	-0.104
9951	993.48	-0.106
9971	996.1	-0.108
9991	997.85	-0.112
10011	999.95	-0.116
10031	1001.35	-0.119
10051	1003.98	-0.122
10071	1006.25	-0.126
10091	1008	-0.129
10111	1009.75	-0.132
10131	1011.68	-0.136
10151	1013.77	-0.14
10171	1016.05	-0.143
10191	1018.67	-0.147
10211	1020.25	-0.151
10231	1022.35	-0.156
10251	1024.63	-0.159
10271	1026.55	-0.164
10291	1028.65	-0.168
10312	1029.7	-0.172
10332	1032.85	-0.177
10352	1034.6	-0.181
10372	1036.7	-0.186
10392	1038.8	-0.19
10412	1040.38	-0.196
10432	1043.18	-0.2
10452	1044.75	-0.206
10472	1047.38	-0.21
10492	1049.48	-0.215
10512	1050.7	-0.221
10532	1053.15	-0.226
10552	1055.43	-0.231
10573	1056.83	-0.237
10593	1059.45	-0.242
10613	1061.55	-0.248
10633	1063.83	-0.253
10653	1065.75	-0.259
10673	1067.85	-0.265
10693	1070.13	-0.271
10713	1072.05	-0.277
10733	1073.8	-0.283
10753	1075.55	-0.289
10773	1078	-0.295
10793	1079.75	-0.302
10813	1081.67	-0.308
10833	1083.78	-0.315
10853	1085.7	-0.321
10874	1088.15	-0.328
10894	1090.25	-0.335
10914	1092.53	-0.341
10934	1094.45	-0.349
10954	1096.55	-0.356
10974	1098.13	-0.363
10994	1100.93	-0.37
11014	1103.03	-0.378
11034	1104.6	-0.385
11054	1106.88	-0.393
11074	1108.8	-0.4
11094	1111.43	-0.408
11114	1113.18	-0.416
11134	1115.28	-0.424
11154	1117.55	-0.432
11174	1119.65	-0.44
11194	1121.57	-0.449
11214	1123.5	-0.457
11234	1125.25	-0.466
11254	1127.35	-0.474
11274	1129.63	-0.483
11294	1131.9	-0.491
11314	1133.65	-0.501
11334	1136.1	-0.51
11355	1137.85	-0.519
11379	1140.3	-0.531
11399	1142.57	-0.54
11420	1144.5	-0.549
11440	1146.77	-0.559
11460	1148.7	-0.569
11480	1150.97	-0.579
11500	1153.08	-0.589
11520	1155.18	-0.599
11540	1157.27	-0.609
11560	1159.72	-0.619
11580	1161.3	-0.629
11600	1163.4	-0.64
11620	1165.5	-0.65
11640	1167.08	-0.66
11660	1169.53	-0.67
11680	1171.8	-0.681
11700	1173.55	-0.691
11720	1175.83	-0.702
11740	1178.28	-0.713
11760	1180.2	-0.724
11781	1181.95	-0.734
11801	1184.05	-0.746
11821	1185.97	-0.757
11841	1188.43	-0.768
11861	1190.7	-0.778
11881	1192.45	-0.789
11901	1194.55	-0.8
11921	1196.65	-0.811
11941	1198.57	-0.822
11961	1200.5	-0.833
11981	1202.78	-0.844
12001	1205.22	-0.855
12021	1207.32	-0.866
12041	1209.43	-0.878
12062	1211.53	-0.889
12082	1213.45	-0.9
12102	1216.07	-0.911
12122	1217.82	-0.922
12142	1219.75	-0.933
12162	1221.85	-0.944
12182	1224.12	-0.956
12202	1226.4	-0.967
12222	1228.32	-0.977
12242	1230.42	-0.988
12262	1232.53	-0.999
12282	1234.27	-1.01
12303	1236.02	-1.02
12323	1238.3	-1.031
12343	1240.75	-1.041
12363	1242.32	-1.052
12383	1244.77	-1.062
12403	1247.05	-1.073
12423	1248.98	-1.083
12443	1251.25	-1.093
12463	1252.65	-1.104
12483	1254.92	-1.114
12503	1257.03	-1.124
12523	1258.78	-1.134
12543	1261.4	-1.143
12563	1263.33	-1.154
12583	1265.25	-1.163
12604	1267.7	-1.172
12624	1269.45	-1.182
12644	1271.2	-1.192
12664	1273.65	-1.201
12684	1275.75	-1.21
12704	1277.85	-1.219
12724	1280.13	-1.229
12744	1281.88	-1.238
12764	1284.33	-1.247
12784	1286.25	-1.255
12804	1288.35	-1.264
12824	1290.8	-1.272
12844	1292.73	-1.281
12864	1295.18	-1.29
12884	1296.93	-1.298
12904	1299.03	-1.306
12925	1301.13	-1.314
12945	1303.22	-1.322
12965	1304.97	-1.33
12985	1307.08	-1.337
13005	1309.35	-1.345
13025	1311.28	-1.352
13045	1313.38	-1.359
13065	1315.83	-1.367
13085	1317.92	-1.373
13105	1319.5	-1.381
13125	1321.43	-1.387
13145	1323.35	-1.394
13165	1325.45	-1.4
13185	1327.9	-1.407
13205	1329.47	-1.412
13225	1331.93	-1.419
13245	1333.85	-1.425
13266	1335.78	-1.431
13286	1338.05	-1.437
13306	1340.32	-1.443
13326	1342.25	-1.449
13346	1344	-1.453
13366	1345.93	-1.459
13386	1348.02	-1.464
13406	1350.3	-1.469
13426	1352.22	-1.475
13446	1354.5	-1.479
13466	1356.6	-1.485
13486	1358.7	-1.489
13507	1360.63	-1.493
13531	1363.43	-1.499
13551	1365.7	-1.504
13572	1367.63	-1.508
13592	1369.55	-1.512
13612	1371.48	-1.517
13632	1373.57	-1.52
13652	1375.68	-1.524
13672	1377.78	-1.528
13692	1380.05	-1.531
13712	1381.98	-1.535
13732	1383.9	-1.539
13752	1386.18	-1.542
13772	1387.93	-1.545
13792	1390.03	-1.548
13812	1392.3	-1.551
13832	1394.05	-1.555
13852	1395.63	-1.558
13872	1396.68	-1.561
13877	1396.85	-1.562
