0	19.6	0	1E-3
20	19.6	0	1E-3
40	20	0	1E-3
60	19.6	0	1E-3
80	19.4	0	1E-3
100	19.6	0	1E-3
120	19.4	0	1E-3
140	19.3	0	1E-3
160	19.1	0	1E-3
180	20	0	1E-3
200	19.4	0	1E-3
220	19.8	0	1E-3
240	19.6	0	1E-3
260	20	0	1E-3
280	19.8	0	1E-3
300	19.6	0	1E-3
320	19.8	0	1E-3
340	20	0	1E-3
360	20.1	0	1E-3
380	20.3	0	1E-3
400	20.5	0	1E-3
420	21.2	0	1E-3
440	20.8	-1E-3	1E-3
460	21.5	-1E-3	1E-3
480	21.5	-1E-3	1E-3
500	22	-1E-3	1E-3
520	22.4	-1E-3	1E-3
540	22.7	-1E-3	1E-3
560	23.1	-1E-3	1E-3
580	23.6	-1E-3	1E-3
600	24.1	-1E-3	1E-3
620	24.7	-0.002	1E-3
640	25.2	-0.002	1E-3
660	25.9	-0.002	1E-3
680	26.3	-0.002	1E-3
700	26.8	-0.002	1E-3
720	27.5	-0.002	1E-3
740	28.2	-0.002	1E-3
760	28.7	-0.003	1E-3
780	29.4	-0.003	1E-3
800	30.1	-0.003	1E-3
820	30.8	-0.003	1E-3
840	31.5	-0.003	1E-3
860	32	-0.003	1E-3
880	32.9	-0.003	1E-3
900	34	-0.003	1E-3
920	34.7	-0.003	1E-3
940	35.3	-0.003	1E-3
960	36	-0.003	1E-3
980	37.5	-0.003	1E-3
1000	38.3	-0.004	1E-3
1020	39.2	-0.004	1E-3
1040	39.9	-0.004	1E-3
1060	41	-0.004	1E-3
1080	42	-0.004	1E-3
1100	43.2	-0.004	1E-3
1120	44.3	-0.004	1E-3
1140	45.1	-0.004	1E-3
1160	46.2	-0.005	1E-3
1180	46.9	-0.005	1E-3
1200	48.3	-0.005	1E-3
1220	49.3	-0.005	1E-3
1240	50.2	-0.005	1E-3
1260	51.6	-0.006	1E-3
1280	52.8	-0.006	1E-3
1300	54.1	-0.006	1E-3
1320	55.5	-0.006	1E-3
1340	56.9	-0.006	1E-3
1360	58.1	-0.007	1E-3
1380	59.3	-0.007	1E-3
1400	60.7	-0.007	1E-3
1420	62.3	-0.007	1E-3
1440	63.5	-0.007	1E-3
1460	64.9	-0.008	1E-3
1480	66.5	-0.008	1E-3
1500	67.7	-0.008	1E-3
1520	68.9	-0.008	1E-3
1540	70.5	-0.008	1E-3
1560	72.3	-0.009	1E-3
1580	73.5	-0.009	1E-3
1600	75.1	-0.009	1E-3
1620	76.8	-0.009	1E-3
1640	77.9	-0.01	1E-3
1660	79.8	-0.01	1E-3
1680	81	-0.01	1E-3
1700	82.6	-0.01	1E-3
1720	84.2	-0.01	1E-3
1740	85.8	-0.01	1E-3
1760	87.3	-0.011	1E-3
1780	89.3	-0.011	1E-3
1800	91.2	-0.011	1E-3
1820	92.6	-0.011	1E-3
1840	94.5	-0.011	1E-3
1860	96.6	-0.012	1E-3
1880	98.3	-0.012	1E-3
1900	100.3	-0.012	1E-3
1920	102	-0.012	1E-3
1940	103.9	-0.012	1E-3
1960	105.9	-0.013	1E-3
1980	107.6	-0.013	1E-3
2000	109.6	-0.013	1E-3
2020	111.3	-0.013	1E-3
2040	113	-0.014	1E-3
2060	114.8	-0.014	1E-3
2080	116.5	-0.014	1E-3
2100	118.5	-0.014	1E-3
2120	120.8	-0.015	1E-3
2140	123	-0.015	1E-3
2160	125	-0.016	1E-3
2180	127.1	-0.017	1E-3
2200	129.1	-0.018	1E-3
2220	131.3	-0.019	1E-3
2240	133.4	-0.019	1E-3
2260	135.6	-0.02	1E-3
2281	137.7	-0.021	1E-3
2301	139.8	-0.021	1E-3
2321	142.5	-0.022	1E-3
2341	143.9	-0.022	1E-3
2361	146.3	-0.023	1E-3
2381	148.4	-0.023	1E-3
2401	150.7	-0.024	1E-3
2421	153.1	-0.024	1E-3
2441	155	-0.025	1E-3
2461	157.1	-0.025	1E-3
2481	159.4	-0.026	1E-3
2501	161.5	-0.026	1E-3
2521	163.8	-0.027	1E-3
2541	166.1	-0.027	1E-3
2561	168.3	-0.028	1E-3
2581	170.3	-0.028	1E-3
2602	172.4	-0.029	1E-3
2622	174.6	-0.029	1E-3
2642	176.9	-0.03	1E-3
2662	179.2	-0.03	1E-3
2682	181.6	-0.031	1E-3
2702	183.9	-0.031	1E-3
2722	186.7	-0.032	1E-3
2742	189	-0.032	1E-3
2762	191.1	-0.032	1E-3
2782	193.6	-0.033	1E-3
2802	195.8	-0.033	1E-3
2822	198.6	-0.033	1E-3
2842	200.4	-0.034	1E-3
2862	202.8	-0.034	1E-3
2882	205.3	-0.035	1E-3
2902	207.7	-0.035	1E-3
2922	210.2	-0.036	1E-3
2942	212.5	-0.036	1E-3
2962	214.6	-0.037	1E-3
2983	216.8	-0.037	1E-3
3003	219.8	-0.037	1E-3
3023	221.7	-0.037	1E-3
3043	224	-0.037	1E-3
3063	226.4	-0.037	1E-3
3083	229.3	-0.037	1E-3
3103	231	-0.037	1E-3
3123	233.8	-0.037	1E-3
3143	235.7	-0.037	1E-3
3163	238.2	-0.037	1E-3
3183	240.8	-0.037	1E-3
3204	243.6	-0.037	1E-3
3224	245.9	-0.037	1E-3
3249	248.7	-0.037	1E-3
3269	250.9	-0.037	1E-3
3289	253.6	-0.037	1E-3
3309	255.7	-0.037	1E-3
3329	258.3	-0.037	1E-3
3349	260.7	-0.037	1E-3
3369	263.5	-0.037	1E-3
3389	266	-0.037	1E-3
3410	268.6	-0.037	1E-3
3430	271.3	-0.037	1E-3
3450	273.7	-0.037	1E-3
3470	275.8	-0.037	1E-3
3490	278.4	-0.037	1E-3
3510	280.7	-0.037	1E-3
3530	283	-0.037	1E-3
3550	285.8	-0.037	1E-3
3570	288.2	-0.037	1E-3
3590	290.7	-0.037	1E-3
3610	293.1	-0.037	1E-3
3630	295.4	-0.037	1E-3
3650	297.9	-0.037	1E-3
3670	300.6	-0.036	1E-3
3690	303.1	-0.036	1E-3
3710	305	-0.036	1E-3
3730	307.8	-0.036	1E-3
3750	310.3	-0.036	1E-3
3771	312.4	-0.036	1E-3
3795	315.7	-0.036	1E-3
3816	318.3	-0.036	1E-3
3836	320.8	-0.036	1E-3
3856	323.6	-0.035	1E-3
3876	326	-0.035	1E-3
3896	328.3	-0.035	1E-3
3916	330.8	-0.035	1E-3
3936	333.4	-0.035	1E-3
3956	336.2	-0.035	1E-3
3976	338.6	-0.035	1E-3
3996	340.9	-0.035	1E-3
4016	343.7	-0.035	1E-3
4036	346.5	-0.034	1E-3
4056	348.6	-0.034	1E-3
4076	351.4	-0.034	1E-3
4096	353.7	-0.034	1E-3
4117	356	-0.034	1E-3
4137	358.6	-0.034	1E-3
4157	361	-0.034	1E-3
4177	363.6	-0.034	1E-3
4197	366.1	-0.034	1E-3
4217	368.9	-0.033	1E-3
4237	371.2	-0.033	1E-3
4257	373.8	-0.033	1E-3
4277	376.3	-0.033	1E-3
4297	378.4	-0.033	1E-3
4317	381.3	-0.033	1E-3
4337	383.4	-0.033	1E-3
4357	386.4	-0.032	1E-3
4377	388.5	-0.032	1E-3
4397	391.1	-0.032	1E-3
4417	393.4	-0.032	1E-3
4437	396	-0.032	1E-3
4457	398.8	-0.032	1E-3
4477	401.1	-0.032	1E-3
4498	403.5	-0.032	1E-3
4518	405.6	-0.031	1E-3
4538	409	-0.031	1E-3
4558	411.4	-0.031	1E-3
4578	414	-0.031	1E-3
4598	415.8	-0.031	1E-3
4618	418.8	-0.031	1E-3
4638	421.4	-0.031	1E-3
4658	423.8	-0.03	1E-3
4678	426.1	-0.03	1E-3
4698	428.4	-0.03	1E-3
4718	431.2	-0.03	1E-3
4738	433.7	-0.03	1E-3
4758	436.1	-0.03	1E-3
4778	438.5	-0.03	1E-3
4798	441.7	-0.03	1E-3
4818	444	-0.03	1E-3
4839	446.4	-0.029	1E-3
4859	448.9	-0.029	1E-3
4879	451.3	-0.029	1E-3
4899	453.6	-0.029	1E-3
4919	456	-0.029	1E-3
4939	458.1	-0.029	1E-3
4959	461.1	-0.029	1E-3
4979	463	-0.029	1E-3
4999	465.5	-0.029	1E-3
5019	468.1	-0.029	1E-3
5039	470.6	-0.029	1E-3
5059	473	-0.028	1E-3
5079	475	-0.028	1E-3
5100	477.8	-0.028	1E-3
5120	480	-0.028	1E-3
5140	482.6	-0.028	1E-3
5160	484.8	-0.028	1E-3
5180	487.6	-0.028	1E-3
5200	489.6	-0.028	1E-3
5220	491.8	-0.027	1E-3
5240	494.7	-0.027	1E-3
5260	496.8	-0.027	1E-3
5280	499.1	-0.027	1E-3
5300	501	-0.027	1E-3
5321	503.7	-0.027	1E-3
5345	506.8	-0.027	1E-3
5366	509.3	-0.027	1E-3
5386	511.5	-0.027	1E-3
5406	514.1	-0.026	1E-3
5426	516.3	-0.026	1E-3
5446	518.7	-0.026	1E-3
5467	520.8	-0.026	1E-3
5491	524.3	-0.026	1E-3
5512	525.9	-0.026	1E-3
5532	528.8	-0.026	1E-3
5552	530.8	-0.026	1E-3
5572	533.4	-0.026	1E-3
5592	535.8	-0.026	1E-3
5612	537.8	-0.026	1E-3
5632	540.4	-0.026	1E-3
5652	543.2	-0.025	1E-3
5672	545.3	-0.025	1E-3
5692	547.8	-0.025	1E-3
5712	549.3	-0.025	1E-3
5733	552.3	-0.025	1E-3
5758	554.8	-0.025	1E-3
5778	557.5	-0.025	1E-3
5798	559.3	-0.025	1E-3
5818	561.9	-0.025	1E-3
5838	564	-0.025	1E-3
5858	566.8	-0.024	1E-3
5878	568.9	-0.024	1E-3
5898	570.7	-0.024	1E-3
5918	573.1	-0.024	1E-3
5938	575.1	-0.024	1E-3
5959	577.3	-0.024	1E-3
5984	580.5	-0.024	1E-3
6004	582.8	-0.024	1E-3
6024	585.2	-0.024	1E-3
6044	587.5	-0.024	1E-3
6064	589.9	-0.024	1E-3
6084	592	-0.023	1E-3
6104	593.6	-0.023	1E-3
6124	595.7	-0.023	1E-3
6144	598.3	-0.023	1E-3
6164	600.6	-0.023	1E-3
6185	603	-0.023	1E-3
6209	606	-0.023	1E-3
6229	607.4	-0.023	1E-3
6249	609.9	-0.023	1E-3
6269	612.1	-0.023	1E-3
6289	614.6	-0.023	1E-3
6310	616.7	-0.023	1E-3
6330	619.2	-0.023	1E-3
6350	620.7	-0.023	1E-3
6370	623.3	-0.022	1E-3
6390	625.8	-0.022	1E-3
6410	628.1	-0.022	1E-3
6431	629.8	-0.022	1E-3
6451	631.7	-0.022	1E-3
6471	634	-0.022	1E-3
6491	636.8	-0.022	1E-3
6511	639.1	-0.022	1E-3
6532	641.4	-0.022	1E-3
6556	643.5	-0.022	1E-3
6577	646.1	-0.022	1E-3
6601	649.3	-0.022	1E-3
6622	650.8	-0.022	1E-3
6642	652.9	-0.022	1E-3
6662	655.7	-0.022	1E-3
6682	658.3	-0.022	1E-3
6702	659.6	-0.021	1E-3
6722	662.2	-0.021	1E-3
6742	663.8	-0.021	1E-3
6762	666	-0.021	1E-3
6782	668.5	-0.021	1E-3
6802	670.6	-0.021	1E-3
6822	672.5	-0.021	1E-3
6842	674.6	-0.021	1E-3
6862	677.3	-0.021	1E-3
6882	679	-0.021	1E-3
6902	681.4	-0.021	1E-3
6922	683.6	-0.021	1E-3
6943	685.5	-0.021	1E-3
6963	687.6	-0.021	1E-3
6983	690	-0.021	1E-3
7003	691.4	-0.021	1E-3
7023	693.9	-0.021	1E-3
7043	696.3	-0.021	1E-3
7063	698.3	-0.021	1E-3
7083	700.4	-0.021	1E-3
7104	702.3	-0.021	1E-3
7124	705.1	-0.021	1E-3
7144	706.8	-0.021	1E-3
7164	709.1	-0.021	1E-3
7185	710.8	-0.021	1E-3
7209	713.8	-0.021	1E-3
7229	715.9	-0.021	1E-3
7249	718.4	-0.021	1E-3
7270	720.1	-0.021	1E-3
7290	722.6	-0.021	1E-3
7310	724	-0.021	1E-3
7330	726.1	-0.021	1E-3
7350	729	-0.021	1E-3
7370	730.5	-0.021	1E-3
7390	733.1	-0.021	1E-3
7411	735	-0.021	1E-3
7435	736.9	-0.021	1E-3
7455	739.9	-0.021	1E-3
7475	742	-0.021	1E-3
7495	743.4	-0.021	1E-3
7515	746.2	-0.021	1E-3
7535	748.5	-0.021	1E-3
7556	750.4	-0.021	1E-3
7576	752.3	-0.021	1E-3
7596	754.4	-0.021	1E-3
7616	756.5	-0.021	1E-3
7636	759	-0.021	1E-3
7656	761.1	-0.021	1E-3
7676	763.5	-0.021	1E-3
7696	765.8	-0.021	1E-3
7716	767.2	-0.021	1E-3
7736	769.6	-0.021	1E-3
7756	771.8	-0.021	1E-3
7777	773.5	-0.021	1E-3
7797	776.1	-0.021	1E-3
7817	778	-0.021	1E-3
7837	780	-0.021	1E-3
7857	781.4	-0.021	1E-3
7877	783.5	-0.021	1E-3
7897	785.9	-0.021	1E-3
7917	787.7	-0.021	1E-3
7937	789.9	-0.021	1E-3
7957	792.2	-0.021	1E-3
7978	794.7	-0.021	1E-3
7998	795.9	-0.022	1E-3
8018	798.9	-0.022	1E-3
8038	800.3	-0.022	1E-3
8058	802.6	-0.022	1E-3
8078	804.5	-0.022	1E-3
8098	806.6	-0.022	1E-3
8118	809	-0.022	1E-3
8138	811.1	-0.022	1E-3
8158	812.5	-0.022	1E-3
8178	814.3	-0.022	1E-3
8198	817.1	-0.022	1E-3
8218	819	-0.023	1E-3
8240	821.1	-0.023	1E-3
8263	823.5	-0.023	1E-3
8283	825.5	-0.023	1E-3
8303	827.4	-0.023	1E-3
8325	829.3	-0.023	1E-3
8345	831.4	-0.023	1E-3
8369	834.2	-0.024	1E-3
8389	836.1	-0.024	1E-3
8410	838.8	-0.024	1E-3
8430	840.5	-0.024	1E-3
8450	842.3	-0.024	1E-3
8470	844.9	-0.024	1E-3
8490	846.8	-0.025	1E-3
8510	848.8	-0.025	1E-3
8530	850.3	-0.025	1E-3
8550	853	-0.025	1E-3
8570	854.5	-0.026	1E-3
8590	856.5	-0.026	1E-3
8610	859.1	-0.026	1E-3
8630	860.8	-0.026	1E-3
8650	862.8	-0.026	1E-3
8670	865	-0.027	1E-3
8690	866.8	-0.027	1E-3
8710	869.4	-0.027	1E-3
8730	871.5	-0.027	1E-3
8750	873.8	-0.028	1E-3
8770	875.2	-0.028	1E-3
8790	877.1	-0.028	1E-3
8810	879.7	-0.029	1E-3
8830	881.5	-0.029	1E-3
8850	883.4	-0.03	1E-3
8870	886.2	-0.03	1E-3
8891	888	-0.03	1E-3
8911	889.3	-0.031	1E-3
8931	892.3	-0.031	1E-3
8951	894.1	-0.032	1E-3
8971	895.8	-0.032	1E-3
8991	897.6	-0.033	1E-3
9011	899.8	-0.034	1E-3
9031	902.1	-0.034	1E-3
9052	904.4	-0.035	1E-3
9076	906.7	-0.036	1E-3
9096	909.3	-0.037	1E-3
9116	911.1	-0.037	1E-3
9136	912.6	-0.038	1E-3
9157	914.7	-0.039	1E-3
9177	917.2	-0.04	1E-3
9197	918.6	-0.04	1E-3
9217	921.2	-0.041	1E-3
9237	923.3	-0.042	1E-3
9257	925	-0.043	1E-3
9277	927.7	-0.045	1E-3
9297	928.9	-0.046	1E-3
9317	931.4	-0.047	1E-3
9337	933.5	-0.048	1E-3
9357	935.4	-0.049	1E-3
9377	937.8	-0.05	1E-3
9397	939.6	-0.051	1E-3
9417	941.2	-0.053	1E-3
9437	943.9	-0.054	1E-3
9457	945.2	-0.056	1E-3
9477	947.8	-0.057	1E-3
9497	949.5	-0.059	1E-3
9518	952	-0.06	1E-3
9538	953.8	-0.062	1E-3
9558	956	-0.064	1E-3
9578	957.8	-0.066	1E-3
9598	960.2	-0.068	1E-3
9618	962.5	-0.069	1E-3
9638	964.3	-0.071	1E-3
9658	966	-0.074	1E-3
9678	967.7	-0.076	1E-3
9698	970	-0.078	1E-3
9718	972.1	-0.08	1E-3
9739	974.4	-0.082	1E-3
9763	976.8	-0.085	1E-3
9784	978.9	-0.088	1E-3
9804	981.1	-0.09	1E-3
9824	983.3	-0.092	1E-3
9844	985.4	-0.095	1E-3
9864	987.5	-0.098	1E-3
9884	989.6	-0.1	1E-3
9904	991.4	-0.104	1E-3
9924	993.5	-0.106	1E-3
9944	996.1	-0.108	1E-3
9964	997.9	-0.112	1E-3
9984	999.9	-0.116	1E-3
10004	1001.3	-0.119	1E-3
10024	1004	-0.122	1E-3
10044	1006.3	-0.126	1E-3
10064	1008	-0.129	1E-3
10084	1009.8	-0.132	1E-3
10104	1011.7	-0.136	1E-3
10124	1013.8	-0.14	1E-3
10144	1016.1	-0.143	1E-3
10164	1018.7	-0.147	1E-3
10184	1020.3	-0.151	1E-3
10204	1022.3	-0.156	1E-3
10224	1024.6	-0.159	1E-3
10244	1026.6	-0.164	1E-3
10264	1028.6	-0.168	1E-3
10285	1029.7	-0.172	1E-3
10305	1032.8	-0.177	1E-3
10325	1034.6	-0.181	1E-3
10345	1036.7	-0.186	1E-3
10365	1038.8	-0.19	1E-3
10385	1040.4	-0.196	1E-3
10405	1043.2	-0.2	1E-3
10425	1044.8	-0.206	1E-3
10445	1047.4	-0.21	1E-3
10465	1049.5	-0.215	1E-3
10485	1050.7	-0.221	1E-3
10505	1053.2	-0.226	1E-3
10525	1055.4	-0.231	1E-3
10546	1056.8	-0.237	1E-3
10566	1059.5	-0.242	1E-3
10586	1061.5	-0.248	1E-3
10606	1063.8	-0.253	1E-3
10626	1065.8	-0.259	1E-3
10646	1067.8	-0.265	1E-3
10666	1070.1	-0.271	1E-3
10686	1072	-0.277	1E-3
10706	1073.8	-0.283	1E-3
10726	1075.6	-0.289	1E-3
10746	1078	-0.295	1E-3
10766	1079.8	-0.302	1E-3
10786	1081.7	-0.308	1E-3
10806	1083.8	-0.315	1E-3
10826	1085.7	-0.321	1E-3
10847	1088.2	-0.328	1E-3
10867	1090.3	-0.335	1E-3
10887	1092.5	-0.341	1E-3
10907	1094.4	-0.349	1E-3
10927	1096.6	-0.356	1E-3
10947	1098.1	-0.363	1E-3
10967	1100.9	-0.37	1E-3
10987	1103	-0.378	1E-3
11007	1104.6	-0.385	1E-3
11027	1106.9	-0.393	1E-3
11047	1108.8	-0.4	1E-3
11067	1111.4	-0.408	1E-3
11087	1113.2	-0.416	1E-3
11107	1115.3	-0.424	1E-3
11127	1117.5	-0.432	1E-3
11147	1119.7	-0.44	1E-3
11167	1121.6	-0.449	1E-3
11187	1123.5	-0.457	1E-3
11207	1125.3	-0.466	1E-3
11227	1127.3	-0.474	1E-3
11247	1129.6	-0.483	1E-3
11267	1131.9	-0.491	1E-3
11287	1133.6	-0.501	1E-3
11307	1136.1	-0.51	1E-3
11328	1137.8	-0.519	1E-3
11352	1140.3	-0.531	1E-3
11372	1142.6	-0.54	1E-3
11393	1144.5	-0.549	1E-3
11413	1146.8	-0.559	1E-3
11433	1148.7	-0.569	1E-3
11453	1151	-0.579	1E-3
11473	1153.1	-0.589	1E-3
11493	1155.2	-0.599	1E-3
11513	1157.3	-0.609	1E-3
11533	1159.7	-0.619	1E-3
11553	1161.3	-0.629	1E-3
11573	1163.4	-0.64	1E-3
11593	1165.5	-0.65	1E-3
11613	1167.1	-0.66	1E-3
11633	1169.5	-0.67	1E-3
11653	1171.8	-0.681	1E-3
11673	1173.6	-0.691	1E-3
11693	1175.8	-0.702	1E-3
11713	1178.3	-0.713	1E-3
11733	1180.2	-0.724	1E-3
11754	1182	-0.734	1E-3
11774	1184.1	-0.746	1E-3
11794	1186	-0.757	1E-3
11814	1188.4	-0.768	1E-3
11834	1190.7	-0.778	1E-3
11854	1192.4	-0.789	1E-3
11874	1194.6	-0.8	1E-3
11894	1196.7	-0.811	1E-3
11914	1198.6	-0.822	1E-3
11934	1200.5	-0.833	1E-3
11954	1202.8	-0.844	1E-3
11974	1205.2	-0.855	1E-3
11994	1207.3	-0.866	1E-3
12014	1209.4	-0.878	1E-3
12035	1211.5	-0.889	1E-3
12055	1213.4	-0.9	1E-3
12075	1216.1	-0.911	1E-3
12095	1217.8	-0.922	1E-3
12115	1219.8	-0.933	1E-3
12135	1221.8	-0.944	1E-3
12155	1224.1	-0.956	1E-3
12175	1226.4	-0.967	1E-3
12195	1228.3	-0.977	1E-3
12215	1230.4	-0.988	1E-3
12235	1232.5	-0.999	1E-3
12255	1234.3	-1.01	1E-3
12276	1236	-1.02	1E-3
12296	1238.3	-1.031	1E-3
12316	1240.8	-1.041	1E-3
12336	1242.3	-1.052	1E-3
12356	1244.8	-1.062	1E-3
12376	1247	-1.073	1E-3
12396	1249	-1.083	1E-3
12416	1251.3	-1.093	1E-3
12436	1252.7	-1.104	1E-3
12456	1254.9	-1.114	1E-3
12476	1257	-1.124	1E-3
12496	1258.8	-1.134	1E-3
12516	1261.4	-1.143	1E-3
12536	1263.3	-1.154	1E-3
12556	1265.3	-1.163	1E-3
12577	1267.7	-1.172	1E-3
12597	1269.5	-1.182	1E-3
12617	1271.2	-1.192	1E-3
12637	1273.7	-1.201	1E-3
12657	1275.8	-1.21	1E-3
12677	1277.8	-1.219	1E-3
12697	1280.1	-1.229	1E-3
12717	1281.9	-1.238	1E-3
12737	1284.3	-1.247	1E-3
12757	1286.3	-1.255	1E-3
12777	1288.4	-1.264	1E-3
12797	1290.8	-1.272	1E-3
12817	1292.7	-1.281	1E-3
12837	1295.2	-1.29	1E-3
12857	1296.9	-1.298	1E-3
12877	1299	-1.306	1E-3
12898	1301.1	-1.314	1E-3
12918	1303.2	-1.322	1E-3
12938	1305	-1.33	1E-3
12958	1307.1	-1.337	1E-3
12978	1309.3	-1.345	1E-3
12998	1311.3	-1.352	1E-3
13018	1313.4	-1.359	1E-3
13038	1315.8	-1.367	1E-3
13058	1317.9	-1.373	1E-3
13078	1319.5	-1.381	1E-3
13098	1321.4	-1.387	1E-3
13118	1323.3	-1.394	1E-3
13138	1325.4	-1.4	1E-3
13158	1327.9	-1.407	1E-3
13178	1329.5	-1.412	1E-3
13198	1331.9	-1.419	1E-3
13218	1333.8	-1.425	1E-3
13239	1335.8	-1.431	1E-3
13259	1338	-1.437	1E-3
13279	1340.3	-1.443	1E-3
13299	1342.2	-1.449	1E-3
13319	1344	-1.453	1E-3
13339	1345.9	-1.459	1E-3
13359	1348	-1.464	1E-3
13379	1350.3	-1.469	1E-3
13399	1352.2	-1.475	1E-3
13419	1354.5	-1.479	1E-3
13439	1356.6	-1.485	1E-3
13459	1358.7	-1.489	1E-3
13480	1360.6	-1.493	1E-3
13504	1363.4	-1.499	1E-3
13524	1365.7	-1.504	1E-3
13545	1367.6	-1.508	1E-3
13565	1369.6	-1.512	1E-3
13585	1371.5	-1.517	1E-3
13605	1373.6	-1.52	1E-3
13625	1375.7	-1.524	1E-3
13645	1377.8	-1.528	1E-3
13665	1380.1	-1.531	1E-3
13685	1382	-1.535	1E-3
13705	1383.9	-1.539	1E-3
13725	1386.2	-1.542	1E-3
13745	1387.9	-1.545	1E-3
13765	1390	-1.548	1E-3
13785	1392.3	-1.551	1E-3
13805	1394.1	-1.555	1E-3
13825	1395.6	-1.558	1E-3
13871	1387.4	-1.567	1E-3
13891	1393.7	-1.566	1E-3
13911	1395.4	-1.569	1E-3
13931	1395.3	-1.571	1E-3
13951	1394.4	-1.573	1E-3
13971	1392.8	-1.575	1E-3
13991	1390.7	-1.578	1E-3
14011	1388.8	-1.579	1E-3
14031	1386.2	-1.581	1E-3
14051	1383.4	-1.582	1E-3
14071	1380.2	-1.583	1E-3
14091	1377.2	-1.584	1E-3
14111	1374.1	-1.586	1E-3
14131	1370.8	-1.586	1E-3
14151	1367.6	-1.587	1E-3
14171	1364.5	-1.588	1E-3
14191	1361.1	-1.589	1E-3
14211	1357.8	-1.59	1E-3
14232	1354.3	-1.59	1E-3
14256	1350.3	-1.591	1E-3
14276	1347	-1.592	1E-3
14296	1343.8	-1.592	1E-3
14316	1340.7	-1.593	1E-3
14337	1337.3	-1.594	1E-3
14357	1334.2	-1.594	1E-3
14378	1330.9	-1.595	1E-3
14398	1327.6	-1.595	1E-3
14418	1324.1	-1.596	1E-3
14438	1320.9	-1.596	1E-3
14459	1317.6	-1.597	1E-3
14483	1313.7	-1.597	1E-3
14503	1310.2	-1.597	1E-3
14523	1307.1	-1.598	1E-3
14543	1303.9	-1.598	1E-3
14563	1300.4	-1.598	1E-3
14583	1297.4	-1.598	1E-3
14603	1294.3	-1.599	1E-3
14624	1291.2	-1.599	1E-3
14644	1287.7	-1.599	1E-3
14664	1284.3	-1.6	1E-3
14684	1281	-1.6	1E-3
14704	1277.7	-1.6	1E-3
14724	1274.9	-1.6	1E-3
14744	1271.6	-1.6	1E-3
14764	1268.2	-1.601	1E-3
14784	1264.9	-1.601	1E-3
14804	1261.6	-1.601	1E-3
14824	1258.6	-1.601	1E-3
14844	1255.1	-1.602	1E-3
14865	1252.1	-1.602	1E-3
14889	1247.9	-1.602	1E-3
14909	1244.9	-1.603	1E-3
14930	1241.6	-1.603	1E-3
14950	1238.3	-1.603	1E-3
14970	1235	-1.604	1E-3
14990	1231.6	-1.604	1E-3
15010	1228.8	-1.604	1E-3
15030	1225.3	-1.604	1E-3
15050	1222.2	-1.605	1E-3
15070	1219.1	-1.605	1E-3
15090	1215.9	-1.605	1E-3
15110	1212.4	-1.605	1E-3
15130	1209.1	-1.606	1E-3
15150	1206.1	-1.606	1E-3
15170	1202.8	-1.606	1E-3
15190	1199.5	-1.606	1E-3
15210	1196.1	-1.607	1E-3
15230	1193	-1.607	1E-3
15251	1189.7	-1.607	1E-3
15271	1186.8	-1.607	1E-3
15291	1183.5	-1.607	1E-3
15311	1180.2	-1.608	1E-3
15331	1177.1	-1.608	1E-3
15351	1174.1	-1.608	1E-3
15372	1170.6	-1.608	1E-3
15392	1167.4	-1.609	1E-3
15412	1164.3	-1.609	1E-3
15432	1161.1	-1.609	1E-3
15452	1157.8	-1.609	1E-3
15472	1154.7	-1.609	1E-3
15492	1151.1	-1.61	1E-3
15512	1148	-1.61	1E-3
15532	1145	-1.61	1E-3
15552	1141.9	-1.61	1E-3
15572	1138.7	-1.61	1E-3
15592	1135.4	-1.61	1E-3
15612	1132.1	-1.611	1E-3
15632	1129.1	-1.611	1E-3
15652	1125.8	-1.611	1E-3
15672	1122.8	-1.611	1E-3
15692	1119.8	-1.611	1E-3
15712	1116.7	-1.612	1E-3
15733	1113.2	-1.612	1E-3
15753	1109.8	-1.612	1E-3
15773	1106.5	-1.612	1E-3
15793	1103.4	-1.612	1E-3
15813	1100.4	-1.613	1E-3
15833	1097.3	-1.613	1E-3
15853	1094.4	-1.613	1E-3
15873	1090.9	-1.613	1E-3
15893	1087.8	-1.614	1E-3
15913	1084.5	-1.614	1E-3
15933	1081	-1.614	1E-3
15953	1078	-1.614	1E-3
15973	1074.8	-1.615	1E-3
15993	1071.7	-1.615	1E-3
16013	1068.4	-1.615	1E-3
16034	1065.2	-1.615	1E-3
16054	1062.1	-1.616	1E-3
16074	1058.9	-1.616	1E-3
16094	1055.4	-1.616	1E-3
16114	1052.6	-1.616	1E-3
16134	1049.1	-1.617	1E-3
16154	1046.2	-1.617	1E-3
16174	1042.8	-1.617	1E-3
16194	1039.5	-1.618	1E-3
16214	1036.2	-1.618	1E-3
16234	1033.4	-1.618	1E-3
16254	1030	-1.618	1E-3
16275	1026.9	-1.618	1E-3
16295	1023.7	-1.619	1E-3
16315	1020.4	-1.619	1E-3
16335	1017.1	-1.619	1E-3
16355	1014.1	-1.619	1E-3
16375	1011	-1.619	1E-3
16395	1007.8	-1.62	1E-3
16415	1004.8	-1.62	1E-3
16435	1001.7	-1.62	1E-3
16455	998.6	-1.62	1E-3
16475	995.4	-1.62	1E-3
16495	992.3	-1.621	1E-3
16515	989.3	-1.621	1E-3
16536	986.1	-1.621	1E-3
16556	982.6	-1.621	1E-3
16576	979.5	-1.622	1E-3
16596	976.5	-1.622	1E-3
16616	973	-1.622	1E-3
16636	969.8	-1.622	1E-3
16656	966.7	-1.623	1E-3
16676	963.7	-1.623	1E-3
16696	960.6	-1.623	1E-3
16716	957.3	-1.623	1E-3
16737	953.9	-1.624	1E-3
16757	951	-1.624	1E-3
16777	947.5	-1.624	1E-3
16797	944.6	-1.624	1E-3
16817	941.5	-1.624	1E-3
16837	938.3	-1.625	1E-3
16857	935.2	-1.625	1E-3
16877	931.9	-1.625	1E-3
16897	928.6	-1.625	1E-3
16917	925.2	-1.626	1E-3
16937	922.3	-1.626	1E-3
16958	919.1	-1.626	1E-3
16978	916	-1.626	1E-3
16998	913	-1.626	1E-3
17018	909.7	-1.627	1E-3
17038	906.7	-1.627	1E-3
17058	903.4	-1.627	1E-3
17078	900.4	-1.627	1E-3
17098	897.4	-1.627	1E-3
17118	894.2	-1.628	1E-3
17138	891.1	-1.628	1E-3
17158	888	-1.628	1E-3
17178	884.8	-1.628	1E-3
17199	881.7	-1.628	1E-3
17219	878.7	-1.629	1E-3
17243	875.2	-1.629	1E-3
17264	871.7	-1.629	1E-3
17284	868.3	-1.629	1E-3
17304	865.4	-1.629	1E-3
17324	862	-1.629	1E-3
17344	859.1	-1.63	1E-3
17365	855.8	-1.63	1E-3
17385	852.8	-1.63	1E-3
17405	849.8	-1.63	1E-3
17425	846.3	-1.63	1E-3
17445	843.3	-1.631	1E-3
17465	840.2	-1.631	1E-3
17486	836.8	-1.631	1E-3
17510	832.8	-1.631	1E-3
17530	830.2	-1.632	1E-3
17550	827	-1.632	1E-3
17570	823.7	-1.632	1E-3
17590	820.8	-1.632	1E-3
17610	817.4	-1.632	1E-3
17630	814.3	-1.633	1E-3
17651	811	-1.633	1E-3
17676	807.6	-1.633	1E-3
17696	804.3	-1.633	1E-3
17716	801	-1.633	1E-3
17736	797.8	-1.634	1E-3
17756	794.8	-1.634	1E-3
17776	791.9	-1.634	1E-3
17796	788.6	-1.634	1E-3
17816	785.8	-1.635	1E-3
17836	782.8	-1.635	1E-3
17856	779.6	-1.635	1E-3
17876	776.7	-1.635	1E-3
17896	773.5	-1.635	1E-3
17916	770.3	-1.636	1E-3
17936	767.4	-1.636	1E-3
17956	764	-1.636	1E-3
17977	761.3	-1.636	1E-3
17997	758.1	-1.636	1E-3
18018	754.8	-1.637	1E-3
18038	751.8	-1.636	1E-3
18062	747.8	-1.636	1E-3
18082	744.8	-1.636	1E-3
18102	741.7	-1.637	1E-3
18122	738.7	-1.637	1E-3
18142	735.9	-1.637	1E-3
18162	732.5	-1.637	1E-3
18182	729.6	-1.637	1E-3
18202	726.4	-1.637	1E-3
18222	723.5	-1.638	1E-3
18242	720.3	-1.638	1E-3
18262	717.3	-1.638	1E-3
18282	714.3	-1.638	1E-3
18302	711.7	-1.638	1E-3
18323	708.6	-1.638	1E-3
18343	705.8	-1.638	1E-3
18363	702.8	-1.639	1E-3
18383	699.7	-1.639	1E-3
18403	696.9	-1.639	1E-3
18423	693.9	-1.639	1E-3
18443	691.3	-1.639	1E-3
18463	688.6	-1.639	1E-3
18483	685.7	-1.639	1E-3
18503	683	-1.64	1E-3
18523	680.2	-1.64	1E-3
18543	677.4	-1.64	1E-3
18563	674.8	-1.64	1E-3
18583	672	-1.64	1E-3
18603	669.2	-1.64	1E-3
18623	666.7	-1.64	1E-3
18643	663.9	-1.641	1E-3
18663	661.5	-1.641	1E-3
18683	659	-1.641	1E-3
18703	656.1	-1.641	1E-3
18723	653.6	-1.641	1E-3
18743	650.8	-1.641	1E-3
18763	648.2	-1.642	1E-3
18783	645.8	-1.642	1E-3
18803	643.3	-1.642	1E-3
18823	640.7	-1.642	1E-3
18843	638.2	-1.642	1E-3
18863	635.4	-1.642	1E-3
18883	633.2	-1.643	1E-3
18903	630.5	-1.643	1E-3
18923	628.1	-1.643	1E-3
18943	625.3	-1.643	1E-3
18963	623.2	-1.643	1E-3
18983	620.7	-1.644	1E-3
19003	618.3	-1.644	1E-3
19024	616	-1.644	1E-3
19044	613.4	-1.644	1E-3
19064	611.1	-1.644	1E-3
19084	608.8	-1.645	1E-3
19104	606.2	-1.645	1E-3
19124	604.3	-1.645	1E-3
19144	601.7	-1.645	1E-3
19164	599.4	-1.645	1E-3
19184	597.1	-1.645	1E-3
19204	594.8	-1.646	1E-3
19224	592.5	-1.646	1E-3
19244	590.3	-1.646	1E-3
19264	588.2	-1.646	1E-3
19284	586.3	-1.646	1E-3
19304	583.6	-1.647	1E-3
19324	581.4	-1.647	1E-3
19344	579.2	-1.647	1E-3
19364	576.8	-1.647	1E-3
19384	574.9	-1.647	1E-3
19404	572.8	-1.647	1E-3
19424	570.7	-1.647	1E-3
19444	568.6	-1.648	1E-3
19464	566.3	-1.648	1E-3
19484	564.5	-1.648	1E-3
19504	562.3	-1.648	1E-3
19524	560	-1.648	1E-3
19544	557.9	-1.648	1E-3
19564	555.8	-1.648	1E-3
19584	553.7	-1.649	1E-3
19604	551.6	-1.649	1E-3
19624	549.7	-1.649	1E-3
19644	547.6	-1.649	1E-3
19664	545.5	-1.649	1E-3
19684	543.4	-1.649	1E-3
19704	541.1	-1.649	1E-3
19724	539	-1.649	1E-3
19744	537.1	-1.649	1E-3
19764	535	-1.649	1E-3
19784	532.9	-1.65	1E-3
19804	530.8	-1.65	1E-3
19824	528.7	-1.65	1E-3
19844	526.9	-1.65	1E-3
19865	525.4	-1.65	1E-3
19885	523.1	-1.65	1E-3
19905	521	-1.65	1E-3
19925	519	-1.65	1E-3
19945	517	-1.65	1E-3
19965	515.2	-1.651	1E-3
19985	513.3	-1.651	1E-3
20005	511	-1.65	1E-3
20025	509.3	-1.65	1E-3
20045	507.3	-1.651	1E-3
20065	505.6	-1.651	1E-3
20085	503.3	-1.651	1E-3
20105	501.7	-1.651	1E-3
20125	499.8	-1.651	1E-3
20145	498	-1.651	1E-3
20165	496.3	-1.651	1E-3
20185	494.2	-1.651	1E-3
20205	492.4	-1.651	1E-3
20225	490.7	-1.651	1E-3
20245	488.9	-1.652	1E-3
20265	487	-1.652	1E-3
20285	485.1	-1.652	1E-3
20305	483.2	-1.652	1E-3
20325	481.6	-1.652	1E-3
20345	479.7	-1.652	1E-3
20365	478.3	-1.652	1E-3
20385	476.3	-1.652	1E-3
20405	474.6	-1.653	1E-3
20425	472.7	-1.653	1E-3
20445	471.1	-1.653	1E-3
20465	469.4	-1.653	1E-3
20485	467.4	-1.653	1E-3
20505	465.7	-1.653	1E-3
20525	463.9	-1.653	1E-3
20545	462.4	-1.654	1E-3
20565	460.6	-1.654	1E-3
20585	459	-1.654	1E-3
20606	456.9	-1.654	1E-3
20626	455.5	-1.654	1E-3
20646	453.8	-1.654	1E-3
20666	452.2	-1.654	1E-3
20686	450.6	-1.654	1E-3
20706	448.9	-1.655	1E-3
20726	447.3	-1.655	1E-3
20746	445.7	-1.655	1E-3
20766	444.1	-1.655	1E-3
20786	442.2	-1.655	1E-3
20806	440.5	-1.655	1E-3
20826	438.7	-1.655	1E-3
20846	437.1	-1.655	1E-3
20866	435.6	-1.656	1E-3
20886	433.8	-1.656	1E-3
20906	432.1	-1.656	1E-3
20926	430.3	-1.656	1E-3
20946	429.1	-1.656	1E-3
20966	427.7	-1.656	1E-3
20986	426	-1.656	1E-3
21006	424.2	-1.656	1E-3
21026	422.6	-1.657	1E-3
21046	421	-1.657	1E-3
21066	419.3	-1.657	1E-3
21121	415.1	-1.657	1E-3
21141	413.4	-1.657	1E-3
21161	411.8	-1.657	1E-3
21181	410.2	-1.658	1E-3
21201	408.6	-1.658	1E-3
21221	407.2	-1.658	1E-3
21241	405.8	-1.658	1E-3
21261	404.3	-1.658	1E-3
21282	402.7	-1.658	1E-3
21302	401.3	-1.658	1E-3
21322	399.7	-1.658	1E-3
21342	398.1	-1.658	1E-3
21362	396.7	-1.659	1E-3
21382	395.3	-1.659	1E-3
21402	393.8	-1.659	1E-3
21422	392.2	-1.659	1E-3
21442	390.6	-1.659	1E-3
21462	389.4	-1.659	1E-3
21482	387.8	-1.659	1E-3
21502	386.2	-1.659	1E-3
21522	384.8	-1.659	1E-3
21542	383.4	-1.659	1E-3
21562	381.9	-1.66	1E-3
21582	380.6	-1.66	1E-3
21602	379	-1.66	1E-3
21622	378	-1.66	1E-3
21642	376.4	-1.66	1E-3
21662	375	-1.66	1E-3
21682	373.6	-1.66	1E-3
21702	372.2	-1.66	1E-3
21722	370.8	-1.66	1E-3
21742	369.4	-1.661	1E-3
21762	367.9	-1.661	1E-3
21782	366.6	-1.661	1E-3
21802	365.2	-1.661	1E-3
21822	363.8	-1.661	1E-3
21843	362.4	-1.661	1E-3
21867	360.9	-1.661	1E-3
21887	359.5	-1.661	1E-3
21908	357.9	-1.661	1E-3
21928	356.6	-1.661	1E-3
21948	355.4	-1.661	1E-3
21968	354	-1.661	1E-3
21988	352.8	-1.662	1E-3
22008	351.6	-1.662	1E-3
22028	350.2	-1.662	1E-3
22048	348.8	-1.662	1E-3
22068	347.6	-1.662	1E-3
22088	346.2	-1.662	1E-3
22108	344.8	-1.662	1E-3
22128	343.4	-1.662	1E-3
22148	342.1	-1.662	1E-3
22168	340.7	-1.662	1E-3
22188	339.5	-1.662	1E-3
22208	337.9	-1.663	1E-3
22228	336.7	-1.663	1E-3
22248	335.3	-1.663	1E-3
22268	334.1	-1.663	1E-3
22288	332.9	-1.663	1E-3
22308	331.5	-1.663	1E-3
22328	330.2	-1.663	1E-3
22348	329	-1.663	1E-3
22368	328	-1.664	1E-3
22388	326.5	-1.664	1E-3
22408	325.3	-1.664	1E-3
22428	324.1	-1.664	1E-3
22448	322.7	-1.664	1E-3
22468	321.5	-1.664	1E-3
22488	320.3	-1.664	1E-3
22508	319	-1.664	1E-3
22528	317.8	-1.664	1E-3
22548	316.4	-1.664	1E-3
22568	315.4	-1.664	1E-3
22588	314.1	-1.664	1E-3
22608	312.9	-1.665	1E-3
22629	311.7	-1.665	1E-3
22653	309.9	-1.665	1E-3
22673	308.7	-1.665	1E-3
22694	307.5	-1.665	1E-3
22718	306.1	-1.665	1E-3
22738	305.2	-1.665	1E-3
22759	303.8	-1.665	1E-3
22779	302.9	-1.665	1E-3
22799	301.9	-1.665	1E-3
22819	300.5	-1.665	1E-3
22839	299.4	-1.666	1E-3
22859	298.2	-1.666	1E-3
22879	297	-1.666	1E-3
22899	295.9	-1.666	1E-3
22919	294.7	-1.666	1E-3
22939	293.5	-1.666	1E-3
22959	292.4	-1.666	1E-3
22979	291.2	-1.666	1E-3
22999	290.3	-1.666	1E-3
23019	289.1	-1.666	1E-3
23039	287.7	-1.666	1E-3
23059	286.8	-1.666	1E-3
23079	285.8	-1.666	1E-3
23099	284.5	-1.667	1E-3
23119	283.7	-1.667	1E-3
23139	282.4	-1.667	1E-3
23159	281.4	-1.667	1E-3
23179	280.2	-1.667	1E-3
23199	279.3	-1.667	1E-3
23219	278.4	-1.667	1E-3
23239	277.6	-1.667	1E-3
23259	276.3	-1.667	1E-3
23279	275.3	-1.668	1E-3
23299	274.2	-1.668	1E-3
23319	273.2	-1.668	1E-3
23339	272.1	-1.668	1E-3
23359	270.9	-1.668	1E-3
23379	269.9	-1.668	1E-3
23399	268.6	-1.668	1E-3
23419	267.8	-1.668	1E-3
23439	266.7	-1.668	1E-3
23459	265.7	-1.668	1E-3
23479	264.6	-1.668	1E-3
23499	263.5	-1.668	1E-3
23520	262.5	-1.668	1E-3
23540	261.4	-1.668	1E-3
23560	260	-1.668	1E-3
23580	259.2	-1.669	1E-3
23600	258.1	-1.669	1E-3
23620	257.1	-1.669	1E-3
23640	256	-1.669	1E-3
23660	255.1	-1.669	1E-3
23680	254.3	-1.669	1E-3
23700	253.2	-1.669	1E-3
23720	252.2	-1.669	1E-3
23740	251.3	-1.669	1E-3
23760	250.1	-1.669	1E-3
23780	249.4	-1.669	1E-3
23800	248	-1.669	1E-3
23820	247.1	-1.669	1E-3
23840	246.1	-1.669	1E-3
23860	245	-1.67	1E-3
23881	243.9	-1.67	1E-3
23905	242.9	-1.67	1E-3
23926	242	-1.67	1E-3
23946	240.8	-1.67	1E-3
23966	239.9	-1.67	1E-3
23986	239.1	-1.67	1E-3
24006	238.2	-1.67	1E-3
24026	237.1	-1.67	1E-3
24046	236.1	-1.67	1E-3
24066	235.4	-1.67	1E-3
24086	234.3	-1.67	1E-3
24106	233.5	-1.67	1E-3
24126	232.4	-1.67	1E-3
24146	231.5	-1.67	1E-3
24166	230.6	-1.67	1E-3
24186	229.6	-1.671	1E-3
24206	228.9	-1.671	1E-3
24226	228	-1.671	1E-3
24246	227	-1.671	1E-3
24266	226.3	-1.671	1E-3
24286	225.4	-1.671	1E-3
24306	224.5	-1.671	1E-3
24326	223.5	-1.671	1E-3
24346	222.8	-1.671	1E-3
24366	221.9	-1.671	1E-3
24386	220.9	-1.671	1E-3
24406	220	-1.671	1E-3
24426	219.1	-1.672	1E-3
24446	218.4	-1.672	1E-3
24466	217.5	-1.672	1E-3
24486	216.3	-1.672	1E-3
24506	215.6	-1.672	1E-3
24526	214.7	-1.672	1E-3
24546	213.9	-1.672	1E-3
24566	213	-1.672	1E-3
24586	212.3	-1.672	1E-3
24606	211.4	-1.672	1E-3
24626	210.5	-1.672	1E-3
24646	209.8	-1.672	1E-3
24666	208.9	-1.672	1E-3
24686	208.1	-1.672	1E-3
24706	207.2	-1.672	1E-3
24726	206.5	-1.673	1E-3
24746	205.8	-1.673	1E-3
24766	204.9	-1.673	1E-3
24787	204.1	-1.673	1E-3
24807	203.2	-1.673	1E-3
24827	202.5	-1.673	1E-3
24847	201.8	-1.673	1E-3
24867	201.1	-1.673	1E-3
24887	200.2	-1.673	1E-3
24907	199.2	-1.673	1E-3
24927	198.6	-1.673	1E-3
24947	197.8	-1.673	1E-3
24967	196.9	-1.674	1E-3
24987	196	-1.674	1E-3
25007	195.1	-1.674	1E-3
25027	194.1	-1.674	1E-3
25047	193.6	-1.674	1E-3
25067	192.9	-1.674	1E-3
25087	192	-1.674	1E-3
25107	191.1	-1.674	1E-3
25127	190.2	-1.674	1E-3
25147	189.3	-1.674	1E-3
25167	188.8	-1.674	1E-3
25187	187.9	-1.674	1E-3
25207	187.4	-1.674	1E-3
25227	186.4	-1.674	1E-3
25247	185.7	-1.675	1E-3
25267	185	-1.675	1E-3
25287	184.3	-1.675	1E-3
25307	183.6	-1.675	1E-3
25327	182.7	-1.675	1E-3
25347	182	-1.675	1E-3
25367	181.3	-1.675	1E-3
25387	180.4	-1.675	1E-3
25407	179.7	-1.675	1E-3
25427	179	-1.675	1E-3
25447	178.3	-1.675	1E-3
25467	177.5	-1.675	1E-3
25487	176.8	-1.675	1E-3
25507	176.2	-1.675	1E-3
25527	175.7	-1.675	1E-3
25547	174.8	-1.675	1E-3
25567	174.1	-1.675	1E-3
25587	173.3	-1.676	1E-3
25607	172.7	-1.676	1E-3
25627	172	-1.676	1E-3
25647	171.5	-1.676	1E-3
25667	170.8	-1.676	1E-3
25687	169.9	-1.676	1E-3
25707	169.2	-1.676	1E-3
25727	168.9	-1.676	1E-3
25747	168.2	-1.676	1E-3
25767	167.3	-1.676	1E-3
25788	166.4	-1.676	1E-3
25812	165.9	-1.676	1E-3
25832	165	-1.676	1E-3
25852	164.7	-1.676	1E-3
25872	163.8	-1.676	1E-3
25893	163.3	-1.676	1E-3
25913	162.4	-1.677	1E-3
25933	161.7	-1.677	1E-3
25953	161.2	-1.677	1E-3
25973	160.5	-1.677	1E-3
25993	159.8	-1.677	1E-3
26013	159.3	-1.677	1E-3
26033	158.6	-1.677	1E-3
26053	158	-1.677	1E-3
26073	157.3	-1.677	1E-3
26093	156.6	-1.677	1E-3
26113	155.9	-1.677	1E-3
26133	155.2	-1.677	1E-3
26153	154.7	-1.677	1E-3
26173	154.2	-1.677	1E-3
26193	153.6	-1.677	1E-3
26213	152.9	-1.677	1E-3
26233	152.3	-1.677	1E-3
26253	151.6	-1.677	1E-3
26273	151	-1.677	1E-3
26293	150.5	-1.678	1E-3
26313	149.8	-1.678	1E-3
26333	149.3	-1.678	1E-3
26353	148.8	-1.678	1E-3
26373	147.9	-1.678	1E-3
26393	147.4	-1.678	1E-3
26413	146.7	-1.678	1E-3
26433	146.3	-1.678	1E-3
26453	145.6	-1.678	1E-3
26473	145.1	-1.678	1E-3
26493	144.6	-1.678	1E-3
26513	144	-1.678	1E-3
26533	143.5	-1.678	1E-3
26553	142.8	-1.678	1E-3
26573	141.9	-1.678	1E-3
26593	141.6	-1.678	1E-3
26613	141.1	-1.678	1E-3
26633	140.4	-1.678	1E-3
26653	139.8	-1.678	1E-3
26673	139.3	-1.678	1E-3
26693	138.8	-1.678	1E-3
26713	137.9	-1.678	1E-3
26733	137.4	-1.679	1E-3
26753	137	-1.679	1E-3
26773	136.5	-1.679	1E-3
26793	135.8	-1.679	1E-3
26813	135.3	-1.679	1E-3
26833	134.8	-1.679	1E-3
26854	134.1	-1.679	1E-3
26874	133.7	-1.679	1E-3
26894	132.8	-1.679	1E-3
26914	132.3	-1.679	1E-3
26934	131.8	-1.679	1E-3
26954	131.3	-1.679	1E-3
26974	130.7	-1.679	1E-3
26994	130.4	-1.679	1E-3
27014	129.5	-1.679	1E-3
27034	129.1	-1.679	1E-3
27054	128.6	-1.679	1E-3
27074	128.3	-1.679	1E-3
27094	127.8	-1.679	1E-3
27114	127.1	-1.679	1E-3
27134	126.5	-1.679	1E-3
27154	125.8	-1.679	1E-3
27174	125.3	-1.679	1E-3
27194	125	-1.679	1E-3
27214	124.6	-1.679	1E-3
27234	124.3	-1.679	1E-3
27254	123.6	-1.679	1E-3
27274	123.2	-1.679	1E-3
27294	122.3	-1.68	1E-3
27314	122	-1.68	1E-3
27334	121.6	-1.68	1E-3
27354	121.1	-1.68	1E-3
27374	120.8	-1.68	1E-3
27394	120	-1.68	1E-3
27414	119.7	-1.68	1E-3
27434	119.3	-1.68	1E-3
27454	118.8	-1.68	1E-3
27474	118.1	-1.68	1E-3
27494	117.8	-1.68	1E-3
27514	117.8	-1.68	1E-3
27534	116.9	-1.68	1E-3
27554	116.5	-1.68	1E-3
27574	116	-1.68	1E-3
27594	115.8	-1.68	1E-3
27614	115.1	-1.68	1E-3
27635	115	-1.68	1E-3
27655	114.6	-1.68	1E-3
27675	114.3	-1.68	1E-3
27695	113.6	-1.68	1E-3
27715	113	-1.68	1E-3
27735	112.5	-1.68	1E-3
27755	112.2	-1.68	1E-3
27775	111.8	-1.68	1E-3
27795	111.1	-1.681	1E-3
27815	110.8	-1.681	1E-3
27835	110.4	-1.681	1E-3
27855	110.1	-1.681	1E-3
27875	109.7	-1.681	1E-3
27895	109	-1.681	1E-3
27915	108.7	-1.681	1E-3
27935	108.3	-1.681	1E-3
27955	107.6	-1.681	1E-3
27975	107.4	-1.681	1E-3
27995	106.9	-1.681	1E-3
28015	106.6	-1.681	1E-3
28035	106	-1.681	1E-3
28055	105.7	-1.681	1E-3
28075	105.2	-1.681	1E-3
28095	104.8	-1.681	1E-3
28115	104.7	-1.681	1E-3
28135	103.9	-1.681	1E-3
28155	103.8	-1.681	1E-3
28175	103.4	-1.681	1E-3
28195	103.1	-1.681	1E-3
28215	102.4	-1.681	1E-3
28235	101.9	-1.681	1E-3
28255	101.9	-1.681	1E-3
28275	101.3	-1.681	1E-3
28295	100.6	-1.681	1E-3
28315	100.4	-1.681	1E-3
28336	99.9	-1.681	1E-3
28356	99.7	-1.681	1E-3
28376	99.2	-1.681	1E-3
28396	98.5	-1.681	1E-3
28416	98.3	-1.682	1E-3
28436	97.8	-1.682	1E-3
28456	97.5	-1.682	1E-3
28476	97.1	-1.682	1E-3
28496	96.8	-1.682	1E-3
28516	96.4	-1.682	1E-3
28536	95.9	-1.682	1E-3
28556	95.4	-1.682	1E-3
28576	95.2	-1.682	1E-3
28596	95	-1.682	1E-3
28616	94.3	-1.682	1E-3
28636	94.2	-1.682	1E-3
28656	93.6	-1.682	1E-3
28676	93.3	-1.682	1E-3
28696	93.1	-1.682	1E-3
28716	92.4	-1.682	1E-3
28736	92.1	-1.682	1E-3
28756	91.9	-1.682	1E-3
28776	91.3	-1.682	1E-3
28796	90.8	-1.682	1E-3
28816	90.5	-1.682	1E-3
28836	90.1	-1.682	1E-3
28857	90.1	-1.682	1E-3
28877	89.8	-1.682	1E-3
28897	89.3	-1.682	1E-3
28917	88.9	-1.682	1E-3
28937	88.7	-1.682	1E-3
28957	88.6	-1.683	1E-3
28977	88	-1.683	1E-3
28997	87.7	-1.683	1E-3
29017	87.5	-1.683	1E-3
29037	87.3	-1.683	1E-3
29057	86.8	-1.683	1E-3
29077	86.5	-1.683	1E-3
29097	86.3	-1.683	1E-3
29117	85.9	-1.683	1E-3
29137	85.6	-1.683	1E-3
29157	85.2	-1.683	1E-3
29177	84.9	-1.683	1E-3
29197	84.5	-1.683	1E-3
29217	84.3	-1.683	1E-3
29237	84.2	-1.683	1E-3
29257	83.8	-1.683	1E-3
29277	83.5	-1.683	1E-3
29297	82.9	-1.683	1E-3
29317	82.9	-1.683	1E-3
29337	82.4	-1.683	1E-3
29357	82.3	-1.683	1E-3
29377	81.9	-1.683	1E-3
29397	81.4	-1.683	1E-3
29417	81.4	-1.683	1E-3
29437	80.7	-1.683	1E-3
29457	80.3	-1.683	1E-3
29477	80.2	-1.683	1E-3
29497	79.8	-1.683	1E-3
29517	79.5	-1.683	1E-3
29537	79.5	-1.683	1E-3
29557	79.3	-1.683	1E-3
29577	78.8	-1.683	1E-3
29597	78.6	-1.683	1E-3
29617	78	-1.684	1E-3
29637	77.7	-1.684	1E-3
29657	77.5	-1.684	1E-3
29677	77.5	-1.684	1E-3
29697	76.8	-1.684	1E-3
29717	76.8	-1.684	1E-3
29737	76.3	-1.684	1E-3
29757	76.1	-1.684	1E-3
29777	75.8	-1.684	1E-3
29797	75.6	-1.684	1E-3
29817	75.3	-1.684	1E-3
29837	75.1	-1.684	1E-3
29857	74.7	-1.684	1E-3
29877	74.6	-1.684	1E-3
29897	73.8	-1.684	1E-3
29918	73.8	-1.684	1E-3
29938	73.7	-1.684	1E-3
29958	73.5	-1.684	1E-3
29978	73.3	-1.684	1E-3
29998	73	-1.684	1E-3
30018	72.6	-1.684	1E-3
30038	72.5	-1.684	1E-3
30058	72.1	-1.684	1E-3
30078	71.7	-1.684	1E-3
30098	71.6	-1.684	1E-3
30118	71.2	-1.684	1E-3
30138	70.9	-1.684	1E-3
30158	70.7	-1.684	1E-3
30178	70.7	-1.684	1E-3
30198	70.3	-1.684	1E-3
30218	69.7	-1.684	1E-3
30238	70	-1.684	1E-3
30258	69.7	-1.685	1E-3
30278	69.5	-1.685	1E-3
30298	69.1	-1.685	1E-3
30318	68.9	-1.685	1E-3
30338	68.6	-1.685	1E-3
30358	68.3	-1.685	1E-3
30378	68.4	-1.685	1E-3
30398	68.1	-1.685	1E-3
30418	67.7	-1.685	1E-3
30438	67.5	-1.685	1E-3
30458	67	-1.685	1E-3
30478	67	-1.685	1E-3
30498	66.8	-1.685	1E-3
30518	66.7	-1.685	1E-3
30538	66.3	-1.685	1E-3
30558	66.2	-1.685	1E-3
30578	65.8	-1.685	1E-3
30598	65.4	-1.685	1E-3
30618	65.3	-1.685	1E-3
30639	65.1	-1.685	1E-3
30659	64.9	-1.685	1E-3
30679	64.6	-1.685	1E-3
30699	64.8	-1.685	1E-3
30719	64.6	-1.685	1E-3
30739	64.1	-1.685	1E-3
30759	64.1	-1.685	1E-3
30779	63.7	-1.685	1E-3
30799	63.3	-1.685	1E-3
30819	63	-1.685	1E-3
30839	63	-1.685	1E-3
30859	62.8	-1.685	1E-3
30879	62.8	-1.685	1E-3
30899	62.3	-1.685	1E-3
30919	62.1	-1.685	1E-3
30939	62.1	-1.686	1E-3
30959	62	-1.686	1E-3
30979	61.6	-1.686	1E-3
30999	61.3	-1.686	1E-3
31019	61.1	-1.686	1E-3
31039	60.9	-1.686	1E-3
31059	60.6	-1.686	1E-3
31079	60.6	-1.686	1E-3
31099	60.4	-1.686	1E-3
31119	60	-1.686	1E-3
31139	60	-1.686	1E-3
31159	59.9	-1.686	1E-3
31179	59.5	-1.686	1E-3
31199	59.3	-1.686	1E-3
31219	59.3	-1.686	1E-3
31239	59	-1.686	1E-3
31259	58.6	-1.686	1E-3
31279	58.4	-1.686	1E-3
31299	58.3	-1.686	1E-3
31319	58.3	-1.686	1E-3
31339	57.9	-1.686	1E-3
31359	57.6	-1.686	1E-3
31379	57.6	-1.686	1E-3
31399	57	-1.686	1E-3
31419	57.2	-1.686	1E-3
31439	56.7	-1.686	1E-3
31459	56.7	-1.687	1E-3
31479	56.9	-1.687	1E-3
31499	56.4	-1.687	1E-3
31520	56.4	-1.687	1E-3
31540	56.2	-1.687	1E-3
31560	55.8	-1.687	1E-3
31580	55.5	-1.687	1E-3
31600	55.7	-1.687	1E-3
31620	55.1	-1.687	1E-3
31640	55	-1.687	1E-3
31660	55.1	-1.687	1E-3
31680	54.8	-1.687	1E-3
31700	54.6	-1.687	1E-3
31720	54.4	-1.687	1E-3
31740	54.3	-1.687	1E-3
31760	54.3	-1.687	1E-3
31780	53.9	-1.687	1E-3
31800	54.1	-1.687	1E-3
31820	53.7	-1.687	1E-3
31840	53.5	-1.687	1E-3
31860	53.4	-1.687	1E-3
31880	53.2	-1.687	1E-3
31900	53.2	-1.687	1E-3
31920	53	-1.687	1E-3
31940	52.8	-1.687	1E-3
31960	52.5	-1.687	1E-3
31980	52.1	-1.687	1E-3
32000	52.7	-1.687	1E-3
32020	52	-1.687	1E-3
32040	52	-1.687	1E-3
32060	51.8	-1.687	1E-3
32080	51.8	-1.687	1E-3
32100	51.6	-1.687	1E-3
32120	51.5	-1.687	1E-3
32140	51.5	-1.687	1E-3
32160	50.9	-1.687	1E-3
32180	50.8	-1.687	1E-3
32200	50.8	-1.687	1E-3
32220	50.4	-1.687	1E-3
32240	50.4	-1.687	1E-3
32260	50.4	-1.687	1E-3
32280	50.6	-1.687	1E-3
32300	50.4	-1.687	1E-3
32320	49.7	-1.687	1E-3
32340	49.9	-1.687	1E-3
32360	49.3	-1.687	1E-3
32380	49.3	-1.687	1E-3
32400	49.3	-1.687	1E-3
32420	49	-1.687	1E-3
32440	49	-1.687	1E-3
32460	49.3	-1.687	1E-3
32480	48.8	-1.687	1E-3
32500	48.5	-1.687	1E-3
32521	48.6	-1.687	1E-3
32541	48.5	-1.687	1E-3
32561	48.5	-1.687	1E-3
32581	48.5	-1.686	1E-3
32601	48.3	-1.687	1E-3
32621	48	-1.686	1E-3
32641	48.3	-1.686	1E-3
32661	48	-1.686	1E-3
32681	47.6	-1.686	1E-3
32701	47.4	-1.686	1E-3
32721	47.3	-1.686	1E-3
32741	47.4	-1.686	1E-3
32761	47.4	-1.686	1E-3
32781	46.9	-1.686	1E-3
32801	46.6	-1.686	1E-3
32821	46.9	-1.686	1E-3
32841	46.9	-1.686	1E-3
32861	46.6	-1.686	1E-3
32881	46	-1.686	1E-3
32901	46.2	-1.686	1E-3
32921	45.8	-1.686	1E-3
32941	46	-1.686	1E-3
32961	45.8	-1.686	1E-3
32981	45.5	-1.686	1E-3
33001	45.7	-1.686	1E-3
33021	45.5	-1.686	1E-3
33041	45.1	-1.686	1E-3
33061	45.3	-1.686	1E-3
33081	44.8	-1.686	1E-3
33101	45	-1.686	1E-3
33121	44.8	-1.686	1E-3
33141	45	-1.686	1E-3
33161	44.6	-1.686	1E-3
33181	44.5	-1.686	1E-3
33201	43.9	-1.686	1E-3
33221	44.5	-1.686	1E-3
33241	43.9	-1.686	1E-3
33261	43.9	-1.686	1E-3
33281	43.9	-1.686	1E-3
33302	43.4	-1.686	1E-3
33322	43.4	-1.686	1E-3
33342	43.8	-1.686	1E-3
33362	43.4	-1.686	1E-3
33382	43.4	-1.686	1E-3
33402	43.4	-1.686	1E-3
33422	43.1	-1.686	1E-3
33442	42.9	-1.686	1E-3
33462	43.1	-1.686	1E-3
33482	42.9	-1.686	1E-3
33502	42.9	-1.686	1E-3
33522	42.7	-1.686	1E-3
33542	42.5	-1.686	1E-3
33562	42.5	-1.686	1E-3
33582	42.3	-1.686	1E-3
33602	42.7	-1.686	1E-3
33622	42.2	-1.686	1E-3
33642	42.2	-1.686	1E-3
33662	42	-1.686	1E-3
33682	42	-1.686	1E-3
33702	42	-1.686	1E-3
33722	41.7	-1.686	1E-3
33742	41.7	-1.686	1E-3
33762	41.7	-1.686	1E-3
33782	41.3	-1.686	1E-3
33802	41.3	-1.686	1E-3
33822	41.5	-1.686	1E-3
33842	41.5	-1.686	1E-3
33862	41.5	-1.686	1E-3
33882	40.6	-1.686	1E-3
33902	41	-1.686	1E-3
33922	40.6	-1.686	1E-3
33943	40.4	-1.686	1E-3
33967	40.3	-1.686	1E-3
33988	40.4	-1.686	1E-3
34008	40.8	-1.686	1E-3
34028	40.1	-1.686	1E-3
34048	39.9	-1.686	1E-3
34068	39.9	-1.686	1E-3
34088	39.9	-1.686	1E-3
34108	39.7	-1.686	1E-3
34128	39.7	-1.686	1E-3
34148	40.1	-1.686	1E-3
34168	39.9	-1.686	1E-3
34188	39.6	-1.686	1E-3
34208	39	-1.686	1E-3
34228	39	-1.686	1E-3
34248	39.2	-1.686	1E-3
34268	39	-1.686	1E-3
34288	39.2	-1.686	1E-3
34308	39	-1.686	1E-3
34328	38.8	-1.686	1E-3
34348	39	-1.686	1E-3
34368	38.5	-1.686	1E-3
34388	38.7	-1.686	1E-3
34408	38.5	-1.686	1E-3
34428	38.2	-1.686	1E-3
34448	38.2	-1.686	1E-3
34468	38.5	-1.686	1E-3
34488	38.5	-1.686	1E-3
34508	38.2	-1.686	1E-3
34528	37.8	-1.686	1E-3
34548	38	-1.686	1E-3
34568	37.8	-1.686	1E-3
34588	37.8	-1.686	1E-3
34608	37.8	-1.686	1E-3
34628	37.8	-1.686	1E-3
34648	37.5	-1.686	1E-3
34668	37.5	-1.686	1E-3
34688	37.3	-1.686	1E-3
34708	37.5	-1.686	1E-3
34728	37.6	-1.686	1E-3
34748	37.3	-1.686	1E-3
34768	37.3	-1.686	1E-3
34788	37.1	-1.686	1E-3
34808	36.9	-1.686	1E-3
34829	37.1	-1.686	1E-3
34853	37.1	-1.686	1E-3
34873	36.8	-1.686	1E-3
34893	36.8	-1.686	1E-3
34914	36.8	-1.686	1E-3
34934	36.8	-1.686	1E-3
34954	36.8	-1.686	1E-3
34974	36.8	-1.686	1E-3
34994	36.6	-1.686	1E-3
35014	36.8	-1.686	1E-3
35034	36.2	-1.686	1E-3
35054	36.6	-1.686	1E-3
35074	36.2	-1.686	1E-3
35094	36	-1.686	1E-3
35114	35.9	-1.686	1E-3
35134	36	-1.686	1E-3
35154	36.4	-1.686	1E-3
35174	35.9	-1.686	1E-3
35194	35.9	-1.686	1E-3
35214	35.5	-1.686	1E-3
35234	35.5	-1.686	1E-3
35254	35.3	-1.686	1E-3
35274	35.3	-1.686	1E-3
35294	35.2	-1.686	1E-3
35314	35.2	-1.686	1E-3
35334	35.2	-1.686	1E-3
35354	35.3	-1.686	1E-3
35374	35.3	-1.686	1E-3
35394	35.2	-1.686	1E-3
35414	35.2	-1.686	1E-3
35434	34.8	-1.686	1E-3
35454	34.8	-1.686	1E-3
35474	34.8	-1.686	1E-3
35494	34.8	-1.686	1E-3
35514	34.8	-1.686	1E-3
35534	34.8	-1.686	1E-3
35554	34.7	-1.686	1E-3
35574	34.7	-1.686	1E-3
35595	34.7	-1.686	1E-3
35619	34.7	-1.686	1E-3
35639	34.5	-1.686	1E-3
35659	34.5	-1.686	1E-3
35679	34.5	-1.686	1E-3
35699	34.1	-1.686	1E-3
35720	34	-1.686	1E-3
35740	34	-1.686	1E-3
35760	34.1	-1.686	1E-3
35780	34	-1.686	1E-3
35800	34	-1.686	1E-3
35820	34	-1.687	1E-3
35840	33.8	-1.687	1E-3
35860	34	-1.687	1E-3
35880	33.6	-1.687	1E-3
35900	33.8	-1.687	1E-3
35920	33.6	-1.687	1E-3
35940	33.4	-1.687	1E-3
35960	33.4	-1.687	1E-3
35980	33.4	-1.687	1E-3
36000	33.4	-1.687	1E-3
36020	33.4	-1.687	1E-3
36040	33.4	-1.687	1E-3
36060	33.4	-1.687	1E-3
36080	33.3	-1.687	1E-3
36100	33.1	-1.687	1E-3
36120	33.4	-1.687	1E-3
36140	33.3	-1.687	1E-3
36160	32.9	-1.687	1E-3
36180	33.3	-1.687	1E-3
36200	32.7	-1.687	1E-3
36220	32.7	-1.687	1E-3
36240	32.7	-1.687	1E-3
36260	32.5	-1.687	1E-3
36280	32.7	-1.687	1E-3
36300	32.7	-1.687	1E-3
36320	32.5	-1.687	1E-3
36340	32.7	-1.687	1E-3
36360	32.5	-1.687	1E-3
36380	32.4	-1.687	1E-3
36400	32.4	-1.687	1E-3
36420	32.5	-1.687	1E-3
36440	32.5	-1.687	1E-3
36460	32.2	-1.687	1E-3
36480	32.2	-1.687	1E-3
36500	32.4	-1.687	1E-3
36520	32.2	-1.687	1E-3
36540	32.2	-1.687	1E-3
36560	32.2	-1.687	1E-3
36580	32	-1.687	1E-3
36600	32	-1.687	1E-3
36620	32	-1.687	1E-3
36640	31.9	-1.687	1E-3
36660	31.7	-1.687	1E-3
36681	32	-1.687	1E-3
36701	31.5	-1.687	1E-3
36721	31.7	-1.687	1E-3
36741	31.5	-1.687	1E-3
36761	31.7	-1.687	1E-3
36781	31.5	-1.687	1E-3
36801	31.5	-1.687	1E-3
36821	31.5	-1.687	1E-3
36841	31.3	-1.687	1E-3
36861	31.3	-1.687	1E-3
36881	31.3	-1.687	1E-3
36901	31.3	-1.687	1E-3
36921	31.5	-1.687	1E-3
36941	31.1	-1.687	1E-3
36961	31.1	-1.687	1E-3
36981	31.1	-1.687	1E-3
37001	31.1	-1.687	1E-3
37021	31.1	-1.687	1E-3
37041	31.1	-1.687	1E-3
37061	31.1	-1.687	1E-3
37081	30.8	-1.687	1E-3
37101	31	-1.687	1E-3
37121	31	-1.687	1E-3
37141	31	-1.687	1E-3
37161	31	-1.687	1E-3
37181	31	-1.687	1E-3
37201	30.8	-1.687	1E-3
37221	30.8	-1.687	1E-3
37241	31	-1.687	1E-3
37261	31	-1.687	1E-3
37281	30.8	-1.687	1E-3
37301	30.8	-1.687	1E-3
37321	30.6	-1.687	1E-3
37341	30.5	-1.687	1E-3
37361	30.6	-1.687	1E-3
37381	30.5	-1.687	1E-3
37401	30.5	-1.687	1E-3
37422	30.6	-1.687	1E-3
37442	30.3	-1.687	1E-3
37462	30.3	-1.687	1E-3
37482	30.3	-1.687	1E-3
37502	30.5	-1.687	1E-3
37522	29.9	-1.687	1E-3
37542	30.1	-1.687	1E-3
37562	30.3	-1.687	1E-3
37582	30.3	-1.687	1E-3
37602	30.1	-1.687	1E-3
37622	30.1	-1.687	1E-3
37642	30.3	-1.687	1E-3
37662	30.1	-1.687	1E-3
37682	30.3	-1.687	1E-3
37702	29.9	-1.687	1E-3
37722	30.1	-1.687	1E-3
37742	29.9	-1.687	1E-3
37762	29.9	-1.687	1E-3
37782	29.9	-1.687	1E-3
37802	29.8	-1.687	1E-3
37822	29.8	-1.687	1E-3
37842	29.8	-1.687	1E-3
37862	29.6	-1.687	1E-3
37882	29.8	-1.687	1E-3
37902	29.8	-1.687	1E-3
37922	29.6	-1.687	1E-3
37942	29.4	-1.687	1E-3
37962	29.8	-1.687	1E-3
37982	29.6	-1.687	1E-3
38002	29.6	-1.687	1E-3
38022	29.2	-1.687	1E-3
38042	29.6	-1.687	1E-3
38062	29.6	-1.687	1E-3
38082	29	-1.687	1E-3
38102	29	-1.687	1E-3
38122	29.4	-1.687	1E-3
38142	29.4	-1.687	1E-3
38162	29	-1.687	1E-3
38182	29.4	-1.687	1E-3
38203	29.4	-1.687	1E-3
38223	29.2	-1.687	1E-3
38243	29	-1.687	1E-3
38263	29	-1.687	1E-3
38283	28.5	-1.687	1E-3
38303	28.9	-1.687	1E-3
38323	28.5	-1.687	1E-3
38343	28.7	-1.687	1E-3
38363	29	-1.687	1E-3
38383	28.5	-1.687	1E-3
38403	28.7	-1.687	1E-3
38423	28.5	-1.687	1E-3
38443	28.4	-1.687	1E-3
38463	28.7	-1.687	1E-3
38483	28.7	-1.687	1E-3
38503	28.7	-1.687	1E-3
38523	28.9	-1.687	1E-3
38543	28.9	-1.687	1E-3
38563	28.7	-1.687	1E-3
38583	28.4	-1.687	1E-3
38603	28.5	-1.687	1E-3
38623	28	-1.687	1E-3
38643	28.5	-1.687	1E-3
38663	28.2	-1.687	1E-3
38683	28.4	-1.687	1E-3
38703	28.4	-1.687	1E-3
38723	27.8	-1.687	1E-3
38743	28.4	-1.687	1E-3
38763	28.5	-1.687	1E-3
38783	28.2	-1.687	1E-3
38803	28.5	-1.687	1E-3
38823	27.7	-1.687	1E-3
38843	28	-1.687	1E-3
38864	28.2	-1.687	1E-3
38884	28.2	-1.687	1E-3
38904	28	-1.687	1E-3
38924	28	-1.687	1E-3
38944	28.2	-1.687	1E-3
38964	28.2	-1.687	1E-3
38984	28	-1.687	1E-3
39004	27.7	-1.687	1E-3
39024	28	-1.687	1E-3
39044	28	-1.687	1E-3
39064	27.7	-1.687	1E-3
39084	27.7	-1.687	1E-3
39104	28.2	-1.687	1E-3
39124	28	-1.687	1E-3
39144	27.7	-1.687	1E-3
39164	27.8	-1.687	1E-3
39184	28	-1.687	1E-3
39204	28	-1.687	1E-3
39224	27.5	-1.687	1E-3
39244	27.5	-1.687	1E-3
39264	27.5	-1.687	1E-3
39284	27.7	-1.687	1E-3
39304	27.3	-1.687	1E-3
39324	27.7	-1.687	1E-3
39344	27.5	-1.687	1E-3
39364	27.3	-1.687	1E-3
39384	27.1	-1.687	1E-3
39404	28.2	-1.687	1E-3
39424	27.1	-1.687	1E-3
39444	27.1	-1.687	1E-3
39464	27.1	-1.687	1E-3
39484	27.1	-1.687	1E-3
39504	27.1	-1.687	1E-3
39525	27.1	-1.687	1E-3
39545	27	-1.687	1E-3
39565	27.3	-1.687	1E-3
39585	27	-1.687	1E-3
39605	27	-1.687	1E-3
39625	27	-1.687	1E-3
39645	26.8	-1.687	1E-3
39665	26.8	-1.687	1E-3
39685	26.8	-1.687	1E-3
39705	26.8	-1.687	1E-3
39725	26.8	-1.687	1E-3
39745	26.8	-1.687	1E-3
39765	27	-1.687	1E-3
39785	26.8	-1.687	1E-3
39805	26.8	-1.687	1E-3
39825	26.8	-1.687	1E-3
39845	26.8	-1.687	1E-3
39865	26.8	-1.687	1E-3
39885	26.8	-1.687	1E-3
39905	26.8	-1.687	1E-3
39925	26.6	-1.687	1E-3
39945	26.8	-1.687	1E-3
39965	26.4	-1.687	1E-3
39985	26.4	-1.687	1E-3
40005	26.6	-1.687	1E-3
40025	26.4	-1.687	1E-3
40045	26.4	-1.687	1E-3
40065	26.1	-1.687	1E-3
40085	26.8	-1.687	1E-3
40105	26.4	-1.687	1E-3
40125	26.3	-1.687	1E-3
40145	26.6	-1.687	1E-3
40165	26.1	-1.687	1E-3
40185	26.4	-1.687	1E-3
40205	26.8	-1.687	1E-3
40225	26.3	-1.687	1E-3
40245	26.3	-1.687	1E-3
40265	26.1	-1.687	1E-3
40285	26.3	-1.687	1E-3
40305	26.4	-1.687	1E-3
40325	26.1	-1.687	1E-3
40345	26.1	-1.687	1E-3
40365	26.1	-1.687	1E-3
40385	26.3	-1.688	1E-3
40405	26.1	-1.688	1E-3
40425	26.3	-1.688	1E-3
40445	26.1	-1.688	1E-3
40466	26.3	-1.688	1E-3
40490	26.1	-1.688	1E-3
40510	26.1	-1.688	1E-3
40530	26.1	-1.688	1E-3
40551	26.1	-1.688	1E-3
40571	26.1	-1.688	1E-3
40591	26.1	-1.688	1E-3
40611	26.1	-1.688	1E-3
40631	25.9	-1.688	1E-3
40651	26.1	-1.688	1E-3
40671	26.1	-1.688	1E-3
40691	26.1	-1.688	1E-3
40711	25.9	-1.688	1E-3
40731	25.9	-1.688	1E-3
40751	26.1	-1.688	1E-3
40771	25.9	-1.688	1E-3
40791	25.6	-1.688	1E-3
40811	25.9	-1.688	1E-3
40831	25.9	-1.688	1E-3
40851	25.9	-1.688	1E-3
40871	25.6	-1.688	1E-3
40891	25.9	-1.688	1E-3
40911	25.9	-1.688	1E-3
40931	25.9	-1.688	1E-3
40951	25.7	-1.688	1E-3
40971	26.1	-1.688	1E-3
40991	25.6	-1.688	1E-3
41011	25.7	-1.688	1E-3
41031	25.6	-1.688	1E-3
41051	25.9	-1.688	1E-3
41071	25.6	-1.688	1E-3
41091	25.9	-1.688	1E-3
41111	25.7	-1.688	1E-3
41131	25.4	-1.688	1E-3
41151	25.9	-1.688	1E-3
41171	25.7	-1.688	1E-3
41191	25.7	-1.688	1E-3
41211	25.4	-1.688	1E-3
41231	25.4	-1.688	1E-3
41251	25.4	-1.688	1E-3
41271	25.6	-1.688	1E-3
41291	25.7	-1.688	1E-3
41311	25.4	-1.688	1E-3
41331	25.4	-1.688	1E-3
41351	25.4	-1.688	1E-3
41372	25.4	-1.688	1E-3
41392	25.4	-1.688	1E-3
41412	25.4	-1.688	1E-3
41432	25.2	-1.688	1E-3
41452	25.6	-1.688	1E-3
41472	25.4	-1.688	1E-3
41492	25.4	-1.688	1E-3
41512	25.4	-1.688	1E-3
41532	25.4	-1.688	1E-3
41552	25.4	-1.688	1E-3
41572	25.4	-1.688	1E-3
41592	25.4	-1.688	1E-3
41612	25.2	-1.688	1E-3
41632	25.4	-1.688	1E-3
41652	25.4	-1.688	1E-3
41672	25.4	-1.688	1E-3
41692	25.4	-1.688	1E-3
41712	25.4	-1.688	1E-3
41732	25.4	-1.688	1E-3
41752	25.2	-1.688	1E-3
41772	25.4	-1.688	1E-3
41792	25.4	-1.688	1E-3
41812	25.4	-1.688	1E-3
41832	25.2	-1.688	1E-3
41852	25.2	-1.688	1E-3
41872	25.4	-1.688	1E-3
41893	25.4	-1.688	1E-3
41913	25	-1.688	1E-3
41933	25.2	-1.688	1E-3
41953	24.8	-1.688	1E-3
41973	25.2	-1.688	1E-3
41993	25.2	-1.688	1E-3
42013	25.2	-1.688	1E-3
42033	25.2	-1.688	1E-3
42053	25	-1.688	1E-3
42073	25	-1.688	1E-3
42093	25.2	-1.688	1E-3
42113	25	-1.688	1E-3
42133	25.2	-1.688	1E-3
42153	25	-1.688	1E-3
42173	25	-1.688	1E-3
42193	25	-1.688	1E-3
42213	25	-1.688	1E-3
42233	25	-1.688	1E-3
42253	25	-1.688	1E-3
42273	24.8	-1.688	1E-3
42293	24.8	-1.688	1E-3
42313	24.8	-1.688	1E-3
42333	24.8	-1.688	1E-3
42353	24.8	-1.688	1E-3
42373	25	-1.688	1E-3
42393	25	-1.688	1E-3
42413	24.8	-1.688	1E-3
42433	24.8	-1.688	1E-3
42453	24.7	-1.688	1E-3
42473	24.8	-1.688	1E-3
42493	24.8	-1.688	1E-3
42513	24.8	-1.688	1E-3
42533	24.7	-1.688	1E-3
42553	24.7	-1.688	1E-3
42573	24.8	-1.688	1E-3
42593	24.7	-1.688	1E-3
42613	24.8	-1.688	1E-3
42633	24.8	-1.688	1E-3
42654	24.7	-1.688	1E-3
42674	24.7	-1.688	1E-3
42694	24.7	-1.688	1E-3
42714	24.7	-1.688	1E-3
42734	24.7	-1.688	1E-3
42754	24.7	-1.688	1E-3
42774	24.8	-1.688	1E-3
42794	24.7	-1.688	1E-3
42814	24.7	-1.688	1E-3
42834	24.7	-1.688	1E-3
42854	24.7	-1.688	1E-3
42874	24.7	-1.688	1E-3
42894	24.7	-1.688	1E-3
42914	24.7	-1.688	1E-3
42934	24.7	-1.688	1E-3
42954	24.7	-1.688	1E-3
42974	24.7	-1.688	1E-3
42994	24.7	-1.688	1E-3
43014	24.7	-1.688	1E-3
43034	24.7	-1.688	1E-3
43054	24.7	-1.688	1E-3
43074	24.7	-1.688	1E-3
43094	24.5	-1.688	1E-3
43114	24.7	-1.688	1E-3
43134	24.5	-1.688	1E-3
43154	24.5	-1.688	1E-3
43174	24.1	-1.688	1E-3
43194	24.7	-1.688	1E-3
43214	24.5	-1.688	1E-3
43234	24.5	-1.688	1E-3
43254	24.7	-1.688	1E-3
43275	24.3	-1.688	1E-3
43299	24.5	-1.688	1E-3
43319	24.5	-1.688	1E-3
43339	24.5	-1.688	1E-3
43359	24.5	-1.688	1E-3
43380	24.3	-1.688	1E-3
43400	24.5	-1.688	1E-3
43420	24.5	-1.688	1E-3
43440	24.7	-1.688	1E-3
43460	24.5	-1.688	1E-3
43480	24.3	-1.688	1E-3
43500	24.7	-1.688	1E-3
43520	24.5	-1.688	1E-3
43540	24.1	-1.688	1E-3
43560	24.5	-1.688	1E-3
43580	24.1	-1.688	1E-3
43600	24.5	-1.688	1E-3
43620	24.3	-1.688	1E-3
43640	24.5	-1.688	1E-3
43660	24.5	-1.688	1E-3
43680	24.1	-1.688	1E-3
43700	24.3	-1.688	1E-3
43720	24	-1.688	1E-3
43740	24.1	-1.688	1E-3
43760	24.3	-1.688	1E-3
43780	24	-1.688	1E-3
43800	24.1	-1.688	1E-3
43820	24	-1.688	1E-3
43840	24.3	-1.688	1E-3
43860	24	-1.688	1E-3
43880	24.5	-1.688	1E-3
43900	24.3	-1.688	1E-3
43920	24.1	-1.688	1E-3
43940	24.3	-1.688	1E-3
43960	24.3	-1.688	1E-3
43980	24.3	-1.688	1E-3
44000	24.1	-1.688	1E-3
44020	24.1	-1.688	1E-3
44040	24	-1.688	1E-3
44060	24.1	-1.688	1E-3
44080	24.1	-1.688	1E-3
44100	24.3	-1.688	1E-3
44120	23.8	-1.688	1E-3
44140	24.1	-1.688	1E-3
44160	24	-1.688	1E-3
44180	24	-1.688	1E-3
44201	24	-1.688	1E-3
44221	23.8	-1.688	1E-3
44241	24	-1.688	1E-3
44261	24.1	-1.688	1E-3
44281	24	-1.688	1E-3
44301	23.8	-1.688	1E-3
44321	24.1	-1.688	1E-3
44341	24	-1.688	1E-3
44361	24	-1.688	1E-3
44381	24	-1.688	1E-3
44401	24	-1.688	1E-3
44421	24	-1.688	1E-3
44441	24	-1.688	1E-3
44461	24.1	-1.688	1E-3
44481	23.8	-1.688	1E-3
44501	24	-1.688	1E-3
44521	23.8	-1.688	1E-3
44541	24	-1.688	1E-3
44561	24.1	-1.688	1E-3
44581	23.6	-1.688	1E-3
44601	23.3	-1.688	1E-3
44621	23.8	-1.688	1E-3
44641	24	-1.688	1E-3
44661	23.8	-1.688	1E-3
44681	24.1	-1.688	1E-3
44701	23.5	-1.688	1E-3
44721	24	-1.688	1E-3
44741	24	-1.688	1E-3
44761	23.6	-1.688	1E-3
44781	24	-1.688	1E-3
44801	23.8	-1.688	1E-3
44821	23.5	-1.688	1E-3
44841	23.8	-1.688	1E-3
44861	23.6	-1.688	1E-3
44881	23.6	-1.688	1E-3
44901	23.8	-1.688	1E-3
44921	23.8	-1.688	1E-3
44941	23.8	-1.688	1E-3
44961	23.6	-1.688	1E-3
44981	23.3	-1.688	1E-3
45001	23.5	-1.688	1E-3
45021	23.5	-1.688	1E-3
45041	23.5	-1.688	1E-3
45061	23.6	-1.688	1E-3
45081	22.9	-1.688	1E-3
45102	24	-1.688	1E-3
45126	23.6	-1.688	1E-3
45147	23.5	-1.688	1E-3
45171	23.3	-1.688	1E-3
45192	24	-1.688	1E-3
45212	23.6	-1.688	1E-3
45232	22.9	-1.688	1E-3
45252	23.6	-1.688	1E-3
45272	23.1	-1.688	1E-3
45292	23.6	-1.688	1E-3
45312	23.5	-1.688	1E-3
45332	23.5	-1.688	1E-3
45352	23.1	-1.688	1E-3
45372	23.5	-1.688	1E-3
45392	23.3	-1.688	1E-3
45412	23.1	-1.688	1E-3
45432	23.6	-1.688	1E-3
45452	23.3	-1.688	1E-3
45472	22.9	-1.688	1E-3
45492	23.3	-1.688	1E-3
45512	23.6	-1.688	1E-3
45532	23.3	-1.688	1E-3
45552	23.3	-1.688	1E-3
45572	23.6	-1.688	1E-3
45592	23.1	-1.688	1E-3
45612	23.3	-1.688	1E-3
45632	23.1	-1.688	1E-3
45652	22.9	-1.688	1E-3
45672	23.5	-1.688	1E-3
45692	23.1	-1.688	1E-3
45712	23.5	-1.688	1E-3
45732	23.3	-1.688	1E-3
45752	23.5	-1.689	1E-3
45772	23.1	-1.688	1E-3
45792	23.1	-1.689	1E-3
45812	23.1	-1.689	1E-3
45832	23.3	-1.689	1E-3
45852	23.1	-1.689	1E-3
45872	23.1	-1.689	1E-3
45892	23.3	-1.689	1E-3
45912	23.5	-1.689	1E-3
45932	23.5	-1.689	1E-3
45952	23.3	-1.689	1E-3
45972	23.1	-1.689	1E-3
45993	22.9	-1.689	1E-3
46017	23.1	-1.689	1E-3
46037	22.9	-1.689	1E-3
46057	23.1	-1.689	1E-3
46078	22.9	-1.689	1E-3
46098	23.1	-1.689	1E-3
46118	23.3	-1.689	1E-3
46138	22.9	-1.689	1E-3
46158	22.9	-1.689	1E-3
46178	22.9	-1.689	1E-3
46198	22.9	-1.689	1E-3
46218	22.9	-1.689	1E-3
46238	23.3	-1.689	1E-3
46258	22.9	-1.689	1E-3
46278	23.3	-1.689	1E-3
46298	22.9	-1.689	1E-3
46318	22.9	-1.689	1E-3
46338	23.3	-1.689	1E-3
46358	23.1	-1.689	1E-3
46378	23.1	-1.689	1E-3
46398	22.9	-1.689	1E-3
46418	22.7	-1.689	1E-3
46438	22.9	-1.689	1E-3
46458	22.9	-1.689	1E-3
46478	23.6	-1.689	1E-3
46498	22.9	-1.689	1E-3
46518	22.9	-1.689	1E-3
46538	22.9	-1.689	1E-3
46558	22.9	-1.689	1E-3
46578	22.9	-1.689	1E-3
46598	23.3	-1.689	1E-3
46618	23.1	-1.689	1E-3
46638	22.9	-1.689	1E-3
46658	22.9	-1.689	1E-3
46678	23.3	-1.689	1E-3
46698	23.3	-1.689	1E-3
46718	22.9	-1.689	1E-3
46738	22.6	-1.689	1E-3
46758	22.9	-1.689	1E-3
46778	22.9	-1.689	1E-3
46798	22.9	-1.689	1E-3
46818	22.9	-1.689	1E-3
46838	23.3	-1.689	1E-3
46858	22.9	-1.689	1E-3
46878	22.9	-1.689	1E-3
46898	22.9	-1.689	1E-3
46919	22.9	-1.689	1E-3
46939	22.7	-1.689	1E-3
46959	22.9	-1.689	1E-3
46979	22.9	-1.689	1E-3
46999	23.3	-1.689	1E-3
47019	22.9	-1.689	1E-3
47039	22.7	-1.689	1E-3
47059	22.7	-1.689	1E-3
47079	22.9	-1.689	1E-3
47099	22.9	-1.689	1E-3
47119	22.6	-1.689	1E-3
47139	22.7	-1.689	1E-3
47159	23.3	-1.689	1E-3
47179	22.9	-1.689	1E-3
47199	22.9	-1.689	1E-3
47219	23.1	-1.689	1E-3
47239	22.9	-1.689	1E-3
47259	22.9	-1.689	1E-3
47279	22.7	-1.689	1E-3
47299	22.7	-1.689	1E-3
47319	22.7	-1.689	1E-3
47339	22.9	-1.689	1E-3
47359	22.9	-1.689	1E-3
47379	22.7	-1.689	1E-3
47399	22.9	-1.689	1E-3
47419	22.9	-1.689	1E-3
47439	23.3	-1.689	1E-3
47459	22.6	-1.689	1E-3
47479	22.7	-1.689	1E-3
47499	22.9	-1.689	1E-3
47519	22.9	-1.689	1E-3
47539	22.9	-1.689	1E-3
47559	22.9	-1.689	1E-3
47579	22.7	-1.689	1E-3
47599	22.9	-1.689	1E-3
47619	22.7	-1.689	1E-3
47639	22.7	-1.689	1E-3
47659	22.7	-1.689	1E-3
47679	22.9	-1.689	1E-3
47699	22.7	-1.689	1E-3
47719	22.7	-1.689	1E-3
47739	22.7	-1.689	1E-3
