0	21	0	1E-3
20	20.8	0	1E-3
40	20.8	0	1E-3
60	21.2	0	1E-3
80	21.2	0	1E-3
100	20.8	0	1E-3
120	20.8	0	1E-3
140	20.8	0	1E-3
160	21	0	1E-3
180	20.8	0	1E-3
200	21	0	1E-3
220	21.4	0	1E-3
240	21	0	1E-3
260	21.4	0	1E-3
280	21.5	0	1E-3
300	21.9	0	1E-3
320	22.2	0	1E-3
340	22.2	-1E-3	1E-3
360	22.9	-1E-3	1E-3
380	23.6	-1E-3	1E-3
400	24.1	-1E-3	1E-3
420	24.3	-1E-3	1E-3
440	25	-0.002	1E-3
460	25.6	-0.002	1E-3
480	26.4	-0.002	1E-3
500	27.5	-0.002	1E-3
520	28.2	-0.002	1E-3
540	29.2	-0.003	1E-3
560	29.8	-0.003	1E-3
580	30.6	-0.003	1E-3
600	31.5	-0.003	1E-3
620	32.7	-0.003	1E-3
640	33.6	-0.004	1E-3
660	35	-0.004	1E-3
680	36.2	-0.004	1E-3
700	37.1	-0.004	1E-3
720	38.5	-0.004	1E-3
740	40.1	-0.004	1E-3
760	41	-0.005	1E-3
780	42.5	-0.005	1E-3
800	43.9	-0.005	1E-3
820	45.1	-0.005	1E-3
840	46.9	-0.005	1E-3
860	48.5	-0.006	1E-3
880	50.2	-0.006	1E-3
900	52	-0.006	1E-3
920	53.7	-0.006	1E-3
940	55.8	-0.006	1E-3
961	57.8	-0.007	1E-3
981	59.5	-0.007	1E-3
1001	61.6	-0.007	1E-3
1021	63.9	-0.007	1E-3
1041	65.8	-0.008	1E-3
1061	67.9	-0.008	1E-3
1081	69.8	-0.008	1E-3
1101	72.5	-0.008	1E-3
1121	74.4	-0.009	1E-3
1141	76.5	-0.009	1E-3
1161	78.8	-0.009	1E-3
1181	80.8	-0.009	1E-3
1201	83.5	-0.01	1E-3
1221	85.9	-0.01	1E-3
1241	88.9	-0.01	1E-3
1261	91.3	-0.01	1E-3
1281	94.2	-0.011	1E-3
1301	96.8	-0.011	1E-3
1321	99.7	-0.011	1E-3
1341	102.7	-0.011	1E-3
1361	105.5	-0.012	1E-3
1381	108.2	-0.012	1E-3
1401	110.9	-0.012	1E-3
1421	113.7	-0.012	1E-3
1441	116.9	-0.012	1E-3
1461	119.9	-0.012	1E-3
1481	122.8	-0.013	1E-3
1501	126.2	-0.013	1E-3
1521	129.3	-0.013	1E-3
1541	132.7	-0.013	1E-3
1561	135.8	-0.013	1E-3
1581	139	-0.013	1E-3
1601	142.5	-0.013	1E-3
1621	145.8	-0.013	1E-3
1641	149.6	-0.013	1E-3
1661	152.9	-0.013	1E-3
1681	156.3	-0.013	1E-3
1701	159.8	-0.014	1E-3
1721	163.4	-0.014	1E-3
1741	166.8	-0.014	1E-3
1762	170.1	-0.014	1E-3
1782	173.8	-0.014	1E-3
1802	177.5	-0.014	1E-3
1822	181.1	-0.014	1E-3
1842	185	-0.014	1E-3
1862	188.6	-0.014	1E-3
1882	192.7	-0.014	1E-3
1902	196.2	-0.014	1E-3
1922	200	-0.014	1E-3
1942	204.1	-0.015	1E-3
1962	208.1	-0.015	1E-3
1982	211.9	-0.015	1E-3
2002	215.6	-0.016	1E-3
2022	219.8	-0.016	1E-3
2042	223.1	-0.016	1E-3
2062	227	-0.016	1E-3
2082	231.4	-0.016	1E-3
2102	235	-0.016	1E-3
2122	239.2	-0.016	1E-3
2142	243.4	-0.016	1E-3
2162	247.5	-0.016	1E-3
2182	251.3	-0.016	1E-3
2202	255.7	-0.016	1E-3
2222	259.9	-0.016	1E-3
2242	264.1	-0.016	1E-3
2262	268.3	-0.016	1E-3
2282	272.5	-0.016	1E-3
2302	276.1	-0.016	1E-3
2322	280.4	-0.016	1E-3
2342	284.9	-0.016	1E-3
2362	288.9	-0.016	1E-3
2382	293.1	-0.016	1E-3
2402	297.3	-0.016	1E-3
2422	301.5	-0.016	1E-3
2442	305.4	-0.015	1E-3
2462	309.8	-0.015	1E-3
2482	314.3	-0.015	1E-3
2502	318.3	-0.015	1E-3
2522	322.7	-0.015	1E-3
2542	326.9	-0.015	1E-3
2562	331.1	-0.015	1E-3
2582	335.6	-0.015	1E-3
2602	340	-0.014	1E-3
2622	344.6	-0.014	1E-3
2642	348.8	-0.014	1E-3
2662	353	-0.014	1E-3
2682	357.4	-0.013	1E-3
2703	361.5	-0.013	1E-3
2723	366.1	-0.013	1E-3
2743	370.5	-0.013	1E-3
2763	374.3	-0.013	1E-3
2783	378.9	-0.012	1E-3
2803	383.1	-0.012	1E-3
2823	387.4	-0.012	1E-3
2843	392.2	-0.012	1E-3
2863	396	-0.011	1E-3
2883	400.2	-0.011	1E-3
2903	404.6	-0.011	1E-3
2923	409.3	-0.011	1E-3
2943	413.5	-0.01	1E-3
2963	418.1	-0.01	1E-3
2983	422.1	-0.01	1E-3
3003	426.6	-0.01	1E-3
3023	431	-0.01	1E-3
3043	435.4	-0.009	1E-3
3063	439.9	-0.009	1E-3
3083	444.1	-0.009	1E-3
3103	448	-0.009	1E-3
3123	452.4	-0.008	1E-3
3143	456.8	-0.008	1E-3
3163	461.1	-0.008	1E-3
3183	465.1	-0.008	1E-3
3203	469.5	-0.008	1E-3
3223	473.5	-0.008	1E-3
3243	477.9	-0.007	1E-3
3263	482	-0.007	1E-3
3283	486.5	-0.007	1E-3
3303	490.7	-0.007	1E-3
3323	494.4	-0.006	1E-3
3343	498.8	-0.006	1E-3
3363	503	-0.006	1E-3
3383	507.3	-0.006	1E-3
3403	511.5	-0.006	1E-3
3423	515.7	-0.006	1E-3
3443	519.8	-0.005	1E-3
3463	523.8	-0.005	1E-3
3483	528.2	-0.005	1E-3
3503	532.3	-0.005	1E-3
3523	536.5	-0.005	1E-3
3543	540.6	-0.004	1E-3
3563	544.6	-0.004	1E-3
3583	548.8	-0.004	1E-3
3603	553	-0.004	1E-3
3624	557.4	-0.004	1E-3
3644	561.4	-0.004	1E-3
3664	565.4	-0.003	1E-3
3684	569.1	-0.003	1E-3
3704	573.1	-0.003	1E-3
3724	577	-0.003	1E-3
3744	581.2	-0.003	1E-3
3764	585.2	-0.003	1E-3
3784	589.2	-0.002	1E-3
3804	592.9	-0.002	1E-3
3824	596.8	-0.002	1E-3
3844	600.8	-0.002	1E-3
3864	604.8	-0.002	1E-3
3884	608.8	-0.002	1E-3
3904	612.7	-0.002	1E-3
3924	616.5	-1E-3	1E-3
3944	620.4	-1E-3	1E-3
3964	624.2	-1E-3	1E-3
3984	628.4	-1E-3	1E-3
4004	632.1	-1E-3	1E-3
4024	636.1	0	1E-3
4044	640	0	1E-3
4064	644.2	0	1E-3
4084	648	0	1E-3
4104	651.9	0	1E-3
4124	655.7	0	1E-3
4144	659.4	0	1E-3
4164	663.1	0	1E-3
4184	666.7	0	1E-3
4204	670.6	1E-3	1E-3
4224	674.5	1E-3	1E-3
4244	678.3	1E-3	1E-3
4264	682	1E-3	1E-3
4284	685.7	1E-3	1E-3
4304	689.2	1E-3	1E-3
4324	693	1E-3	1E-3
4344	696.7	1E-3	1E-3
4364	700.5	1E-3	1E-3
4384	704.2	1E-3	1E-3
4404	707.7	0.002	1E-3
4424	711.2	0.002	1E-3
4444	714.9	0.002	1E-3
4464	718.9	0.002	1E-3
4484	722.6	0.002	1E-3
4504	726.3	0.002	1E-3
4524	729.9	0.002	1E-3
4545	733.6	0.002	1E-3
4565	737.1	0.002	1E-3
4585	741.1	0.002	1E-3
4605	745	0.002	1E-3
4625	748.7	0.002	1E-3
4645	752.3	0.002	1E-3
4665	755.8	0.002	1E-3
4685	759.5	0.002	1E-3
4705	763.2	0.002	1E-3
4725	766.8	0.002	1E-3
4745	770.5	0.002	1E-3
4765	774	0.002	1E-3
4785	777.5	0.002	1E-3
4805	780.8	0.002	1E-3
4825	784.5	0.002	1E-3
4845	788	0.002	1E-3
4865	791.5	0.002	1E-3
4885	795.4	0.002	1E-3
4905	798.7	0.002	1E-3
4925	802.2	0.002	1E-3
4945	805.5	1E-3	1E-3
4965	809.2	1E-3	1E-3
4985	812.9	1E-3	1E-3
5005	816.5	1E-3	1E-3
5025	820.4	1E-3	1E-3
5045	823.4	1E-3	1E-3
5065	826.9	0	1E-3
5085	830.2	0	1E-3
5105	833.9	0	1E-3
5125	837.5	0	1E-3
5145	841.4	0	1E-3
5165	844.4	-1E-3	1E-3
5185	847.9	-1E-3	1E-3
5205	851.6	-1E-3	1E-3
5225	855.4	-1E-3	1E-3
5245	858.7	-0.002	1E-3
5265	862.6	-0.002	1E-3
5285	865.9	-0.003	1E-3
5305	869.4	-0.003	1E-3
5325	872.9	-0.003	1E-3
5346	876.4	-0.004	1E-3
5366	880.1	-0.004	1E-3
5386	883.4	-0.005	1E-3
5406	887.1	-0.005	1E-3
5426	890.2	-0.006	1E-3
5446	893.7	-0.007	1E-3
5466	897.2	-0.007	1E-3
5486	900.5	-0.008	1E-3
5506	904.1	-0.009	1E-3
5526	907.5	-0.01	1E-3
5546	910.9	-0.011	1E-3
5566	914.5	-0.012	1E-3
5586	917.7	-0.014	1E-3
5606	921.4	-0.015	1E-3
5626	924.9	-0.016	1E-3
5646	928.2	-0.017	1E-3
5666	932	-0.019	1E-3
5686	935.2	-0.02	1E-3
5706	938.5	-0.023	1E-3
5726	942	-0.025	1E-3
5746	945.7	-0.027	1E-3
5766	949.2	-0.028	1E-3
5786	952.7	-0.03	1E-3
5806	956	-0.033	1E-3
5826	959.5	-0.036	1E-3
5846	962.8	-0.038	1E-3
5866	966.4	-0.041	1E-3
5886	970.2	-0.044	1E-3
5906	973.7	-0.047	1E-3
5926	977.2	-0.051	1E-3
5946	980.9	-0.055	1E-3
5966	984.4	-0.058	1E-3
5986	988	-0.062	1E-3
6006	991.4	-0.067	1E-3
6026	994.7	-0.07	1E-3
6046	998.4	-0.075	1E-3
6066	1001.7	-0.08	1E-3
6086	1004.8	-0.085	1E-3
6106	1008.4	-0.09	1E-3
6126	1012	-0.096	1E-3
6146	1015.9	-0.101	1E-3
6166	1019.4	-0.107	1E-3
6186	1022.7	-0.113	1E-3
6206	1025.8	-0.119	1E-3
6226	1029.2	-0.126	1E-3
6246	1032.7	-0.133	1E-3
6266	1036.2	-0.139	1E-3
6286	1039.8	-0.147	1E-3
6306	1043.3	-0.154	1E-3
6326	1046.5	-0.161	1E-3
6346	1050	-0.169	1E-3
6366	1053.5	-0.177	1E-3
6386	1057	-0.186	1E-3
6406	1060.5	-0.193	1E-3
6426	1063.8	-0.202	1E-3
6446	1067.7	-0.211	1E-3
6466	1071.2	-0.22	1E-3
6486	1074.5	-0.229	1E-3
6506	1077.8	-0.239	1E-3
6526	1081.3	-0.249	1E-3
6546	1085	-0.259	1E-3
6566	1088.3	-0.269	1E-3
6586	1092.2	-0.28	1E-3
6606	1095.3	-0.291	1E-3
6626	1098.8	-0.302	1E-3
6646	1102.3	-0.313	1E-3
6666	1106	-0.325	1E-3
6687	1109.7	-0.337	1E-3
6707	1113	-0.349	1E-3
6727	1116.3	-0.361	1E-3
6747	1120	-0.374	1E-3
6767	1123.5	-0.387	1E-3
6787	1127.2	-0.4	1E-3
6807	1130.5	-0.414	1E-3
6827	1134	-0.428	1E-3
6847	1137.7	-0.442	1E-3
6867	1141	-0.457	1E-3
6887	1144.5	-0.471	1E-3
6907	1148.4	-0.486	1E-3
6927	1151.7	-0.502	1E-3
6947	1155.3	-0.517	1E-3
6967	1158.9	-0.533	1E-3
6987	1162.2	-0.549	1E-3
7007	1165.9	-0.565	1E-3
7027	1169.2	-0.582	1E-3
7047	1172.8	-0.598	1E-3
7067	1176.4	-0.616	1E-3
7087	1179.7	-0.633	1E-3
7107	1183.4	-0.65	1E-3
7127	1186.7	-0.667	1E-3
7147	1190.2	-0.685	1E-3
7167	1194	-0.703	1E-3
7187	1197.3	-0.72	1E-3
7207	1201	-0.738	1E-3
7227	1204.3	-0.756	1E-3
7247	1208	-0.775	1E-3
7267	1211.5	-0.792	1E-3
7287	1215.2	-0.81	1E-3
7307	1218.7	-0.828	1E-3
7327	1222.2	-0.846	1E-3
7347	1225.9	-0.864	1E-3
7367	1229	-0.882	1E-3
7387	1232.7	-0.9	1E-3
7407	1236	-0.918	1E-3
7428	1239.9	-0.936	1E-3
7448	1243.2	-0.953	1E-3
7468	1246.9	-0.971	1E-3
7488	1250.4	-0.988	1E-3
7508	1253.7	-1.006	1E-3
7528	1257.4	-1.024	1E-3
7548	1260.9	-1.04	1E-3
7568	1264.4	-1.057	1E-3
7588	1268.1	-1.074	1E-3
7608	1271.6	-1.091	1E-3
7628	1274.7	-1.107	1E-3
7648	1278.6	-1.123	1E-3
7668	1281.7	-1.139	1E-3
7688	1285.6	-1.155	1E-3
7708	1288.7	-1.17	1E-3
7728	1292.7	-1.186	1E-3
7748	1295.9	-1.2	1E-3
7768	1299.6	-1.215	1E-3
7788	1302.9	-1.229	1E-3
7808	1306.6	-1.243	1E-3
7828	1310.1	-1.257	1E-3
7848	1313.7	-1.269	1E-3
7868	1316.7	-1.283	1E-3
7888	1320.4	-1.296	1E-3
7908	1324.1	-1.308	1E-3
7928	1327.6	-1.32	1E-3
7948	1331.2	-1.332	1E-3
7968	1334.7	-1.343	1E-3
7988	1338.4	-1.354	1E-3
8008	1341.6	-1.365	1E-3
8028	1344.9	-1.376	1E-3
8048	1348.7	-1.386	1E-3
8068	1352.1	-1.395	1E-3
8088	1355.5	-1.405	1E-3
8108	1358.9	-1.414	1E-3
8128	1362.4	-1.423	1E-3
8148	1365.9	-1.431	1E-3
8168	1369.2	-1.439	1E-3
8188	1372.5	-1.447	1E-3
8208	1376.4	-1.455	1E-3
8228	1379.9	-1.463	1E-3
8248	1383.2	-1.469	1E-3
8268	1386.7	-1.476	1E-3
8308	1379	-1.491	1E-3
8329	1387.9	-1.493	1E-3
8353	1391.6	-1.499	1E-3
8374	1392.1	-1.505	1E-3
8394	1391.8	-1.509	1E-3
8414	1390.6	-1.513	1E-3
8434	1388.6	-1.517	1E-3
8454	1386.7	-1.52	1E-3
8474	1384.6	-1.523	1E-3
8494	1382.2	-1.525	1E-3
8514	1379.2	-1.527	1E-3
8534	1376.2	-1.529	1E-3
8554	1373.1	-1.531	1E-3
8574	1370.1	-1.533	1E-3
8594	1367.1	-1.534	1E-3
8614	1363.8	-1.536	1E-3
8634	1360.6	-1.537	1E-3
8654	1357.3	-1.538	1E-3
8674	1354	-1.539	1E-3
8694	1350.8	-1.54	1E-3
8714	1347.3	-1.541	1E-3
8734	1343.8	-1.542	1E-3
8754	1340.8	-1.543	1E-3
8774	1337.7	-1.543	1E-3
8794	1334.6	-1.544	1E-3
8814	1330.9	-1.545	1E-3
8834	1327.7	-1.545	1E-3
8854	1324.6	-1.546	1E-3
8874	1320.9	-1.547	1E-3
8894	1318.3	-1.547	1E-3
8914	1314.8	-1.547	1E-3
8934	1311.6	-1.548	1E-3
8954	1308.3	-1.548	1E-3
8974	1305.2	-1.548	1E-3
8995	1301.7	-1.549	1E-3
9015	1298.5	-1.549	1E-3
9035	1295.7	-1.549	1E-3
9055	1292.2	-1.55	1E-3
9075	1288.9	-1.55	1E-3
9095	1285.6	-1.55	1E-3
9115	1282.2	-1.55	1E-3
9135	1278.9	-1.551	1E-3
9155	1275.9	-1.551	1E-3
9175	1272.8	-1.552	1E-3
9195	1269.6	-1.552	1E-3
9215	1266.3	-1.552	1E-3
9235	1263	-1.552	1E-3
9255	1259.5	-1.553	1E-3
9275	1256.5	-1.553	1E-3
9295	1253.2	-1.553	1E-3
9315	1250.2	-1.553	1E-3
9335	1246.9	-1.554	1E-3
9355	1243.7	-1.554	1E-3
9375	1240.2	-1.554	1E-3
9395	1237.1	-1.555	1E-3
9415	1233.8	-1.555	1E-3
9435	1230.9	-1.555	1E-3
9455	1227.6	-1.555	1E-3
9475	1224.3	-1.556	1E-3
9495	1221	-1.556	1E-3
9515	1217.8	-1.556	1E-3
9535	1214.7	-1.556	1E-3
9555	1211.3	-1.556	1E-3
9575	1208.2	-1.557	1E-3
9595	1205.1	-1.557	1E-3
9615	1201.7	-1.557	1E-3
9635	1198.6	-1.557	1E-3
9655	1195.4	-1.558	1E-3
9675	1192.1	-1.558	1E-3
9695	1188.8	-1.558	1E-3
9715	1186	-1.558	1E-3
9735	1182.7	-1.558	1E-3
9755	1179.3	-1.559	1E-3
9775	1176.2	-1.559	1E-3
9795	1173	-1.559	1E-3
9815	1169.7	-1.559	1E-3
9835	1166.6	-1.559	1E-3
9855	1163.4	-1.56	1E-3
9875	1160.3	-1.56	1E-3
9895	1157.1	-1.56	1E-3
9915	1154	-1.56	1E-3
9935	1150.4	-1.561	1E-3
9955	1147.5	-1.561	1E-3
9975	1144.3	-1.561	1E-3
9995	1141.2	-1.561	1E-3
10015	1138	-1.562	1E-3
10035	1134.9	-1.562	1E-3
10055	1131.6	-1.562	1E-3
10075	1128.2	-1.562	1E-3
10096	1125.1	-1.563	1E-3
10120	1121.2	-1.563	1E-3
10141	1118.1	-1.563	1E-3
10161	1114.9	-1.563	1E-3
10181	1111.6	-1.564	1E-3
10201	1108.5	-1.564	1E-3
10221	1105.1	-1.564	1E-3
10241	1102	-1.564	1E-3
10261	1098.8	-1.564	1E-3
10281	1095.7	-1.565	1E-3
10301	1092.5	-1.565	1E-3
10321	1089.4	-1.565	1E-3
10341	1086	-1.565	1E-3
10361	1082.7	-1.565	1E-3
10381	1079.6	-1.565	1E-3
10401	1076.4	-1.566	1E-3
10421	1073.3	-1.566	1E-3
10441	1070.1	-1.566	1E-3
10461	1067	-1.566	1E-3
10481	1063.8	-1.567	1E-3
10501	1060.5	-1.567	1E-3
10521	1057.3	-1.567	1E-3
10541	1054.5	-1.567	1E-3
10561	1051.2	-1.567	1E-3
10581	1047.9	-1.568	1E-3
10601	1044.8	-1.568	1E-3
10621	1041.6	-1.568	1E-3
10641	1038.3	-1.568	1E-3
10661	1035.1	-1.568	1E-3
10681	1032.2	-1.569	1E-3
10701	1029	-1.569	1E-3
10721	1025.7	-1.569	1E-3
10741	1022.5	-1.569	1E-3
10761	1019.4	-1.57	1E-3
10781	1015.9	-1.57	1E-3
10801	1013.1	-1.57	1E-3
10821	1010.1	-1.57	1E-3
10841	1006.8	-1.57	1E-3
10862	1003.6	-1.571	1E-3
10882	1000.3	-1.571	1E-3
10902	997.2	-1.571	1E-3
10922	994	-1.571	1E-3
10942	991	-1.572	1E-3
10962	988	-1.572	1E-3
10982	984.7	-1.572	1E-3
11002	981.6	-1.573	1E-3
11022	978.4	-1.573	1E-3
11042	974.9	-1.573	1E-3
11062	971.6	-1.573	1E-3
11082	968.6	-1.573	1E-3
11102	965.8	-1.574	1E-3
11122	962.5	-1.574	1E-3
11142	959.4	-1.574	1E-3
11162	956.2	-1.574	1E-3
11182	952.9	-1.575	1E-3
11202	949.7	-1.575	1E-3
11222	946.6	-1.575	1E-3
11242	943.4	-1.575	1E-3
11262	940.5	-1.575	1E-3
11282	937.1	-1.576	1E-3
11302	934	-1.576	1E-3
11322	930.8	-1.576	1E-3
11342	927.5	-1.576	1E-3
11362	924.5	-1.576	1E-3
11382	921.5	-1.576	1E-3
11402	918.2	-1.577	1E-3
11422	915.3	-1.577	1E-3
11442	911.9	-1.577	1E-3
11462	909	-1.577	1E-3
11482	905.6	-1.577	1E-3
11502	902.5	-1.578	1E-3
11522	899.5	-1.578	1E-3
11542	896.5	-1.578	1E-3
11562	893.4	-1.578	1E-3
11583	890	-1.578	1E-3
11607	886	-1.578	1E-3
11627	883	-1.579	1E-3
11647	880.1	-1.579	1E-3
11668	877.1	-1.579	1E-3
11688	874.1	-1.579	1E-3
11708	870.8	-1.579	1E-3
11728	867.8	-1.58	1E-3
11748	864.5	-1.58	1E-3
11768	861.2	-1.58	1E-3
11788	858	-1.58	1E-3
11808	855.1	-1.58	1E-3
11828	851.7	-1.58	1E-3
11848	848.8	-1.581	1E-3
11868	845.6	-1.581	1E-3
11888	842.3	-1.581	1E-3
11908	839.3	-1.581	1E-3
11928	836	-1.582	1E-3
11948	833	-1.582	1E-3
11968	829.8	-1.582	1E-3
11988	826.9	-1.582	1E-3
12008	823.5	-1.583	1E-3
12028	820.4	-1.583	1E-3
12048	817.3	-1.583	1E-3
12068	814.1	-1.583	1E-3
12088	811.1	-1.583	1E-3
12108	808.2	-1.584	1E-3
12128	805	-1.584	1E-3
12148	801.9	-1.584	1E-3
12168	798.7	-1.584	1E-3
12188	795.4	-1.584	1E-3
12208	792.4	-1.585	1E-3
12228	789.2	-1.585	1E-3
12248	786.4	-1.585	1E-3
12268	783.5	-1.585	1E-3
12288	780.5	-1.585	1E-3
12308	777.2	-1.586	1E-3
12328	774	-1.586	1E-3
12348	771	-1.586	1E-3
12368	768.1	-1.586	1E-3
12388	764.6	-1.586	1E-3
12409	762	-1.586	1E-3
12429	759.2	-1.587	1E-3
12449	755.8	-1.587	1E-3
12469	752.5	-1.587	1E-3
12489	749.5	-1.587	1E-3
12509	746.4	-1.587	1E-3
12529	743.4	-1.587	1E-3
12549	740.2	-1.587	1E-3
12569	737.4	-1.587	1E-3
12589	734.1	-1.588	1E-3
12609	731.1	-1.588	1E-3
12629	728	-1.588	1E-3
12649	724.8	-1.588	1E-3
12669	721.7	-1.588	1E-3
12689	718.7	-1.588	1E-3
12709	715.8	-1.588	1E-3
12729	713	-1.588	1E-3
12749	710	-1.589	1E-3
12769	707	-1.589	1E-3
12789	704	-1.589	1E-3
12809	701.1	-1.589	1E-3
12829	698.1	-1.589	1E-3
12849	695.1	-1.589	1E-3
12869	692.5	-1.589	1E-3
12889	689.7	-1.589	1E-3
12909	686.9	-1.59	1E-3
12929	684.1	-1.59	1E-3
12949	681.3	-1.59	1E-3
12969	678.5	-1.59	1E-3
12989	675.5	-1.59	1E-3
13009	672.7	-1.59	1E-3
13029	670.1	-1.591	1E-3
13049	667.6	-1.591	1E-3
13069	664.8	-1.591	1E-3
13089	662.4	-1.591	1E-3
13109	659.8	-1.591	1E-3
13129	657	-1.592	1E-3
13150	654.5	-1.592	1E-3
13170	651.7	-1.592	1E-3
13190	648.9	-1.592	1E-3
13210	646.5	-1.593	1E-3
13230	644	-1.593	1E-3
13250	641.4	-1.593	1E-3
13270	638.8	-1.593	1E-3
13290	636.1	-1.593	1E-3
13310	633.7	-1.593	1E-3
13330	631.1	-1.594	1E-3
13350	628.6	-1.594	1E-3
13370	626	-1.594	1E-3
13390	623.5	-1.594	1E-3
13410	621.3	-1.594	1E-3
13430	618.8	-1.595	1E-3
13450	616.3	-1.595	1E-3
13470	614.1	-1.595	1E-3
13490	611.6	-1.595	1E-3
13510	609.2	-1.595	1E-3
13530	606.7	-1.595	1E-3
13550	604.3	-1.596	1E-3
13570	602	-1.596	1E-3
13590	599.5	-1.596	1E-3
13610	597.5	-1.596	1E-3
13630	595.4	-1.596	1E-3
13650	593.1	-1.596	1E-3
13670	590.6	-1.597	1E-3
13690	588.3	-1.597	1E-3
13710	586.1	-1.597	1E-3
13730	584	-1.597	1E-3
13750	581.7	-1.597	1E-3
13770	579.4	-1.598	1E-3
13790	577.3	-1.598	1E-3
13810	575.1	-1.598	1E-3
13830	573.1	-1.598	1E-3
13850	571	-1.598	1E-3
13870	568.8	-1.598	1E-3
13890	566.7	-1.598	1E-3
13910	564.4	-1.599	1E-3
13930	562.3	-1.599	1E-3
13950	560.2	-1.599	1E-3
13970	557.9	-1.599	1E-3
13990	555.8	-1.599	1E-3
14010	553.7	-1.599	1E-3
14030	551.8	-1.599	1E-3
14050	549.7	-1.6	1E-3
14070	547.6	-1.6	1E-3
14090	545.5	-1.6	1E-3
14110	543.4	-1.6	1E-3
14130	541.5	-1.6	1E-3
14150	539.2	-1.601	1E-3
14170	537.3	-1.601	1E-3
14190	535.1	-1.601	1E-3
14210	533	-1.601	1E-3
14231	531	-1.601	1E-3
14255	528.5	-1.601	1E-3
14275	526.4	-1.601	1E-3
14295	524.7	-1.602	1E-3
14315	522.7	-1.602	1E-3
14335	520.8	-1.602	1E-3
14355	518.9	-1.602	1E-3
14376	517	-1.602	1E-3
14396	515	-1.602	1E-3
14416	512.8	-1.603	1E-3
14436	510.8	-1.603	1E-3
14456	508.9	-1.603	1E-3
14476	507	-1.603	1E-3
14496	505	-1.603	1E-3
14516	503.1	-1.603	1E-3
14536	501.5	-1.604	1E-3
14556	499.6	-1.604	1E-3
14576	497.7	-1.604	1E-3
14596	496	-1.604	1E-3
14616	494.2	-1.604	1E-3
14636	492.1	-1.604	1E-3
14656	490.4	-1.604	1E-3
14676	488.6	-1.604	1E-3
14696	486.7	-1.604	1E-3
14716	484.8	-1.605	1E-3
14736	483	-1.605	1E-3
14756	481.1	-1.605	1E-3
14776	479.3	-1.605	1E-3
14796	477.6	-1.605	1E-3
14816	475.8	-1.605	1E-3
14836	474.3	-1.605	1E-3
14856	472.5	-1.605	1E-3
14876	470.8	-1.606	1E-3
14896	469	-1.606	1E-3
14916	467.3	-1.606	1E-3
14936	465.5	-1.606	1E-3
14956	463.7	-1.606	1E-3
14976	462	-1.606	1E-3
14996	460.4	-1.606	1E-3
15016	458.5	-1.606	1E-3
15036	456.8	-1.607	1E-3
15056	455.2	-1.607	1E-3
15076	453.4	-1.607	1E-3
15096	452	-1.607	1E-3
15116	450.3	-1.607	1E-3
15136	448.7	-1.607	1E-3
15156	447.1	-1.607	1E-3
15176	445.5	-1.607	1E-3
15196	443.6	-1.607	1E-3
15216	441.9	-1.607	1E-3
15237	440.5	-1.608	1E-3
15257	438.4	-1.608	1E-3
15277	437	-1.608	1E-3
15297	435.4	-1.608	1E-3
15317	433.7	-1.608	1E-3
15337	431.7	-1.608	1E-3
15357	430.1	-1.608	1E-3
15377	428.8	-1.609	1E-3
15397	427.2	-1.609	1E-3
15417	425.8	-1.609	1E-3
15437	424.2	-1.609	1E-3
15457	422.6	-1.609	1E-3
15477	420.7	-1.609	1E-3
15497	419.1	-1.609	1E-3
15547	415.3	-1.609	1E-3
15567	413.5	-1.609	1E-3
15587	412.1	-1.61	1E-3
15607	410.2	-1.61	1E-3
15627	408.6	-1.61	1E-3
15647	407.2	-1.61	1E-3
15667	405.5	-1.61	1E-3
15687	404.1	-1.61	1E-3
15707	402.7	-1.61	1E-3
15727	401.1	-1.611	1E-3
15747	399.7	-1.611	1E-3
15767	398.3	-1.611	1E-3
15787	396.7	-1.611	1E-3
15807	395.3	-1.611	1E-3
15827	393.9	-1.611	1E-3
15847	392.4	-1.611	1E-3
15867	390.8	-1.611	1E-3
15887	389.4	-1.611	1E-3
15907	387.8	-1.612	1E-3
15928	386.2	-1.612	1E-3
15948	384.8	-1.612	1E-3
15968	383.4	-1.612	1E-3
15988	381.9	-1.612	1E-3
16008	380.6	-1.612	1E-3
16028	379	-1.612	1E-3
16048	377.6	-1.612	1E-3
16068	376.4	-1.613	1E-3
16088	375	-1.613	1E-3
16108	373.6	-1.613	1E-3
16128	372.1	-1.613	1E-3
16148	371.2	-1.613	1E-3
16168	369.4	-1.613	1E-3
16188	368	-1.613	1E-3
16208	366.6	-1.613	1E-3
16228	365.4	-1.614	1E-3
16248	363.8	-1.614	1E-3
16268	362.6	-1.614	1E-3
16288	361	-1.614	1E-3
16308	359.8	-1.614	1E-3
16328	358.4	-1.614	1E-3
16348	357.2	-1.614	1E-3
16368	355.8	-1.614	1E-3
16388	354.6	-1.614	1E-3
16408	353.1	-1.614	1E-3
16428	351.8	-1.615	1E-3
16448	350.5	-1.615	1E-3
16468	349.1	-1.615	1E-3
16488	348.3	-1.615	1E-3
16508	346.5	-1.615	1E-3
16528	345.3	-1.615	1E-3
16548	343.9	-1.615	1E-3
16568	342.7	-1.615	1E-3
16588	341.3	-1.615	1E-3
16608	339.8	-1.615	1E-3
16628	338.6	-1.616	1E-3
16648	337.2	-1.616	1E-3
16668	336	-1.616	1E-3
16688	334.6	-1.616	1E-3
16708	333.2	-1.616	1E-3
16728	332	-1.616	1E-3
16748	330.8	-1.616	1E-3
16768	329.5	-1.616	1E-3
16788	328.1	-1.616	1E-3
16808	326.9	-1.616	1E-3
16828	325.5	-1.616	1E-3
16848	324.5	-1.616	1E-3
16868	323	-1.617	1E-3
16888	322	-1.617	1E-3
16908	320.8	-1.617	1E-3
16929	319.6	-1.617	1E-3
16949	318.3	-1.617	1E-3
16969	316.9	-1.617	1E-3
16989	315.9	-1.617	1E-3
17009	314.6	-1.617	1E-3
17029	313.4	-1.617	1E-3
17049	312.2	-1.617	1E-3
17069	311	-1.617	1E-3
17089	309.8	-1.617	1E-3
17109	308.7	-1.617	1E-3
17129	307.3	-1.617	1E-3
17149	306.3	-1.618	1E-3
17169	304.9	-1.618	1E-3
17189	303.8	-1.618	1E-3
17209	302.8	-1.618	1E-3
17229	301.5	-1.618	1E-3
17249	300.3	-1.618	1E-3
17269	299.4	-1.618	1E-3
17289	298.4	-1.618	1E-3
17309	297.1	-1.618	1E-3
17329	295.9	-1.618	1E-3
17349	294.9	-1.618	1E-3
17369	293.7	-1.618	1E-3
17389	292.6	-1.619	1E-3
17409	291.4	-1.619	1E-3
17429	290.3	-1.619	1E-3
17449	289.3	-1.619	1E-3
17469	288	-1.619	1E-3
17489	287	-1.619	1E-3
17509	285.8	-1.619	1E-3
17529	284.5	-1.619	1E-3
17549	283.7	-1.619	1E-3
17569	282.4	-1.619	1E-3
17589	281.6	-1.619	1E-3
17609	280.4	-1.619	1E-3
17629	279.3	-1.619	1E-3
17649	278.4	-1.619	1E-3
17669	277.2	-1.619	1E-3
17689	276.1	-1.62	1E-3
17709	275.3	-1.62	1E-3
17729	274.2	-1.62	1E-3
17749	273.2	-1.62	1E-3
17769	272.1	-1.62	1E-3
17789	271.1	-1.62	1E-3
17810	270.2	-1.62	1E-3
17830	269.1	-1.62	1E-3
17850	267.9	-1.62	1E-3
17870	267.1	-1.62	1E-3
17890	265.8	-1.62	1E-3
17910	264.6	-1.62	1E-3
