0	19.4	0	1E-3
21	19.4	0	1E-3
46	19.4	0	1E-3
66	19.3	0	1E-3
86	19.3	0	1E-3
106	19.1	0	1E-3
126	19.1	0	1E-3
146	18.9	0	1E-3
166	19.3	0	1E-3
186	19.8	0	1E-3
206	19.6	0	1E-3
226	20.1	0	1E-3
246	19.6	-1E-3	1E-3
266	20.1	-1E-3	1E-3
286	20.8	-1E-3	1E-3
306	21	-1E-3	1E-3
326	21.5	-1E-3	1E-3
346	21.7	-0.002	1E-3
366	22.4	-0.002	1E-3
386	23.1	-0.002	1E-3
406	24	-0.002	1E-3
426	24.3	-0.003	1E-3
446	25.4	-0.003	1E-3
466	26.3	-0.003	1E-3
486	27.3	-0.003	1E-3
506	28.2	-0.004	1E-3
526	29.2	-0.004	1E-3
546	30.1	-0.004	1E-3
566	31.3	-0.005	1E-3
586	32.5	-0.005	1E-3
606	33.8	-0.006	1E-3
626	35	-0.006	1E-3
646	36.4	-0.006	1E-3
666	38	-0.006	1E-3
686	39.9	-0.006	1E-3
706	41.3	-0.007	1E-3
726	42.9	-0.007	1E-3
746	44.8	-0.007	1E-3
766	46.2	-0.008	1E-3
786	48.1	-0.008	1E-3
806	50	-0.008	1E-3
826	52	-0.008	1E-3
846	54.3	-0.009	1E-3
866	56.4	-0.009	1E-3
886	58.4	-0.009	1E-3
906	61.1	-0.009	1E-3
926	63.3	-0.01	1E-3
946	66	-0.01	1E-3
966	68.3	-0.01	1E-3
986	70.9	-0.011	1E-3
1006	73.5	-0.011	1E-3
1026	76.3	-0.011	1E-3
1046	78.9	-0.011	1E-3
1066	81.7	-0.011	1E-3
1086	84.5	-0.012	1E-3
1106	87.5	-0.012	1E-3
1126	90.6	-0.012	1E-3
1146	93.8	-0.012	1E-3
1166	97.1	-0.012	1E-3
1186	100.4	-0.013	1E-3
1206	103.9	-0.013	1E-3
1226	107.1	-0.013	1E-3
1246	110.4	-0.013	1E-3
1266	113.7	-0.013	1E-3
1286	116.9	-0.013	1E-3
1306	120.8	-0.013	1E-3
1326	124.1	-0.013	1E-3
1346	127.9	-0.013	1E-3
1366	131.8	-0.013	1E-3
1386	135.6	-0.014	1E-3
1406	139.7	-0.014	1E-3
1426	143.7	-0.014	1E-3
1446	147.5	-0.014	1E-3
1466	151.9	-0.014	1E-3
1486	155.6	-0.014	1E-3
1506	160	-0.014	1E-3
1526	163.6	-0.015	1E-3
1546	168	-0.015	1E-3
1566	172.2	-0.015	1E-3
1586	176.4	-0.015	1E-3
1606	180.8	-0.015	1E-3
1626	185.2	-0.015	1E-3
1646	189.5	-0.015	1E-3
1666	194.4	-0.015	1E-3
1686	199.2	-0.015	1E-3
1706	203.2	-0.015	1E-3
1726	207.7	-0.015	1E-3
1746	212.5	-0.015	1E-3
1766	217.2	-0.015	1E-3
1786	221.7	-0.015	1E-3
1806	226.6	-0.015	1E-3
1826	231	-0.015	1E-3
1846	235.9	-0.015	1E-3
1866	240.6	-0.015	1E-3
1886	245.5	-0.015	1E-3
1906	250.6	-0.015	1E-3
1926	255.5	-0.015	1E-3
1946	260.6	-0.014	1E-3
1966	265.7	-0.014	1E-3
1986	270.9	-0.014	1E-3
2006	275.8	-0.014	1E-3
2026	280.4	-0.014	1E-3
2046	285.4	-0.014	1E-3
2066	290.5	-0.014	1E-3
2086	295.8	-0.014	1E-3
2106	300.8	-0.014	1E-3
2126	305.7	-0.013	1E-3
2146	311	-0.013	1E-3
2166	316	-0.013	1E-3
2186	321.3	-0.013	1E-3
2206	326.7	-0.013	1E-3
2226	331.8	-0.013	1E-3
2246	337	-0.012	1E-3
2266	342.3	-0.012	1E-3
2286	347.7	-0.012	1E-3
2306	353.1	-0.012	1E-3
2326	358.2	-0.012	1E-3
2346	363.3	-0.011	1E-3
2366	368.5	-0.011	1E-3
2386	373.8	-0.011	1E-3
2406	379	-0.011	1E-3
2426	384.1	-0.011	1E-3
2446	389.7	-0.01	1E-3
2466	395	-0.01	1E-3
2486	400.2	-0.01	1E-3
2506	405.5	-0.01	1E-3
2526	410.7	-0.01	1E-3
2546	416	-0.009	1E-3
2566	421.4	-0.009	1E-3
2586	426.6	-0.009	1E-3
2606	431.7	-0.008	1E-3
2626	437.1	-0.008	1E-3
2646	442.6	-0.008	1E-3
2666	447.8	-0.008	1E-3
2686	453.1	-0.007	1E-3
2706	458	-0.007	1E-3
2726	463.2	-0.007	1E-3
2746	468.6	-0.007	1E-3
2766	473.9	-0.006	1E-3
2786	479	-0.006	1E-3
2806	483.9	-0.006	1E-3
2826	489.3	-0.005	1E-3
2846	494.7	-0.005	1E-3
2866	499.8	-0.005	1E-3
2886	504.7	-0.004	1E-3
2906	509.9	-0.004	1E-3
2926	515.2	-0.004	1E-3
2946	520.1	-0.003	1E-3
2966	525.5	-0.003	1E-3
2986	530.4	-0.003	1E-3
3006	535.5	-0.003	1E-3
3026	540.9	-0.002	1E-3
3046	545.8	-0.002	1E-3
3066	550.9	-0.002	1E-3
3086	556	-0.002	1E-3
3106	560.9	-1E-3	1E-3
3126	566	-1E-3	1E-3
3146	570.8	-1E-3	1E-3
3166	575.8	-1E-3	1E-3
3186	580.5	-1E-3	1E-3
3206	585.4	0	1E-3
3226	590.6	0	1E-3
3246	595.5	0	1E-3
3266	600.3	0	1E-3
3286	605	0	1E-3
3306	609.9	0	1E-3
3326	614.8	1E-3	1E-3
3346	620	1E-3	1E-3
3366	624.6	1E-3	1E-3
3386	629.3	1E-3	1E-3
3406	634.2	1E-3	1E-3
3426	639.1	1E-3	1E-3
3446	644	0.002	1E-3
3466	648.9	0.002	1E-3
3486	653.5	0.002	1E-3
3506	658.2	0.002	1E-3
3526	662.7	0.002	1E-3
3546	667.4	0.002	1E-3
3566	672	0.003	1E-3
3586	676.5	0.003	1E-3
3606	681.3	0.003	1E-3
3626	686	0.003	1E-3
3646	690.5	0.003	1E-3
3666	694.9	0.003	1E-3
3686	699.3	0.003	1E-3
3706	704	0.004	1E-3
3726	708.6	0.004	1E-3
3746	713.1	0.004	1E-3
3766	718	0.004	1E-3
3786	722.6	0.004	1E-3
3806	727	0.004	1E-3
3826	731.5	0.004	1E-3
3846	736.2	0.004	1E-3
3866	740.8	0.004	1E-3
3886	745	0.004	1E-3
3906	749.7	0.005	1E-3
3926	754.4	0.005	1E-3
3946	759	0.005	1E-3
3966	763.3	0.005	1E-3
3986	767.7	0.005	1E-3
4006	772.1	0.005	1E-3
4026	776.3	0.005	1E-3
4046	780.8	0.005	1E-3
4066	785.2	0.005	1E-3
4086	789.4	0.005	1E-3
4106	793.8	0.005	1E-3
4126	798	0.005	1E-3
4146	802.4	0.005	1E-3
4166	806.9	0.005	1E-3
4186	811.5	0.005	1E-3
4206	815.3	0.005	1E-3
4226	819.7	0.005	1E-3
4246	823.9	0.004	1E-3
4266	828.6	0.004	1E-3
4286	833.2	0.004	1E-3
4306	837.2	0.004	1E-3
4326	841.4	0.004	1E-3
4346	845.9	0.003	1E-3
4366	850.3	0.003	1E-3
4386	854.7	0.003	1E-3
4406	858.9	0.003	1E-3
4426	863.1	0.002	1E-3
4446	867.7	0.002	1E-3
4466	871.8	0.002	1E-3
4486	876.2	1E-3	1E-3
4506	880.3	1E-3	1E-3
4526	884.6	0	1E-3
4546	889	0	1E-3
4566	893.2	-1E-3	1E-3
4586	897.2	-0.002	1E-3
4606	901.8	-0.002	1E-3
4626	905.8	-0.004	1E-3
4646	909.8	-0.005	1E-3
4666	914	-0.006	1E-3
4686	918.4	-0.007	1E-3
4706	922.8	-0.009	1E-3
4726	926.8	-0.01	1E-3
4746	931.2	-0.011	1E-3
4766	935	-0.013	1E-3
4786	939.6	-0.015	1E-3
4806	943.9	-0.017	1E-3
4826	948.2	-0.019	1E-3
4846	952	-0.021	1E-3
4866	956.4	-0.024	1E-3
4886	960.8	-0.027	1E-3
4906	965.1	-0.03	1E-3
4926	969.5	-0.033	1E-3
4946	973.7	-0.037	1E-3
4966	977.7	-0.04	1E-3
4986	982.1	-0.044	1E-3
5006	986.5	-0.049	1E-3
5026	990.7	-0.053	1E-3
5046	994.9	-0.058	1E-3
5066	998.7	-0.063	1E-3
5086	1002.9	-0.068	1E-3
5106	1007.3	-0.073	1E-3
5126	1011.5	-0.08	1E-3
5146	1015.7	-0.086	1E-3
5166	1019.7	-0.092	1E-3
5186	1023.9	-0.099	1E-3
5206	1028	-0.106	1E-3
5226	1032.3	-0.113	1E-3
5246	1036.7	-0.121	1E-3
5266	1040.7	-0.13	1E-3
5286	1044.8	-0.138	1E-3
5306	1048.9	-0.147	1E-3
5326	1053.3	-0.156	1E-3
5346	1057.3	-0.165	1E-3
5366	1061.5	-0.175	1E-3
5386	1065.8	-0.185	1E-3
5406	1069.8	-0.195	1E-3
5426	1074	-0.206	1E-3
5446	1078.3	-0.217	1E-3
5466	1082.6	-0.228	1E-3
5486	1086.9	-0.24	1E-3
5506	1091.1	-0.253	1E-3
5526	1095.5	-0.266	1E-3
5546	1099.7	-0.279	1E-3
5566	1104.1	-0.292	1E-3
5586	1108.3	-0.306	1E-3
5606	1112.3	-0.32	1E-3
5626	1116.8	-0.335	1E-3
5646	1121	-0.35	1E-3
5666	1125.3	-0.366	1E-3
5686	1129.3	-0.382	1E-3
5706	1133.3	-0.398	1E-3
5726	1137.7	-0.415	1E-3
5746	1142.1	-0.432	1E-3
5766	1146.3	-0.45	1E-3
5786	1150.4	-0.468	1E-3
5806	1154.3	-0.487	1E-3
5826	1158.7	-0.506	1E-3
5846	1162.9	-0.525	1E-3
5866	1167.3	-0.545	1E-3
5886	1171.6	-0.565	1E-3
5906	1175.8	-0.585	1E-3
5926	1179.8	-0.606	1E-3
5946	1184.2	-0.627	1E-3
5966	1188.6	-0.648	1E-3
5986	1192.8	-0.669	1E-3
6006	1197	-0.691	1E-3
6026	1201.2	-0.712	1E-3
6046	1205.6	-0.734	1E-3
6066	1209.9	-0.756	1E-3
6086	1214.3	-0.778	1E-3
6106	1218.5	-0.8	1E-3
6126	1222.6	-0.822	1E-3
6146	1226.8	-0.844	1E-3
6166	1230.9	-0.866	1E-3
6186	1235.3	-0.889	1E-3
6206	1239.3	-0.91	1E-3
6226	1243.5	-0.932	1E-3
6246	1247.8	-0.953	1E-3
6266	1252.1	-0.974	1E-3
6286	1256.3	-0.995	1E-3
6306	1260.9	-1.016	1E-3
6326	1264.9	-1.037	1E-3
6346	1269.1	-1.057	1E-3
6366	1273.3	-1.077	1E-3
6386	1277.7	-1.096	1E-3
6406	1282.2	-1.116	1E-3
6426	1286.6	-1.135	1E-3
6446	1290.4	-1.153	1E-3
6466	1294.5	-1.172	1E-3
6486	1298.7	-1.19	1E-3
6506	1303.1	-1.208	1E-3
6526	1307.4	-1.225	1E-3
6546	1311.6	-1.241	1E-3
6566	1315.8	-1.258	1E-3
6586	1320.2	-1.274	1E-3
6606	1324.4	-1.29	1E-3
6626	1328.6	-1.304	1E-3
6646	1332.8	-1.319	1E-3
6666	1337	-1.333	1E-3
6686	1341.2	-1.347	1E-3
6706	1345.4	-1.36	1E-3
6726	1349.8	-1.373	1E-3
6746	1354.1	-1.385	1E-3
6766	1358	-1.397	1E-3
6786	1362.2	-1.409	1E-3
6806	1366.4	-1.42	1E-3
6826	1370.6	-1.43	1E-3
6846	1374.8	-1.44	1E-3
6866	1379	-1.45	1E-3
6921	1374.5	-1.475	1E-3
6941	1384.1	-1.479	1E-3
6961	1388.4	-1.486	1E-3
6981	1390	-1.492	1E-3
7001	1390.4	-1.498	1E-3
7021	1389.7	-1.503	1E-3
7041	1388.4	-1.508	1E-3
7061	1386.7	-1.512	1E-3
7081	1384.6	-1.516	1E-3
7101	1382.3	-1.519	1E-3
7121	1379.9	-1.521	1E-3
7141	1376.9	-1.524	1E-3
7161	1373.9	-1.527	1E-3
7181	1370.8	-1.529	1E-3
7201	1367.6	-1.53	1E-3
7221	1364.5	-1.531	1E-3
7241	1361.3	-1.533	1E-3
7261	1358.2	-1.534	1E-3
7281	1354.8	-1.536	1E-3
7301	1351.5	-1.537	1E-3
7321	1348.2	-1.538	1E-3
7341	1345	-1.539	1E-3
7361	1341.7	-1.54	1E-3
7381	1338.6	-1.541	1E-3
7401	1335.3	-1.541	1E-3
7421	1332.1	-1.542	1E-3
7441	1328.8	-1.543	1E-3
7461	1325.4	-1.543	1E-3
7481	1322.1	-1.544	1E-3
7501	1318.8	-1.545	1E-3
7521	1315.7	-1.545	1E-3
7541	1312.7	-1.546	1E-3
7561	1309.5	-1.546	1E-3
7581	1306	-1.547	1E-3
7601	1302.5	-1.547	1E-3
7621	1299.4	-1.547	1E-3
7641	1296	-1.548	1E-3
7662	1292.7	-1.548	1E-3
7682	1289.8	-1.549	1E-3
7702	1286.6	-1.549	1E-3
7722	1283.1	-1.549	1E-3
7742	1280	-1.549	1E-3
7762	1276.6	-1.55	1E-3
7782	1273.5	-1.55	1E-3
7802	1270.5	-1.55	1E-3
7822	1267.2	-1.55	1E-3
7842	1264	-1.551	1E-3
7862	1260.7	-1.551	1E-3
7882	1257.2	-1.551	1E-3
7902	1253.9	-1.551	1E-3
7922	1250.9	-1.551	1E-3
7942	1247.8	-1.552	1E-3
7962	1244.4	-1.552	1E-3
7982	1241.3	-1.552	1E-3
8002	1237.9	-1.553	1E-3
8022	1234.4	-1.553	1E-3
8042	1231.3	-1.553	1E-3
8062	1228.2	-1.553	1E-3
8082	1225.3	-1.554	1E-3
8102	1221.8	-1.554	1E-3
8122	1218.5	-1.554	1E-3
8142	1215.4	-1.554	1E-3
8162	1212.2	-1.555	1E-3
8182	1208.9	-1.555	1E-3
8202	1205.9	-1.555	1E-3
8222	1202.8	-1.555	1E-3
8242	1199.5	-1.556	1E-3
8262	1196.1	-1.556	1E-3
8282	1192.8	-1.556	1E-3
8302	1189.5	-1.556	1E-3
8322	1186.3	-1.557	1E-3
8342	1183.4	-1.557	1E-3
8362	1180	-1.557	1E-3
8382	1176.9	-1.557	1E-3
8402	1173.6	-1.557	1E-3
8422	1170.2	-1.558	1E-3
8442	1167.1	-1.558	1E-3
8462	1163.9	-1.558	1E-3
8482	1160.9	-1.558	1E-3
8502	1157.8	-1.559	1E-3
8522	1154.3	-1.559	1E-3
8542	1151.1	-1.559	1E-3
8562	1147.8	-1.559	1E-3
8582	1144.7	-1.559	1E-3
8602	1141.5	-1.56	1E-3
8622	1138.4	-1.56	1E-3
8642	1135.2	-1.56	1E-3
8662	1131.9	-1.56	1E-3
8682	1128.6	-1.56	1E-3
8702	1125.4	-1.56	1E-3
8722	1122.3	-1.56	1E-3
8742	1119.3	-1.561	1E-3
8762	1116.1	-1.561	1E-3
8782	1112.8	-1.561	1E-3
8802	1109.7	-1.561	1E-3
8822	1106.3	-1.561	1E-3
8842	1103.2	-1.562	1E-3
8862	1099.9	-1.562	1E-3
8882	1096.9	-1.562	1E-3
8902	1093.6	-1.562	1E-3
8922	1090.6	-1.563	1E-3
8942	1087.3	-1.563	1E-3
8962	1083.9	-1.563	1E-3
8982	1080.8	-1.563	1E-3
9002	1077.7	-1.563	1E-3
9022	1074.3	-1.564	1E-3
9042	1071.4	-1.564	1E-3
9062	1068	-1.564	1E-3
9082	1064.9	-1.565	1E-3
9102	1061.4	-1.565	1E-3
9122	1058.1	-1.565	1E-3
9142	1054.9	-1.565	1E-3
9162	1051.9	-1.565	1E-3
9182	1048.8	-1.566	1E-3
9202	1045.6	-1.566	1E-3
9222	1042.5	-1.566	1E-3
9242	1039.2	-1.566	1E-3
9262	1035.8	-1.567	1E-3
9282	1032.5	-1.567	1E-3
9302	1029.3	-1.567	1E-3
9322	1026.4	-1.567	1E-3
9342	1023.2	-1.568	1E-3
9362	1020.1	-1.568	1E-3
9382	1016.7	-1.568	1E-3
9402	1013.6	-1.568	1E-3
9422	1010.6	-1.569	1E-3
9442	1007.1	-1.569	1E-3
9462	1004.3	-1.569	1E-3
9482	1001.3	-1.569	1E-3
9502	998.2	-1.569	1E-3
9522	995	-1.569	1E-3
9542	992.1	-1.57	1E-3
9562	988.8	-1.57	1E-3
9582	985.8	-1.57	1E-3
9602	982.6	-1.57	1E-3
9622	979.3	-1.57	1E-3
9642	976.1	-1.57	1E-3
9662	972.8	-1.571	1E-3
9682	969.7	-1.571	1E-3
9702	966.4	-1.571	1E-3
9722	963.2	-1.571	1E-3
9742	960.2	-1.571	1E-3
9762	957.1	-1.571	1E-3
9782	953.8	-1.572	1E-3
9802	950.6	-1.572	1E-3
9822	947.3	-1.572	1E-3
9842	944.1	-1.572	1E-3
9862	941.2	-1.572	1E-3
9882	938.2	-1.572	1E-3
9902	935	-1.573	1E-3
9922	931.7	-1.573	1E-3
9942	928.6	-1.573	1E-3
9962	925.2	-1.573	1E-3
9982	922.1	-1.574	1E-3
10002	918.9	-1.574	1E-3
10022	916	-1.574	1E-3
10042	912.8	-1.574	1E-3
10062	909.7	-1.574	1E-3
10082	906.5	-1.575	1E-3
10102	903.4	-1.575	1E-3
10122	900	-1.575	1E-3
10142	897	-1.575	1E-3
10162	894.2	-1.576	1E-3
10182	890.9	-1.576	1E-3
10202	887.8	-1.576	1E-3
10222	884.8	-1.576	1E-3
10242	881.7	-1.576	1E-3
10262	878.3	-1.576	1E-3
10282	875.4	-1.577	1E-3
10302	872.5	-1.577	1E-3
10322	869.2	-1.577	1E-3
10342	865.9	-1.577	1E-3
10362	862.8	-1.578	1E-3
10382	859.6	-1.578	1E-3
10402	856.6	-1.578	1E-3
10422	853.5	-1.578	1E-3
10442	850.2	-1.578	1E-3
10462	847	-1.579	1E-3
10482	843.9	-1.579	1E-3
10502	840.9	-1.579	1E-3
10522	837.5	-1.579	1E-3
10542	834.4	-1.58	1E-3
10562	831.3	-1.58	1E-3
10582	827.9	-1.58	1E-3
10602	824.8	-1.58	1E-3
10622	821.8	-1.58	1E-3
10642	818.6	-1.581	1E-3
10662	815.7	-1.581	1E-3
10682	812.5	-1.581	1E-3
10702	809.2	-1.581	1E-3
10723	806.1	-1.581	1E-3
10743	802.9	-1.581	1E-3
10763	799.8	-1.582	1E-3
10783	796.8	-1.582	1E-3
10803	793.8	-1.582	1E-3
10823	790.6	-1.582	1E-3
10843	787.7	-1.582	1E-3
10863	784.3	-1.583	1E-3
10883	781.4	-1.583	1E-3
10903	778.4	-1.583	1E-3
10923	775.4	-1.583	1E-3
10943	772.5	-1.583	1E-3
10963	769.3	-1.584	1E-3
10983	766.1	-1.584	1E-3
11003	763	-1.584	1E-3
11023	760.2	-1.584	1E-3
11043	756.7	-1.584	1E-3
11063	753.9	-1.585	1E-3
11083	750.9	-1.585	1E-3
11103	747.6	-1.585	1E-3
11123	744.6	-1.585	1E-3
11143	741.3	-1.585	1E-3
11163	738.2	-1.586	1E-3
11183	735.2	-1.586	1E-3
11203	732.2	-1.586	1E-3
11223	729.2	-1.586	1E-3
11243	726.3	-1.586	1E-3
11263	722.9	-1.586	1E-3
11283	720	-1.587	1E-3
11303	717	-1.586	1E-3
11323	713.8	-1.587	1E-3
11343	710.7	-1.587	1E-3
11363	707.9	-1.587	1E-3
11383	705.1	-1.587	1E-3
11403	702.1	-1.587	1E-3
11423	699.1	-1.587	1E-3
11443	696.2	-1.588	1E-3
11463	693.2	-1.588	1E-3
11483	690.4	-1.588	1E-3
11503	687.4	-1.588	1E-3
11523	684.8	-1.588	1E-3
11543	682	-1.588	1E-3
11563	679.2	-1.589	1E-3
11583	676.5	-1.589	1E-3
11603	673.4	-1.589	1E-3
11623	670.6	-1.589	1E-3
11643	668	-1.589	1E-3
11663	665.2	-1.589	1E-3
11683	662.4	-1.59	1E-3
11703	659.9	-1.59	1E-3
11723	657.5	-1.59	1E-3
11743	654.8	-1.59	1E-3
11763	652.2	-1.59	1E-3
11783	649.6	-1.59	1E-3
11803	646.8	-1.591	1E-3
11823	644.2	-1.591	1E-3
11843	641.5	-1.591	1E-3
11863	638.9	-1.591	1E-3
11883	636.3	-1.591	1E-3
11903	633.9	-1.591	1E-3
11923	631.4	-1.592	1E-3
11943	628.9	-1.592	1E-3
11963	626.3	-1.592	1E-3
11983	623.9	-1.592	1E-3
12003	621.4	-1.592	1E-3
12023	619	-1.593	1E-3
12043	616.5	-1.593	1E-3
12063	613.9	-1.593	1E-3
12083	611.6	-1.593	1E-3
12103	609.3	-1.593	1E-3
12123	606.9	-1.594	1E-3
12143	604.5	-1.594	1E-3
12163	602	-1.594	1E-3
12183	599.7	-1.594	1E-3
12203	597.6	-1.594	1E-3
12223	595.2	-1.595	1E-3
12243	592.7	-1.595	1E-3
12263	590.6	-1.595	1E-3
12283	588.7	-1.595	1E-3
12303	586.3	-1.595	1E-3
12323	584	-1.595	1E-3
12343	581.7	-1.596	1E-3
12363	579.4	-1.596	1E-3
12383	577.2	-1.596	1E-3
12403	575.2	-1.596	1E-3
12423	573	-1.596	1E-3
12443	570.5	-1.597	1E-3
12463	568.6	-1.597	1E-3
12483	566.7	-1.597	1E-3
12503	564.5	-1.597	1E-3
12523	562.3	-1.597	1E-3
12543	560.3	-1.598	1E-3
12563	558.1	-1.598	1E-3
12583	555.8	-1.598	1E-3
12603	553.5	-1.598	1E-3
12623	551.4	-1.598	1E-3
12643	549.3	-1.598	1E-3
12663	547.1	-1.598	1E-3
12683	545.1	-1.599	1E-3
12703	543	-1.599	1E-3
12723	540.9	-1.599	1E-3
12743	538.8	-1.599	1E-3
12763	536.9	-1.599	1E-3
12783	535	-1.599	1E-3
12803	533	-1.599	1E-3
12823	530.8	-1.6	1E-3
12843	528.7	-1.6	1E-3
12863	526.6	-1.6	1E-3
12883	524.7	-1.6	1E-3
12903	522.7	-1.6	1E-3
12943	518.9	-1.6	1E-3
12963	516.8	-1.6	1E-3
12983	514.8	-1.601	1E-3
13003	512.9	-1.601	1E-3
13023	511.2	-1.601	1E-3
13043	509.3	-1.601	1E-3
13063	507.3	-1.601	1E-3
13083	505.4	-1.601	1E-3
13103	503.3	-1.601	1E-3
13123	501.5	-1.601	1E-3
13143	499.5	-1.602	1E-3
13163	497.7	-1.602	1E-3
13183	495.8	-1.602	1E-3
13203	494	-1.602	1E-3
13223	492.1	-1.602	1E-3
13243	490.2	-1.602	1E-3
13263	488.4	-1.603	1E-3
13283	486.9	-1.603	1E-3
13303	484.9	-1.603	1E-3
13323	483.2	-1.603	1E-3
13343	481.4	-1.603	1E-3
13363	479.7	-1.603	1E-3
13383	477.6	-1.603	1E-3
13403	475.8	-1.604	1E-3
13423	474.1	-1.604	1E-3
13443	472.2	-1.604	1E-3
13463	470.6	-1.604	1E-3
13483	468.6	-1.604	1E-3
13503	467.1	-1.604	1E-3
13523	465.3	-1.604	1E-3
13543	463.7	-1.605	1E-3
13563	462.2	-1.605	1E-3
13583	460.4	-1.605	1E-3
13603	458.5	-1.605	1E-3
13623	456.8	-1.605	1E-3
13643	455	-1.606	1E-3
13663	453.3	-1.606	1E-3
13683	451.7	-1.606	1E-3
13703	449.9	-1.606	1E-3
13723	448.2	-1.606	1E-3
13743	446.6	-1.606	1E-3
13764	444.9	-1.606	1E-3
13784	443.1	-1.607	1E-3
13804	441.5	-1.607	1E-3
13824	439.8	-1.607	1E-3
13844	438.2	-1.607	1E-3
13864	436.6	-1.607	1E-3
13884	435.1	-1.607	1E-3
13904	433.5	-1.607	1E-3
13924	431.9	-1.608	1E-3
13944	430	-1.608	1E-3
13964	428.4	-1.608	1E-3
13984	426.8	-1.608	1E-3
14004	425.1	-1.608	1E-3
14024	423.5	-1.608	1E-3
14044	421.8	-1.608	1E-3
14064	420.2	-1.608	1E-3
14084	418.6	-1.609	1E-3
14104	417	-1.609	1E-3
14124	415.4	-1.609	1E-3
14144	414	-1.609	1E-3
14164	412.6	-1.609	1E-3
14184	411.1	-1.609	1E-3
14204	409.1	-1.609	1E-3
14224	407.9	-1.609	1E-3
14244	406.4	-1.61	1E-3
14264	404.9	-1.61	1E-3
14284	403.4	-1.61	1E-3
14304	401.6	-1.61	1E-3
14324	400.2	-1.61	1E-3
14344	398.8	-1.61	1E-3
14364	397.1	-1.61	1E-3
14384	395.5	-1.61	1E-3
14404	394.1	-1.61	1E-3
14424	392.7	-1.61	1E-3
14444	391.5	-1.61	1E-3
14464	389.9	-1.611	1E-3
14484	388.5	-1.611	1E-3
14504	386.9	-1.611	1E-3
14524	385.5	-1.611	1E-3
14544	384	-1.611	1E-3
14564	382.6	-1.611	1E-3
14584	381.3	-1.611	1E-3
14604	379.6	-1.611	1E-3
14624	378.4	-1.611	1E-3
14644	377	-1.611	1E-3
14664	375.2	-1.611	1E-3
14684	373.6	-1.612	1E-3
14704	372.6	-1.612	1E-3
14724	371	-1.612	1E-3
14744	369.4	-1.612	1E-3
14764	368	-1.612	1E-3
14784	366.8	-1.612	1E-3
14804	365.4	-1.612	1E-3
14824	364.2	-1.612	1E-3
14844	362.9	-1.612	1E-3
14864	361.4	-1.612	1E-3
14884	360.1	-1.612	1E-3
14904	358.8	-1.613	1E-3
14924	357.4	-1.613	1E-3
14944	356.1	-1.613	1E-3
14964	354.7	-1.613	1E-3
14984	353.3	-1.613	1E-3
15004	352.1	-1.613	1E-3
15024	350.7	-1.613	1E-3
15044	349.5	-1.613	1E-3
15064	348.1	-1.613	1E-3
15084	346.7	-1.613	1E-3
15104	345.1	-1.614	1E-3
15124	343.9	-1.614	1E-3
15144	342.5	-1.614	1E-3
15164	341.3	-1.614	1E-3
15184	339.8	-1.614	1E-3
15204	338.6	-1.614	1E-3
15224	337.6	-1.614	1E-3
15244	336.2	-1.614	1E-3
15264	334.9	-1.614	1E-3
15284	333.5	-1.615	1E-3
15304	332.1	-1.615	1E-3
15324	330.8	-1.615	1E-3
15344	329.5	-1.615	1E-3
15364	328.3	-1.615	1E-3
15384	326.9	-1.615	1E-3
15404	325.7	-1.615	1E-3
15424	324.5	-1.615	1E-3
15444	323.2	-1.616	1E-3
15464	321.8	-1.616	1E-3
15484	320.8	-1.616	1E-3
15504	319.7	-1.616	1E-3
15524	318.3	-1.616	1E-3
15544	316.9	-1.616	1E-3
15564	316	-1.616	1E-3
15584	314.3	-1.616	1E-3
15604	313.4	-1.616	1E-3
15624	312.4	-1.616	1E-3
15644	311.1	-1.616	1E-3
15664	310.1	-1.617	1E-3
15684	308.7	-1.617	1E-3
15704	307.5	-1.617	1E-3
15724	306.1	-1.617	1E-3
15744	304.9	-1.617	1E-3
15764	303.5	-1.617	1E-3
15784	302.2	-1.617	1E-3
15804	301.2	-1.617	1E-3
15824	299.9	-1.618	1E-3
15844	298.9	-1.618	1E-3
15864	298	-1.618	1E-3
15884	296.6	-1.618	1E-3
15904	295.6	-1.618	1E-3
15924	294.5	-1.618	1E-3
15944	293.1	-1.618	1E-3
15964	292.1	-1.618	1E-3
15984	291	-1.618	1E-3
16004	289.8	-1.618	1E-3
16024	288.9	-1.618	1E-3
16044	287.9	-1.619	1E-3
16064	286.6	-1.619	1E-3
16084	285.9	-1.619	1E-3
16104	284.9	-1.619	1E-3
16124	283.5	-1.619	1E-3
16144	282.4	-1.619	1E-3
16164	281.4	-1.619	1E-3
16184	280	-1.619	1E-3
16204	279.1	-1.619	1E-3
16224	278.1	-1.619	1E-3
16244	277	-1.619	1E-3
16264	275.8	-1.619	1E-3
16284	274.9	-1.62	1E-3
16304	273.7	-1.62	1E-3
16324	272.5	-1.62	1E-3
16344	271.4	-1.62	1E-3
16364	270.4	-1.62	1E-3
16384	269.3	-1.62	1E-3
16404	268.5	-1.62	1E-3
16424	267.4	-1.62	1E-3
16444	266.4	-1.62	1E-3
16464	265.1	-1.621	1E-3
16484	264.4	-1.621	1E-3
16504	263.4	-1.621	1E-3
16524	262.5	-1.621	1E-3
16544	261.4	-1.621	1E-3
16564	260	-1.621	1E-3
16584	259.2	-1.621	1E-3
16604	257.9	-1.621	1E-3
16624	257.1	-1.621	1E-3
16644	255.9	-1.621	1E-3
16664	254.8	-1.621	1E-3
16684	253.9	-1.621	1E-3
16704	252.7	-1.621	1E-3
16724	251.7	-1.622	1E-3
16744	250.8	-1.622	1E-3
16764	249.7	-1.622	1E-3
16784	248.7	-1.622	1E-3
16804	247.6	-1.622	1E-3
16825	246.4	-1.622	1E-3
16845	245.5	-1.622	1E-3
16865	244.6	-1.622	1E-3
16885	243.6	-1.622	1E-3
16905	242.7	-1.622	1E-3
16925	241.7	-1.622	1E-3
16945	240.8	-1.622	1E-3
16965	239.7	-1.623	1E-3
16985	238.9	-1.623	1E-3
17005	238.2	-1.623	1E-3
17025	236.9	-1.623	1E-3
17045	235.9	-1.623	1E-3
17065	235	-1.623	1E-3
17085	234.3	-1.623	1E-3
17105	233.5	-1.623	1E-3
17125	232.6	-1.623	1E-3
17145	231.9	-1.623	1E-3
17165	230.6	-1.623	1E-3
17185	229.8	-1.623	1E-3
17205	229.1	-1.623	1E-3
17225	228	-1.623	1E-3
17245	227.1	-1.624	1E-3
17265	226.1	-1.624	1E-3
17285	225.4	-1.624	1E-3
17305	224.2	-1.624	1E-3
17325	223.3	-1.624	1E-3
17345	222.4	-1.624	1E-3
17365	221.5	-1.624	1E-3
17385	220.7	-1.624	1E-3
17405	219.6	-1.624	1E-3
17425	218.6	-1.624	1E-3
17445	217.9	-1.624	1E-3
17465	217	-1.624	1E-3
17485	216.1	-1.624	1E-3
17505	215.3	-1.624	1E-3
17525	214.4	-1.625	1E-3
17545	213.5	-1.625	1E-3
17565	212.8	-1.625	1E-3
17585	212.1	-1.625	1E-3
17605	210.9	-1.625	1E-3
17625	210.4	-1.625	1E-3
17645	209.5	-1.625	1E-3
17665	208.9	-1.625	1E-3
17685	207.7	-1.625	1E-3
17705	207.2	-1.625	1E-3
17725	206.7	-1.625	1E-3
17745	205.4	-1.625	1E-3
17765	204.6	-1.625	1E-3
17785	204.1	-1.625	1E-3
17805	203	-1.626	1E-3
17825	202.1	-1.626	1E-3
17845	201.6	-1.626	1E-3
17865	200.4	-1.626	1E-3
17885	199.9	-1.626	1E-3
17905	198.6	-1.626	1E-3
17925	198.1	-1.626	1E-3
17945	196.9	-1.626	1E-3
17965	196.5	-1.626	1E-3
17985	195.5	-1.626	1E-3
18005	194.8	-1.626	1E-3
18025	193.9	-1.626	1E-3
18045	192.9	-1.626	1E-3
18065	192	-1.626	1E-3
18085	191.3	-1.627	1E-3
18105	190.6	-1.627	1E-3
18125	190.1	-1.627	1E-3
18146	188.8	-1.627	1E-3
18170	188.3	-1.627	1E-3
18190	187.3	-1.627	1E-3
18211	186.6	-1.627	1E-3
18235	185.7	-1.627	1E-3
18255	184.6	-1.627	1E-3
18275	184.3	-1.627	1E-3
18295	183.4	-1.627	1E-3
18315	182.7	-1.627	1E-3
18335	181.8	-1.627	1E-3
18355	181.1	-1.627	1E-3
18375	180.4	-1.627	1E-3
18395	179.7	-1.628	1E-3
18415	179.2	-1.628	1E-3
18435	178.3	-1.628	1E-3
18455	177.8	-1.628	1E-3
18475	177.3	-1.628	1E-3
18495	176.2	-1.628	1E-3
18515	175.9	-1.628	1E-3
18535	174.6	-1.628	1E-3
18555	174.5	-1.628	1E-3
18575	173.4	-1.628	1E-3
18595	172.9	-1.628	1E-3
18615	172	-1.628	1E-3
18635	171.3	-1.628	1E-3
18655	170.3	-1.628	1E-3
18675	170.1	-1.628	1E-3
18695	169	-1.629	1E-3
18715	168.2	-1.629	1E-3
18735	167.5	-1.629	1E-3
18755	166.8	-1.629	1E-3
18775	166.1	-1.629	1E-3
18795	165.4	-1.629	1E-3
18815	165	-1.629	1E-3
18835	164	-1.629	1E-3
18855	163.3	-1.629	1E-3
18875	162.6	-1.629	1E-3
18895	162.1	-1.629	1E-3
18915	161.5	-1.629	1E-3
18935	160.8	-1.629	1E-3
18955	160.3	-1.629	1E-3
18975	159.4	-1.629	1E-3
18995	158.9	-1.629	1E-3
19015	158	-1.629	1E-3
19035	157.5	-1.629	1E-3
19055	156.8	-1.63	1E-3
19075	156.1	-1.63	1E-3
19095	155.7	-1.63	1E-3
19115	155.2	-1.63	1E-3
19135	154.7	-1.63	1E-3
19155	154	-1.63	1E-3
19175	153.5	-1.63	1E-3
19195	152.9	-1.63	1E-3
19215	152.3	-1.63	1E-3
19235	151.7	-1.63	1E-3
19255	150.7	-1.63	1E-3
19275	150.7	-1.63	1E-3
19295	150	-1.63	1E-3
19315	149.1	-1.63	1E-3
19335	148.9	-1.63	1E-3
19355	148.1	-1.63	1E-3
19375	147.5	-1.63	1E-3
19395	147	-1.63	1E-3
19415	146.1	-1.63	1E-3
19435	145.6	-1.63	1E-3
19455	145.1	-1.63	1E-3
19475	144.2	-1.63	1E-3
19495	143.9	-1.631	1E-3
19515	143.2	-1.631	1E-3
19535	142.6	-1.631	1E-3
19555	141.8	-1.631	1E-3
19575	141.4	-1.631	1E-3
19595	140.7	-1.631	1E-3
19615	140.7	-1.631	1E-3
19635	139.7	-1.631	1E-3
19655	139	-1.631	1E-3
19675	138.3	-1.631	1E-3
19695	137.7	-1.631	1E-3
19715	137.2	-1.631	1E-3
19735	136.7	-1.631	1E-3
19755	136.2	-1.631	1E-3
19775	135.4	-1.631	1E-3
19795	134.9	-1.631	1E-3
19815	134.1	-1.631	1E-3
19835	133.9	-1.632	1E-3
19855	132.8	-1.632	1E-3
19875	132.7	-1.632	1E-3
19895	132.1	-1.632	1E-3
19915	131.8	-1.632	1E-3
19935	131.1	-1.632	1E-3
19955	130.4	-1.632	1E-3
19975	129.7	-1.632	1E-3
19995	129.3	-1.632	1E-3
20015	128.6	-1.632	1E-3
20035	128.3	-1.632	1E-3
20055	127.6	-1.632	1E-3
20075	127.1	-1.632	1E-3
20095	126.7	-1.632	1E-3
20115	126.3	-1.632	1E-3
20135	125.8	-1.632	1E-3
20155	125.1	-1.632	1E-3
20175	124.8	-1.632	1E-3
20195	124.6	-1.632	1E-3
20215	123.7	-1.632	1E-3
20235	123	-1.632	1E-3
20255	122.5	-1.632	1E-3
20275	122.1	-1.632	1E-3
20295	121.4	-1.633	1E-3
20315	121.4	-1.633	1E-3
20335	121.1	-1.633	1E-3
20355	120	-1.633	1E-3
20375	119.2	-1.633	1E-3
20395	119	-1.633	1E-3
20415	118.7	-1.633	1E-3
20435	118.1	-1.633	1E-3
20456	118	-1.633	1E-3
20476	117.6	-1.633	1E-3
20496	116.9	-1.633	1E-3
20516	116.5	-1.633	1E-3
20536	116	-1.633	1E-3
20556	115.5	-1.633	1E-3
20576	115	-1.633	1E-3
20596	114.4	-1.633	1E-3
20616	114.3	-1.633	1E-3
20636	113.9	-1.633	1E-3
20656	113.7	-1.633	1E-3
20676	112.9	-1.634	1E-3
20696	112.3	-1.634	1E-3
20716	112	-1.634	1E-3
20736	111.5	-1.634	1E-3
20756	111.1	-1.634	1E-3
20776	110.8	-1.634	1E-3
20796	110.3	-1.634	1E-3
20816	109.7	-1.634	1E-3
20836	109.4	-1.634	1E-3
20856	108.8	-1.634	1E-3
20876	108.3	-1.634	1E-3
20896	108	-1.634	1E-3
20916	107.4	-1.634	1E-3
20936	107.3	-1.634	1E-3
20956	107.1	-1.634	1E-3
20976	106.4	-1.634	1E-3
20996	105.9	-1.634	1E-3
21016	105.5	-1.634	1E-3
21036	105.3	-1.634	1E-3
21056	104.7	-1.634	1E-3
21076	104.7	-1.634	1E-3
21096	104.1	-1.634	1E-3
21116	103.4	-1.635	1E-3
21136	103.1	-1.635	1E-3
21156	102.4	-1.635	1E-3
21176	102	-1.635	1E-3
21196	101.9	-1.635	1E-3
21216	101.2	-1.635	1E-3
21236	100.8	-1.635	1E-3
21256	100.3	-1.635	1E-3
21276	100.3	-1.635	1E-3
21296	99.9	-1.635	1E-3
21316	98.7	-1.635	1E-3
21336	98.7	-1.635	1E-3
21356	98.3	-1.635	1E-3
21376	98.2	-1.635	1E-3
21396	97.3	-1.635	1E-3
21416	97.3	-1.635	1E-3
21436	97.1	-1.635	1E-3
21456	96.6	-1.635	1E-3
21476	95.7	-1.635	1E-3
21496	95.7	-1.635	1E-3
21516	95.4	-1.635	1E-3
21536	95	-1.636	1E-3
21556	94.5	-1.636	1E-3
21576	93.8	-1.636	1E-3
21596	93.6	-1.636	1E-3
21616	93.1	-1.636	1E-3
21636	92.8	-1.636	1E-3
21656	92.4	-1.636	1E-3
21676	92.2	-1.636	1E-3
21696	91.9	-1.636	1E-3
21716	91.5	-1.636	1E-3
21736	91.2	-1.636	1E-3
21756	90.6	-1.636	1E-3
21776	90.5	-1.636	1E-3
21796	89.9	-1.636	1E-3
21816	89.9	-1.636	1E-3
21836	89.4	-1.636	1E-3
21856	89.3	-1.636	1E-3
21876	88.7	-1.636	1E-3
21896	88.4	-1.636	1E-3
21916	88	-1.636	1E-3
21936	87.7	-1.636	1E-3
21956	87.3	-1.636	1E-3
21976	87.3	-1.636	1E-3
21996	86.8	-1.637	1E-3
22016	86.3	-1.637	1E-3
22036	86.1	-1.637	1E-3
22056	85.9	-1.637	1E-3
22076	85.6	-1.637	1E-3
22096	84.9	-1.637	1E-3
22116	84.5	-1.637	1E-3
22136	84.7	-1.637	1E-3
22156	83.8	-1.637	1E-3
22176	84	-1.637	1E-3
22196	83.3	-1.637	1E-3
22216	82.9	-1.637	1E-3
22236	82.8	-1.637	1E-3
22256	82.4	-1.637	1E-3
22276	81.9	-1.637	1E-3
22296	82.1	-1.637	1E-3
22316	81.4	-1.637	1E-3
22336	80.8	-1.637	1E-3
22356	80.8	-1.637	1E-3
22376	80	-1.637	1E-3
22396	80.2	-1.637	1E-3
22416	79.6	-1.637	1E-3
22436	79.5	-1.637	1E-3
22456	79.1	-1.637	1E-3
22476	79.1	-1.637	1E-3
22496	78.6	-1.637	1E-3
22516	78	-1.637	1E-3
22536	77.5	-1.637	1E-3
22556	77.7	-1.637	1E-3
22576	77.5	-1.637	1E-3
22596	77	-1.637	1E-3
22616	76.5	-1.637	1E-3
22636	76.1	-1.637	1E-3
22656	76.1	-1.637	1E-3
22676	75.6	-1.638	1E-3
22696	75.4	-1.638	1E-3
22716	75.4	-1.638	1E-3
22736	74.9	-1.638	1E-3
22756	74.9	-1.638	1E-3
22776	74.6	-1.638	1E-3
22796	74.6	-1.638	1E-3
22816	73.8	-1.638	1E-3
22836	73.7	-1.638	1E-3
22856	73.3	-1.638	1E-3
22876	73.2	-1.638	1E-3
22896	73	-1.638	1E-3
22916	72.6	-1.638	1E-3
22936	72.3	-1.638	1E-3
22956	71.9	-1.638	1E-3
22976	71.7	-1.638	1E-3
22996	71.2	-1.638	1E-3
23016	71	-1.638	1E-3
23036	71	-1.638	1E-3
23056	70.7	-1.638	1E-3
23076	70.7	-1.638	1E-3
23096	70.2	-1.638	1E-3
23116	70.3	-1.638	1E-3
23136	70	-1.638	1E-3
23156	69.8	-1.638	1E-3
23176	69.5	-1.638	1E-3
23196	69.3	-1.638	1E-3
23216	68.6	-1.638	1E-3
23236	68.3	-1.638	1E-3
23256	68.3	-1.638	1E-3
23276	68.3	-1.638	1E-3
23296	67.9	-1.638	1E-3
23316	67.7	-1.638	1E-3
23336	67.4	-1.638	1E-3
23356	66.8	-1.638	1E-3
23376	66.5	-1.638	1E-3
23396	66.5	-1.639	1E-3
23416	66.3	-1.639	1E-3
23436	66.2	-1.639	1E-3
23456	66	-1.639	1E-3
23476	65.4	-1.639	1E-3
23496	65.4	-1.639	1E-3
23516	65.3	-1.639	1E-3
23536	64.9	-1.639	1E-3
23556	64.9	-1.639	1E-3
23576	64.8	-1.639	1E-3
23596	64.2	-1.639	1E-3
23616	64.1	-1.639	1E-3
23636	64.1	-1.639	1E-3
23656	63.2	-1.639	1E-3
23676	63.3	-1.639	1E-3
23696	63.2	-1.639	1E-3
23716	63	-1.639	1E-3
23736	62.6	-1.639	1E-3
23756	62.3	-1.639	1E-3
23776	62.3	-1.639	1E-3
23796	62	-1.639	1E-3
23816	61.8	-1.639	1E-3
23836	61.8	-1.639	1E-3
23856	61.4	-1.639	1E-3
23876	61.3	-1.639	1E-3
23896	60.9	-1.639	1E-3
23916	60.6	-1.639	1E-3
23936	60.2	-1.639	1E-3
23956	60.2	-1.639	1E-3
23976	60.2	-1.639	1E-3
23996	60	-1.639	1E-3
24016	59.9	-1.639	1E-3
24036	59.7	-1.639	1E-3
24056	59.9	-1.639	1E-3
24076	59.7	-1.639	1E-3
24096	59.3	-1.64	1E-3
24116	59.2	-1.64	1E-3
24136	59	-1.64	1E-3
24156	58.8	-1.64	1E-3
24176	58.6	-1.64	1E-3
24196	58.3	-1.64	1E-3
24216	57.8	-1.64	1E-3
24236	57.8	-1.64	1E-3
24256	57.2	-1.64	1E-3
24276	57.2	-1.64	1E-3
24296	57	-1.64	1E-3
24316	57.2	-1.64	1E-3
24336	56.7	-1.64	1E-3
24356	56.7	-1.64	1E-3
24376	56.4	-1.64	1E-3
24396	56.4	-1.641	1E-3
24416	56	-1.641	1E-3
24436	55.8	-1.641	1E-3
24456	55.7	-1.641	1E-3
24476	55.7	-1.641	1E-3
24496	55	-1.641	1E-3
24516	55.1	-1.641	1E-3
24536	54.8	-1.641	1E-3
24556	54.6	-1.641	1E-3
24576	54.3	-1.641	1E-3
24596	54.4	-1.641	1E-3
24616	54.3	-1.641	1E-3
24636	53.7	-1.641	1E-3
24656	53.7	-1.641	1E-3
24676	53.7	-1.641	1E-3
24696	53.5	-1.641	1E-3
24716	53	-1.641	1E-3
24736	53.2	-1.641	1E-3
24756	53	-1.641	1E-3
24776	52.7	-1.641	1E-3
24796	52.7	-1.641	1E-3
24816	52.7	-1.641	1E-3
24836	52.5	-1.641	1E-3
24856	52	-1.641	1E-3
24876	52	-1.641	1E-3
24896	52	-1.641	1E-3
24916	51.6	-1.64	1E-3
24936	51.5	-1.64	1E-3
24956	51.3	-1.64	1E-3
24976	50.9	-1.64	1E-3
24996	51.1	-1.64	1E-3
25016	50.9	-1.64	1E-3
25036	50.8	-1.64	1E-3
25056	50.4	-1.64	1E-3
25076	50.4	-1.64	1E-3
25096	50.6	-1.64	1E-3
25116	50.2	-1.64	1E-3
25136	50	-1.64	1E-3
25156	50	-1.64	1E-3
25176	50	-1.64	1E-3
25196	49.7	-1.64	1E-3
25216	49.9	-1.64	1E-3
25236	49.3	-1.64	1E-3
25256	48.8	-1.64	1E-3
25276	49.3	-1.64	1E-3
25296	48.8	-1.64	1E-3
25316	48.5	-1.64	1E-3
25336	48.6	-1.64	1E-3
25356	48.5	-1.64	1E-3
25376	48.3	-1.64	1E-3
25396	47.8	-1.64	1E-3
25416	48.3	-1.64	1E-3
25436	48.1	-1.64	1E-3
25456	47.8	-1.64	1E-3
25476	47.3	-1.64	1E-3
25496	47.6	-1.64	1E-3
25516	47.6	-1.64	1E-3
25536	47.3	-1.64	1E-3
25556	47.1	-1.64	1E-3
25576	47.3	-1.64	1E-3
25596	47.1	-1.64	1E-3
25616	46.9	-1.64	1E-3
25636	46.7	-1.64	1E-3
25656	46.6	-1.64	1E-3
25676	46.4	-1.64	1E-3
25696	46	-1.64	1E-3
25716	45.7	-1.64	1E-3
25736	45.8	-1.64	1E-3
25756	45.8	-1.64	1E-3
25776	45.8	-1.64	1E-3
25796	45.7	-1.64	1E-3
25816	45.5	-1.64	1E-3
25836	45.3	-1.64	1E-3
25856	45.1	-1.64	1E-3
25876	44.6	-1.64	1E-3
25896	44.8	-1.639	1E-3
25916	44.8	-1.639	1E-3
25936	44.8	-1.639	1E-3
25956	44.6	-1.639	1E-3
25976	44.6	-1.639	1E-3
25996	44.6	-1.639	1E-3
26016	44.5	-1.639	1E-3
26036	44.3	-1.639	1E-3
26056	43.9	-1.639	1E-3
26076	43.9	-1.639	1E-3
26096	43.9	-1.639	1E-3
26116	43.8	-1.639	1E-3
26136	43.6	-1.639	1E-3
26156	43.6	-1.639	1E-3
26176	43.4	-1.639	1E-3
26196	43.1	-1.639	1E-3
26216	42.9	-1.639	1E-3
26236	43.2	-1.639	1E-3
26256	42.7	-1.639	1E-3
26276	42.9	-1.639	1E-3
26296	42.9	-1.639	1E-3
26316	42.5	-1.639	1E-3
26336	42.9	-1.639	1E-3
26356	42.9	-1.639	1E-3
26376	42.5	-1.639	1E-3
26396	42.5	-1.639	1E-3
26416	42.7	-1.639	1E-3
26436	42.2	-1.639	1E-3
26456	42	-1.639	1E-3
26476	42.2	-1.639	1E-3
26496	41.7	-1.639	1E-3
26516	42	-1.639	1E-3
26536	41.8	-1.639	1E-3
26556	41.7	-1.639	1E-3
26576	41.3	-1.639	1E-3
26596	41.5	-1.639	1E-3
26616	41.1	-1.639	1E-3
26636	41.1	-1.639	1E-3
26656	41.1	-1.639	1E-3
26676	40.8	-1.639	1E-3
26696	41	-1.639	1E-3
26716	41.1	-1.639	1E-3
26736	41.1	-1.639	1E-3
26756	40.8	-1.639	1E-3
26776	40.4	-1.639	1E-3
26796	40.4	-1.639	1E-3
26816	40.3	-1.639	1E-3
26836	40.4	-1.639	1E-3
26856	40.3	-1.639	1E-3
26876	40.3	-1.639	1E-3
26896	39.7	-1.639	1E-3
26916	39.9	-1.639	1E-3
26936	39.7	-1.639	1E-3
26956	39.4	-1.639	1E-3
26976	39.9	-1.639	1E-3
26996	39.6	-1.639	1E-3
27016	39.4	-1.639	1E-3
27036	39.4	-1.639	1E-3
27056	39.4	-1.639	1E-3
27076	39.2	-1.639	1E-3
27096	39.2	-1.639	1E-3
27116	39.2	-1.639	1E-3
27136	39.2	-1.639	1E-3
27156	38.8	-1.639	1E-3
27176	39	-1.639	1E-3
27196	38.7	-1.639	1E-3
27216	38.7	-1.639	1E-3
27236	38.7	-1.639	1E-3
27256	38.7	-1.639	1E-3
27276	38.5	-1.639	1E-3
27296	38.3	-1.638	1E-3
27316	38.5	-1.638	1E-3
27336	38	-1.638	1E-3
27356	38	-1.638	1E-3
27376	38	-1.638	1E-3
27396	37.5	-1.638	1E-3
27416	38	-1.638	1E-3
27436	37.6	-1.638	1E-3
27456	37.6	-1.638	1E-3
27476	37.5	-1.638	1E-3
27496	37.5	-1.638	1E-3
27516	37.5	-1.638	1E-3
27536	37.6	-1.638	1E-3
27556	37.6	-1.638	1E-3
27576	37.5	-1.638	1E-3
27596	37.1	-1.638	1E-3
27616	37.5	-1.638	1E-3
27636	36.8	-1.638	1E-3
27656	37.3	-1.638	1E-3
27676	36.9	-1.638	1E-3
27696	37.3	-1.638	1E-3
27716	36.9	-1.638	1E-3
27736	36.9	-1.638	1E-3
27756	36.8	-1.638	1E-3
27776	36.6	-1.638	1E-3
27796	36.8	-1.638	1E-3
27816	36.8	-1.638	1E-3
27836	36.8	-1.638	1E-3
27856	36.4	-1.638	1E-3
27876	36.4	-1.638	1E-3
27896	36	-1.638	1E-3
27916	36	-1.638	1E-3
27936	35.9	-1.638	1E-3
27956	36.2	-1.638	1E-3
27976	36	-1.638	1E-3
27996	35.5	-1.638	1E-3
28016	35.7	-1.638	1E-3
28036	35.9	-1.638	1E-3
28056	35.5	-1.638	1E-3
28076	35.5	-1.638	1E-3
28096	35.5	-1.638	1E-3
28116	34.8	-1.638	1E-3
28136	35	-1.638	1E-3
28156	34.8	-1.638	1E-3
28176	35	-1.638	1E-3
28196	35.3	-1.638	1E-3
28216	35.2	-1.638	1E-3
28236	35	-1.638	1E-3
28256	35.2	-1.638	1E-3
28276	35	-1.638	1E-3
28296	35	-1.638	1E-3
28316	35	-1.638	1E-3
28336	35	-1.638	1E-3
28356	35	-1.638	1E-3
28376	35	-1.638	1E-3
28396	34.7	-1.638	1E-3
28416	34.7	-1.638	1E-3
28436	34.3	-1.638	1E-3
28456	34.5	-1.638	1E-3
28476	34.8	-1.638	1E-3
28496	34.3	-1.638	1E-3
28516	34.3	-1.638	1E-3
28536	34.1	-1.638	1E-3
28556	34	-1.638	1E-3
28576	34.1	-1.638	1E-3
28596	34	-1.638	1E-3
28616	34	-1.638	1E-3
28636	34.3	-1.638	1E-3
28656	33.6	-1.638	1E-3
28676	33.8	-1.638	1E-3
28696	33.8	-1.638	1E-3
28716	34	-1.638	1E-3
28736	34	-1.638	1E-3
28756	33.8	-1.638	1E-3
28776	33.6	-1.638	1E-3
28796	33.4	-1.638	1E-3
28816	33.3	-1.638	1E-3
28836	33.3	-1.638	1E-3
28856	33.6	-1.638	1E-3
28876	33.1	-1.638	1E-3
28896	33.1	-1.638	1E-3
28916	32.9	-1.638	1E-3
28936	33.1	-1.638	1E-3
28956	32.7	-1.638	1E-3
28976	33.3	-1.638	1E-3
28996	32.9	-1.638	1E-3
29016	32.9	-1.638	1E-3
29036	32.9	-1.638	1E-3
29056	32.9	-1.638	1E-3
29076	32.4	-1.638	1E-3
29096	32.5	-1.638	1E-3
29116	32.7	-1.638	1E-3
29136	32.7	-1.638	1E-3
29156	32.5	-1.638	1E-3
29176	32.2	-1.638	1E-3
29196	32.4	-1.638	1E-3
29216	32.5	-1.638	1E-3
29236	32.5	-1.638	1E-3
29256	32.5	-1.638	1E-3
29276	32.5	-1.638	1E-3
29296	32.5	-1.638	1E-3
29316	32.4	-1.638	1E-3
29336	32.4	-1.638	1E-3
29356	32.4	-1.638	1E-3
29376	32.2	-1.638	1E-3
29396	32	-1.638	1E-3
29416	32	-1.638	1E-3
29436	32.2	-1.638	1E-3
29456	32	-1.638	1E-3
29476	32	-1.638	1E-3
29496	31.9	-1.638	1E-3
29516	31.7	-1.638	1E-3
