0	17.8	-1E-3	1E-3
20	17.8	-1E-3	1E-3
40	17.8	-1E-3	1E-3
60	18.2	-1E-3	1E-3
80	17.8	-1E-3	1E-3
100	17.8	-1E-3	1E-3
120	18	-1E-3	1E-3
140	18.2	-1E-3	1E-3
160	18.2	-1E-3	1E-3
180	18	-1E-3	1E-3
200	18	-1E-3	1E-3
220	18.4	-1E-3	1E-3
240	18.4	-1E-3	1E-3
260	18.4	-1E-3	1E-3
280	18.7	-1E-3	1E-3
301	18.5	-1E-3	1E-3
325	19.4	-1E-3	1E-3
345	20	-0.002	1E-3
365	20.3	-0.002	1E-3
385	20.6	-0.002	1E-3
405	21.4	-0.002	1E-3
425	21.5	-0.002	1E-3
445	22	-0.002	1E-3
465	22.9	-0.003	1E-3
485	23.6	-0.003	1E-3
505	24.1	-0.003	1E-3
525	25.4	-0.003	1E-3
545	25.9	-0.003	1E-3
565	27.3	-0.003	1E-3
585	27.8	-0.003	1E-3
605	29.2	-0.004	1E-3
625	30.1	-0.004	1E-3
645	30.8	-0.004	1E-3
665	32.2	-0.004	1E-3
685	33.1	-0.004	1E-3
705	34.1	-0.004	1E-3
725	35.3	-0.004	1E-3
745	36.4	-0.005	1E-3
765	37.8	-0.005	1E-3
785	39.2	-0.005	1E-3
805	40.8	-0.005	1E-3
825	42.2	-0.005	1E-3
846	43.9	-0.005	1E-3
866	45.3	-0.006	1E-3
886	47.1	-0.006	1E-3
906	49	-0.006	1E-3
926	50.8	-0.006	1E-3
946	52.5	-0.006	1E-3
966	54.6	-0.006	1E-3
986	56.4	-0.006	1E-3
1006	58.6	-0.007	1E-3
1026	60.7	-0.007	1E-3
1046	62.6	-0.007	1E-3
1066	64.8	-0.007	1E-3
1086	66.7	-0.007	1E-3
1106	68.6	-0.008	1E-3
1126	70.7	-0.008	1E-3
1146	73	-0.008	1E-3
1166	75.4	-0.008	1E-3
1186	77.7	-0.009	1E-3
1206	80.5	-0.009	1E-3
1226	82.9	-0.009	1E-3
1246	85.6	-0.009	1E-3
1266	88	-0.009	1E-3
1286	90.8	-0.009	1E-3
1306	93.8	-0.009	1E-3
1326	96.4	-0.009	1E-3
1346	99.6	-0.009	1E-3
1366	102	-0.009	1E-3
1386	104.8	-0.009	1E-3
1406	107.6	-0.009	1E-3
1426	110.6	-0.009	1E-3
1446	113.6	-0.009	1E-3
1466	116.5	-0.008	1E-3
1486	119.9	-0.008	1E-3
1506	122.8	-0.008	1E-3
1526	125.8	-0.008	1E-3
1546	129.5	-0.008	1E-3
1566	132.5	-0.008	1E-3
1586	135.8	-0.008	1E-3
1606	139.1	-0.008	1E-3
1626	142.6	-0.008	1E-3
1646	146.3	-0.008	1E-3
1666	149.6	-0.008	1E-3
1686	153.3	-0.008	1E-3
1706	156.8	-0.009	1E-3
1726	160	-0.009	1E-3
1746	163.4	-0.009	1E-3
1766	166.9	-0.009	1E-3
1786	170.4	-0.009	1E-3
1806	174.3	-0.009	1E-3
1826	178	-0.009	1E-3
1846	181.6	-0.009	1E-3
1866	185.5	-0.009	1E-3
1886	189.2	-0.009	1E-3
1906	192.9	-0.009	1E-3
1926	196.7	-0.009	1E-3
1946	200.9	-0.01	1E-3
1966	204.8	-0.01	1E-3
1986	208.6	-0.009	1E-3
2006	212.5	-0.009	1E-3
2026	216.3	-0.009	1E-3
2046	220	-0.009	1E-3
2066	224	-0.009	1E-3
2086	228	-0.009	1E-3
2106	232.1	-0.009	1E-3
2126	236.1	-0.009	1E-3
2146	240.1	-0.009	1E-3
2166	244.1	-0.009	1E-3
2186	248	-0.009	1E-3
2206	252.3	-0.009	1E-3
2226	256.7	-0.008	1E-3
2246	260.9	-0.008	1E-3
2266	265.3	-0.008	1E-3
2286	269.1	-0.008	1E-3
2306	273.3	-0.008	1E-3
2326	277.6	-0.008	1E-3
2346	281.9	-0.008	1E-3
2366	286.1	-0.008	1E-3
2386	290.1	-0.007	1E-3
2406	294.4	-0.007	1E-3
2426	298.4	-0.007	1E-3
2446	302.8	-0.007	1E-3
2466	307.1	-0.007	1E-3
2486	311.7	-0.007	1E-3
2506	315.7	-0.007	1E-3
2526	319.7	-0.007	1E-3
2546	324.1	-0.006	1E-3
2566	328.8	-0.006	1E-3
2586	332.9	-0.006	1E-3
2606	337.4	-0.006	1E-3
2626	341.8	-0.006	1E-3
2646	346.2	-0.006	1E-3
2666	350.4	-0.005	1E-3
2686	354.9	-0.005	1E-3
2706	359.3	-0.005	1E-3
2726	363.5	-0.005	1E-3
2746	368	-0.005	1E-3
2766	371.9	-0.005	1E-3
2786	376.4	-0.004	1E-3
2806	380.6	-0.004	1E-3
2826	385	-0.004	1E-3
2846	389.5	-0.004	1E-3
2866	393.6	-0.004	1E-3
2886	398.1	-0.004	1E-3
2906	402.5	-0.003	1E-3
2926	407.1	-0.003	1E-3
2946	411.4	-0.003	1E-3
2966	416	-0.003	1E-3
2986	419.8	-0.002	1E-3
3006	424.2	-0.002	1E-3
3026	428.8	-0.002	1E-3
3046	433.3	-0.002	1E-3
3066	437.5	-0.002	1E-3
3086	442.1	-1E-3	1E-3
3106	446.3	-1E-3	1E-3
3126	450.3	-1E-3	1E-3
3146	454.6	-1E-3	1E-3
3166	459.2	0	1E-3
3186	463.4	0	1E-3
3206	467.8	0	1E-3
3226	471.8	0	1E-3
3246	475.8	0	1E-3
3266	480.2	1E-3	1E-3
3286	484.8	1E-3	1E-3
3306	488.8	1E-3	1E-3
3326	493.1	1E-3	1E-3
3346	497.2	1E-3	1E-3
3366	501.5	0.002	1E-3
3386	505.9	0.002	1E-3
3406	509.8	0.002	1E-3
3426	514.5	0.002	1E-3
3446	518.2	0.002	1E-3
3466	522.6	0.003	1E-3
3486	526.9	0.003	1E-3
3506	530.8	0.003	1E-3
3526	535.3	0.003	1E-3
3546	539.2	0.003	1E-3
3567	543.5	0.003	1E-3
3587	547.4	0.004	1E-3
3607	551.6	0.004	1E-3
3627	556	0.004	1E-3
3647	559.8	0.004	1E-3
3667	564	0.004	1E-3
3687	567.9	0.004	1E-3
3707	571.7	0.005	1E-3
3727	576.1	0.005	1E-3
3747	580.1	0.005	1E-3
3767	584.2	0.005	1E-3
3788	588	0.005	1E-3
3812	593.1	0.006	1E-3
3832	596.8	0.006	1E-3
3852	601	0.006	1E-3
3872	605	0.006	1E-3
3892	608.6	0.006	1E-3
3912	612.3	0.006	1E-3
3932	616.5	0.007	1E-3
3952	620.5	0.007	1E-3
3973	624.6	0.007	1E-3
3997	629.8	0.007	1E-3
4017	633.7	0.007	1E-3
4038	637.3	0.007	1E-3
4058	641.4	0.008	1E-3
4078	645.2	0.008	1E-3
4098	649.1	0.008	1E-3
4118	653.6	0.008	1E-3
4138	657.3	0.008	1E-3
4158	661	0.008	1E-3
4178	664.5	0.008	1E-3
4198	668.1	0.009	1E-3
4218	672.5	0.009	1E-3
4238	676	0.009	1E-3
4258	679.9	0.009	1E-3
4278	683.4	0.009	1E-3
4298	687	0.009	1E-3
4318	691.1	0.009	1E-3
4338	694.8	0.009	1E-3
4359	698.8	0.01	1E-3
4379	702.3	0.01	1E-3
4399	706	0.01	1E-3
4419	709.6	0.01	1E-3
4439	713.1	0.01	1E-3
4459	716.8	0.01	1E-3
4479	720.7	0.01	1E-3
4499	724.5	0.01	1E-3
4519	728.3	0.01	1E-3
4539	731.7	0.01	1E-3
4559	735.7	0.01	1E-3
4579	739.4	0.01	1E-3
4600	743.4	0.01	1E-3
4620	747.1	0.011	1E-3
4640	750.4	0.011	1E-3
4660	753.7	0.01	1E-3
4680	757.8	0.011	1E-3
4701	761.6	0.011	1E-3
4721	765.3	0.011	1E-3
4741	768.9	0.011	1E-3
4761	772.6	0.011	1E-3
4781	776.1	0.01	1E-3
4802	779.5	0.01	1E-3
4827	784	0.01	1E-3
4847	787.8	0.01	1E-3
4867	791.4	0.01	1E-3
4887	795	0.01	1E-3
4907	798.7	0.01	1E-3
4927	802	0.01	1E-3
4947	805.5	0.01	1E-3
4967	809	0.01	1E-3
4987	812.7	0.01	1E-3
5008	816.5	0.01	1E-3
5028	820.4	0.01	1E-3
5049	823.5	0.009	1E-3
5073	828.1	0.009	1E-3
5093	831.8	0.009	1E-3
5113	835.3	0.009	1E-3
5134	838.9	0.008	1E-3
5154	842.8	0.008	1E-3
5174	845.9	0.008	1E-3
5194	849.5	0.008	1E-3
5214	853.3	0.008	1E-3
5234	856.6	0.007	1E-3
5254	860.3	0.007	1E-3
5274	864	0.006	1E-3
5294	867.3	0.006	1E-3
5314	871	0.006	1E-3
5334	874.5	0.005	1E-3
5354	878	0.005	1E-3
5375	882	0.004	1E-3
5395	885.3	0.004	1E-3
5415	888.8	0.003	1E-3
5435	892.2	0.003	1E-3
5455	895.6	0.002	1E-3
5475	899	0.002	1E-3
5495	902.1	1E-3	1E-3
5515	905.8	0	1E-3
5535	909.3	-1E-3	1E-3
5555	912.6	-0.002	1E-3
5575	916	-0.003	1E-3
5595	919.6	-0.004	1E-3
5615	923	-0.005	1E-3
5635	926.8	-0.006	1E-3
5655	929.9	-0.008	1E-3
5676	933.6	-0.009	1E-3
5696	936.8	-0.011	1E-3
5716	940.5	-0.013	1E-3
5736	943.8	-0.015	1E-3
5756	947.5	-0.016	1E-3
5776	951	-0.018	1E-3
5796	954.5	-0.021	1E-3
5816	957.8	-0.024	1E-3
5836	961.1	-0.026	1E-3
5856	965	-0.028	1E-3
5876	968.3	-0.032	1E-3
5896	971.8	-0.035	1E-3
5916	975.4	-0.038	1E-3
5937	979.3	-0.041	1E-3
5957	982.5	-0.044	1E-3
5977	986.1	-0.048	1E-3
5997	989.8	-0.052	1E-3
6017	993.3	-0.056	1E-3
6037	996.8	-0.061	1E-3
6057	1000.3	-0.066	1E-3
6077	1003.8	-0.07	1E-3
6097	1006.8	-0.075	1E-3
6117	1010.5	-0.08	1E-3
6137	1014.1	-0.085	1E-3
6157	1017.6	-0.09	1E-3
6177	1021.1	-0.096	1E-3
6198	1024.8	-0.103	1E-3
6223	1028.8	-0.11	1E-3
6243	1032	-0.117	1E-3
6263	1035.6	-0.123	1E-3
6283	1039	-0.13	1E-3
6303	1042.7	-0.137	1E-3
6323	1046.2	-0.145	1E-3
6343	1049.5	-0.152	1E-3
6363	1053	-0.16	1E-3
6383	1056.5	-0.167	1E-3
6403	1059.8	-0.176	1E-3
6423	1063.5	-0.185	1E-3
6443	1067.5	-0.193	1E-3
6463	1070.5	-0.202	1E-3
6483	1074.2	-0.211	1E-3
6504	1077.5	-0.222	1E-3
6524	1081.2	-0.231	1E-3
6544	1084.8	-0.241	1E-3
6564	1088.3	-0.251	1E-3
6584	1091.8	-0.262	1E-3
6604	1095.3	-0.273	1E-3
6624	1099	-0.283	1E-3
6644	1102.2	-0.295	1E-3
6664	1105.8	-0.307	1E-3
6684	1109.5	-0.318	1E-3
6704	1113	-0.33	1E-3
6725	1116.5	-0.343	1E-3
6745	1120	-0.356	1E-3
6765	1123.5	-0.368	1E-3
6785	1127	-0.383	1E-3
6805	1130.5	-0.396	1E-3
6825	1134	-0.41	1E-3
6845	1137.3	-0.425	1E-3
6865	1140.8	-0.439	1E-3
6885	1144.3	-0.454	1E-3
6905	1148	-0.469	1E-3
6925	1151.3	-0.484	1E-3
6945	1155	-0.5	1E-3
6965	1158.3	-0.516	1E-3
6985	1161.7	-0.532	1E-3
7005	1165.3	-0.549	1E-3
7025	1168.8	-0.565	1E-3
7045	1172.7	-0.583	1E-3
7065	1176.2	-0.6	1E-3
7085	1179.5	-0.616	1E-3
7105	1183	-0.634	1E-3
7126	1186.7	-0.651	1E-3
7146	1190	-0.669	1E-3
7166	1193.8	-0.686	1E-3
7186	1197.3	-0.706	1E-3
7206	1200.9	-0.723	1E-3
7226	1204.3	-0.742	1E-3
7246	1207.8	-0.759	1E-3
7266	1211.5	-0.777	1E-3
7286	1215.2	-0.796	1E-3
7306	1218.5	-0.814	1E-3
7326	1221.8	-0.832	1E-3
7346	1225.3	-0.85	1E-3
7366	1228.8	-0.868	1E-3
7386	1232.5	-0.886	1E-3
7407	1236.2	-0.905	1E-3
7427	1239.7	-0.922	1E-3
7447	1243.4	-0.94	1E-3
7467	1246.9	-0.958	1E-3
7487	1250.2	-0.976	1E-3
7507	1253.5	-0.993	1E-3
7527	1257.2	-1.01	1E-3
7547	1260.7	-1.028	1E-3
7567	1264.2	-1.044	1E-3
7587	1267.9	-1.061	1E-3
7607	1271.6	-1.077	1E-3
7627	1274.9	-1.094	1E-3
7647	1278.2	-1.11	1E-3
7667	1281.7	-1.125	1E-3
7688	1285.4	-1.142	1E-3
7712	1289.9	-1.161	1E-3
7732	1293.3	-1.176	1E-3
7752	1296.6	-1.19	1E-3
7772	1299.9	-1.205	1E-3
7793	1303.8	-1.219	1E-3
7813	1307.3	-1.233	1E-3
7833	1310.8	-1.246	1E-3
7853	1314.3	-1.259	1E-3
7873	1317.6	-1.272	1E-3
7893	1321.3	-1.285	1E-3
7913	1324.8	-1.297	1E-3
7933	1328.1	-1.309	1E-3
7953	1331.6	-1.321	1E-3
7974	1335.1	-1.332	1E-3
7994	1338.8	-1.344	1E-3
8014	1342.1	-1.354	1E-3
8034	1345.6	-1.365	1E-3
8054	1348.9	-1.375	1E-3
8074	1352.6	-1.385	1E-3
8094	1355.9	-1.394	1E-3
8114	1359.6	-1.403	1E-3
8134	1363.1	-1.412	1E-3
8154	1366.2	-1.421	1E-3
8174	1369.9	-1.429	1E-3
8194	1373.4	-1.437	1E-3
8214	1376.9	-1.444	1E-3
8234	1380.4	-1.452	1E-3
8254	1383.9	-1.459	1E-3
8274	1387.2	-1.466	1E-3
8325	1382.7	-1.485	1E-3
8345	1380.4	-1.485	1E-3
8367	1385.7	-1.488	1E-3
8388	1386.4	-1.493	1E-3
8412	1385.7	-1.498	1E-3
8432	1383.9	-1.502	1E-3
8452	1381.8	-1.505	1E-3
8473	1379	-1.507	1E-3
8497	1375.9	-1.51	1E-3
8517	1372.9	-1.512	1E-3
8537	1369.4	-1.515	1E-3
8559	1366.4	-1.516	1E-3
8583	1362.5	-1.518	1E-3
8603	1359.2	-1.519	1E-3
8623	1355.9	-1.52	1E-3
8643	1352.6	-1.521	1E-3
8663	1349.3	-1.522	1E-3
8683	1345.9	-1.523	1E-3
8703	1342.4	-1.524	1E-3
8723	1339.4	-1.525	1E-3
8744	1336.3	-1.526	1E-3
8764	1333.2	-1.526	1E-3
8784	1329.8	-1.527	1E-3
8804	1326.5	-1.527	1E-3
8824	1323.3	-1.528	1E-3
8844	1320	-1.528	1E-3
8864	1317.1	-1.529	1E-3
8884	1313.7	-1.53	1E-3
8904	1310.4	-1.53	1E-3
8925	1307.1	-1.531	1E-3
8945	1303.8	-1.531	1E-3
8965	1300.6	-1.532	1E-3
8985	1297.3	-1.532	1E-3
9005	1294.3	-1.533	1E-3
9025	1291	-1.533	1E-3
9045	1288	-1.533	1E-3
9066	1284.3	-1.534	1E-3
9086	1281.2	-1.534	1E-3
9106	1277.8	-1.534	1E-3
9126	1274.7	-1.535	1E-3
9146	1271.6	-1.535	1E-3
9167	1268.2	-1.535	1E-3
9191	1264.2	-1.536	1E-3
9212	1261.2	-1.536	1E-3
9232	1257.7	-1.536	1E-3
9252	1254.4	-1.536	1E-3
9272	1251.3	-1.537	1E-3
9292	1248.3	-1.537	1E-3
9312	1245.1	-1.537	1E-3
9332	1242	-1.537	1E-3
9353	1238.8	-1.537	1E-3
9373	1235.3	-1.538	1E-3
9397	1231.5	-1.538	1E-3
9418	1228.5	-1.538	1E-3
9438	1225.3	-1.538	1E-3
9458	1221.8	-1.539	1E-3
9478	1218.7	-1.539	1E-3
9498	1215.4	-1.539	1E-3
9519	1211.9	-1.54	1E-3
9539	1208.9	-1.54	1E-3
9559	1205.8	-1.54	1E-3
9579	1202.6	-1.54	1E-3
9599	1199.1	-1.541	1E-3
9619	1196.1	-1.541	1E-3
9639	1192.8	-1.541	1E-3
9659	1189.7	-1.541	1E-3
9679	1186.5	-1.542	1E-3
9700	1183.4	-1.542	1E-3
9720	1180.2	-1.542	1E-3
9740	1176.9	-1.542	1E-3
9760	1173.7	-1.543	1E-3
9780	1170.4	-1.543	1E-3
9800	1167.4	-1.543	1E-3
9820	1164.3	-1.543	1E-3
9840	1161.1	-1.544	1E-3
9860	1157.8	-1.544	1E-3
9880	1154.7	-1.544	1E-3
9900	1151.3	-1.544	1E-3
9920	1148.2	-1.545	1E-3
9941	1145	-1.545	1E-3
9961	1141.9	-1.545	1E-3
9982	1138.7	-1.545	1E-3
10006	1134.9	-1.545	1E-3
10028	1131.7	-1.546	1E-3
10048	1128.4	-1.546	1E-3
10068	1125.3	-1.546	1E-3
10088	1122.1	-1.546	1E-3
10108	1118.9	-1.546	1E-3
10128	1116	-1.547	1E-3
10148	1112.7	-1.547	1E-3
10169	1109.3	-1.547	1E-3
10192	1106	-1.547	1E-3
10212	1102.3	-1.547	1E-3
10232	1099.5	-1.547	1E-3
10252	1096	-1.548	1E-3
10272	1093.1	-1.548	1E-3
10292	1089.9	-1.548	1E-3
10313	1086.4	-1.548	1E-3
10333	1083.6	-1.548	1E-3
10353	1080.3	-1.548	1E-3
10373	1077.1	-1.549	1E-3
10393	1074	-1.549	1E-3
10414	1071	-1.549	1E-3
10438	1066.8	-1.549	1E-3
10458	1063.7	-1.549	1E-3
10479	1060.5	-1.55	1E-3
10499	1057.2	-1.55	1E-3
10519	1054	-1.55	1E-3
10539	1051.1	-1.55	1E-3
10559	1047.7	-1.551	1E-3
10580	1044.4	-1.551	1E-3
10604	1040.5	-1.551	1E-3
10625	1037.2	-1.551	1E-3
10645	1033.9	-1.552	1E-3
10665	1031.1	-1.552	1E-3
10685	1028	-1.552	1E-3
10705	1025	-1.552	1E-3
10725	1021.7	-1.552	1E-3
10745	1018.5	-1.553	1E-3
10765	1015.4	-1.553	1E-3
10785	1012	-1.553	1E-3
10806	1009.1	-1.553	1E-3
10826	1005.9	-1.554	1E-3
10847	1002.6	-1.554	1E-3
10871	998.9	-1.554	1E-3
10891	995.8	-1.554	1E-3
10911	992.4	-1.555	1E-3
10932	989.5	-1.555	1E-3
10952	986.5	-1.555	1E-3
10972	983.2	-1.555	1E-3
10992	980.2	-1.555	1E-3
11012	976.8	-1.556	1E-3
11032	973.5	-1.556	1E-3
11052	970.4	-1.556	1E-3
11073	967	-1.556	1E-3
11093	963.9	-1.556	1E-3
11113	960.9	-1.557	1E-3
11133	957.8	-1.557	1E-3
11153	954.6	-1.557	1E-3
11174	951.3	-1.557	1E-3
11194	948.2	-1.557	1E-3
11215	944.8	-1.557	1E-3
11240	941	-1.558	1E-3
11264	937.3	-1.558	1E-3
11284	934	-1.558	1E-3
11305	930.7	-1.558	1E-3
11325	927.5	-1.559	1E-3
11346	924.3	-1.559	1E-3
11371	920.3	-1.559	1E-3
11396	916.7	-1.559	1E-3
11416	913.7	-1.559	1E-3
11436	910.4	-1.56	1E-3
11456	907.2	-1.56	1E-3
11476	904.1	-1.56	1E-3
11496	900.9	-1.56	1E-3
11517	897.9	-1.56	1E-3
11541	894.2	-1.561	1E-3
11561	891.1	-1.561	1E-3
11582	888	-1.561	1E-3
11602	884.8	-1.561	1E-3
11622	881.8	-1.561	1E-3
11642	878.7	-1.562	1E-3
11662	875.5	-1.562	1E-3
11682	872.5	-1.562	1E-3
11702	869.4	-1.562	1E-3
11723	866.4	-1.563	1E-3
11743	863.1	-1.563	1E-3
11763	859.8	-1.563	1E-3
11783	856.6	-1.563	1E-3
11803	853.5	-1.563	1E-3
11823	850.5	-1.563	1E-3
11844	847.3	-1.564	1E-3
11864	844.2	-1.564	1E-3
11884	841	-1.564	1E-3
11904	837.9	-1.564	1E-3
11924	834.9	-1.564	1E-3
11944	831.6	-1.564	1E-3
11964	828.6	-1.565	1E-3
11984	825.5	-1.565	1E-3
12004	822.7	-1.565	1E-3
12025	819.5	-1.565	1E-3
12045	816.4	-1.565	1E-3
12065	813	-1.566	1E-3
12085	809.9	-1.566	1E-3
12105	806.8	-1.566	1E-3
12125	803.8	-1.566	1E-3
12145	800.8	-1.566	1E-3
12166	797.7	-1.566	1E-3
12186	794.5	-1.566	1E-3
12206	791.5	-1.567	1E-3
12226	788.4	-1.567	1E-3
12246	785.4	-1.567	1E-3
12266	782.3	-1.567	1E-3
12286	779.5	-1.567	1E-3
12307	776.3	-1.568	1E-3
12327	773.3	-1.568	1E-3
12347	770.2	-1.568	1E-3
12367	767.2	-1.568	1E-3
12387	764	-1.569	1E-3
12407	760.9	-1.569	1E-3
12427	757.9	-1.569	1E-3
12447	755.1	-1.569	1E-3
12468	751.8	-1.569	1E-3
12492	748.1	-1.569	1E-3
12512	745	-1.57	1E-3
12533	741.8	-1.57	1E-3
12553	738.7	-1.57	1E-3
12573	735.7	-1.57	1E-3
12593	732.9	-1.57	1E-3
12613	729.8	-1.57	1E-3
12633	726.8	-1.571	1E-3
12653	723.6	-1.571	1E-3
12673	720.5	-1.571	1E-3
12693	717.5	-1.571	1E-3
12713	714.3	-1.571	1E-3
12733	711.5	-1.572	1E-3
12753	708.6	-1.572	1E-3
12774	705.6	-1.572	1E-3
12796	702.1	-1.572	1E-3
12818	699.1	-1.572	1E-3
12840	695.6	-1.572	1E-3
12860	692.8	-1.573	1E-3
12880	690	-1.573	1E-3
12900	687.2	-1.573	1E-3
12920	684.4	-1.573	1E-3
12940	681.6	-1.573	1E-3
12961	678.8	-1.574	1E-3
12981	675.8	-1.574	1E-3
13001	673	-1.574	1E-3
13021	670.3	-1.574	1E-3
13041	667.6	-1.574	1E-3
13061	665	-1.575	1E-3
13081	662.2	-1.575	1E-3
13101	659.6	-1.575	1E-3
13121	657	-1.575	1E-3
13141	654.3	-1.575	1E-3
13161	651.7	-1.575	1E-3
13181	648.9	-1.576	1E-3
13202	645.9	-1.576	1E-3
13222	643.7	-1.576	1E-3
13242	640.8	-1.576	1E-3
13262	638.6	-1.576	1E-3
13282	636	-1.576	1E-3
13302	633.3	-1.576	1E-3
13322	630.7	-1.576	1E-3
13342	628.3	-1.577	1E-3
13362	625.6	-1.577	1E-3
13382	623.2	-1.577	1E-3
13402	620.4	-1.577	1E-3
13422	618.3	-1.577	1E-3
13442	616	-1.578	1E-3
13462	613.5	-1.578	1E-3
13482	610.9	-1.578	1E-3
13502	608.6	-1.578	1E-3
13522	606	-1.578	1E-3
13542	603.8	-1.579	1E-3
13562	601.5	-1.579	1E-3
13582	599	-1.579	1E-3
13602	596.6	-1.579	1E-3
13622	594.3	-1.579	1E-3
13643	592	-1.579	1E-3
13663	589.9	-1.58	1E-3
13683	587.5	-1.58	1E-3
13704	585.4	-1.58	1E-3
13729	582.2	-1.58	1E-3
13753	579.6	-1.581	1E-3
13773	577.3	-1.581	1E-3
13794	575.1	-1.581	1E-3
13814	573	-1.581	1E-3
13834	570.7	-1.581	1E-3
13854	568.8	-1.582	1E-3
13874	566.7	-1.582	1E-3
13894	564.5	-1.582	1E-3
13914	562.3	-1.582	1E-3
13935	560.2	-1.582	1E-3
13955	558.1	-1.583	1E-3
13975	555.8	-1.583	1E-3
13996	553.7	-1.583	1E-3
14016	551.4	-1.583	1E-3
14040	548.8	-1.583	1E-3
14061	546.7	-1.584	1E-3
14086	544.3	-1.584	1E-3
14106	542.2	-1.584	1E-3
14126	539.9	-1.584	1E-3
14146	537.6	-1.584	1E-3
14167	535.7	-1.584	1E-3
14187	533.4	-1.584	1E-3
14207	531.3	-1.585	1E-3
14228	529.4	-1.585	1E-3
14248	527.3	-1.585	1E-3
14268	525.4	-1.585	1E-3
14289	523.3	-1.585	1E-3
14309	521	-1.585	1E-3
14359	516.4	-1.586	1E-3
14379	514.5	-1.586	1E-3
14399	512.2	-1.586	1E-3
14419	510.3	-1.586	1E-3
14440	508.4	-1.586	1E-3
14460	506.5	-1.586	1E-3
14480	504.3	-1.586	1E-3
14500	502.4	-1.587	1E-3
14520	500.5	-1.587	1E-3
14540	498.4	-1.587	1E-3
14560	497	-1.587	1E-3
14580	495.3	-1.587	1E-3
14600	493.3	-1.587	1E-3
14620	491.4	-1.587	1E-3
14641	489.5	-1.587	1E-3
14661	487.4	-1.587	1E-3
14681	485.6	-1.588	1E-3
14701	483.7	-1.588	1E-3
14721	482	-1.588	1E-3
14741	480	-1.588	1E-3
14761	478.3	-1.588	1E-3
14781	476.5	-1.588	1E-3
14801	474.6	-1.588	1E-3
14821	472.9	-1.588	1E-3
14841	471.3	-1.589	1E-3
14861	469.5	-1.589	1E-3
14882	467.8	-1.589	1E-3
14906	465.9	-1.589	1E-3
14927	463.9	-1.589	1E-3
14947	462.2	-1.589	1E-3
14967	460.6	-1.589	1E-3
14987	458.7	-1.59	1E-3
15007	457.1	-1.59	1E-3
15027	455.3	-1.59	1E-3
15047	453.6	-1.59	1E-3
15067	451.8	-1.59	1E-3
15087	450.3	-1.59	1E-3
15107	448.4	-1.59	1E-3
15127	447	-1.591	1E-3
15147	445.4	-1.591	1E-3
15167	443.6	-1.591	1E-3
15187	442.1	-1.591	1E-3
15207	440.3	-1.591	1E-3
15228	438.5	-1.591	1E-3
15248	437	-1.591	1E-3
15268	435.1	-1.591	1E-3
15288	433.5	-1.592	1E-3
15308	431.7	-1.592	1E-3
15328	430	-1.592	1E-3
15348	428.2	-1.592	1E-3
15369	426.8	-1.592	1E-3
15389	425.1	-1.592	1E-3
15409	423.5	-1.592	1E-3
15429	421.9	-1.592	1E-3
15449	420.5	-1.593	1E-3
15469	419	-1.593	1E-3
15489	417.2	-1.593	1E-3
15509	415.6	-1.593	1E-3
15529	413.9	-1.593	1E-3
15549	412.6	-1.593	1E-3
15569	410.9	-1.594	1E-3
15590	409.3	-1.594	1E-3
15610	407.8	-1.594	1E-3
15635	405.6	-1.594	1E-3
15655	404.1	-1.594	1E-3
15675	402.5	-1.594	1E-3
15695	400.9	-1.594	1E-3
15715	399.5	-1.594	1E-3
15735	398	-1.594	1E-3
15755	396.7	-1.595	1E-3
15775	395.1	-1.595	1E-3
15795	393.8	-1.595	1E-3
15815	392.4	-1.595	1E-3
15835	390.6	-1.595	1E-3
15855	389.2	-1.595	1E-3
15875	387.6	-1.595	1E-3
15896	386.2	-1.595	1E-3
15921	384.3	-1.596	1E-3
15941	382.9	-1.596	1E-3
15961	381.3	-1.596	1E-3
15981	379.9	-1.596	1E-3
16001	378.5	-1.596	1E-3
16021	377.1	-1.596	1E-3
16041	375.5	-1.596	1E-3
16061	374.1	-1.596	1E-3
16081	372.9	-1.596	1E-3
16102	371.5	-1.597	1E-3
16122	369.9	-1.597	1E-3
16142	368.9	-1.597	1E-3
16162	367.1	-1.597	1E-3
16182	365.9	-1.597	1E-3
16202	364.5	-1.597	1E-3
16222	362.9	-1.597	1E-3
16242	361.7	-1.597	1E-3
16262	360.1	-1.597	1E-3
16282	358.8	-1.597	1E-3
16302	357.5	-1.598	1E-3
16322	356.1	-1.598	1E-3
16342	354.7	-1.598	1E-3
16363	353.5	-1.598	1E-3
16383	351.9	-1.598	1E-3
16403	350.5	-1.598	1E-3
16423	349.3	-1.598	1E-3
16443	347.9	-1.598	1E-3
16463	346.7	-1.599	1E-3
16483	345.6	-1.599	1E-3
16503	344.2	-1.599	1E-3
16523	342.8	-1.599	1E-3
16544	341.4	-1.599	1E-3
16568	339.7	-1.599	1E-3
16588	338.4	-1.599	1E-3
16609	337	-1.599	1E-3
16629	335.5	-1.599	1E-3
16649	334.4	-1.599	1E-3
16669	332.9	-1.599	1E-3
16689	331.6	-1.599	1E-3
16709	330.4	-1.6	1E-3
16729	329	-1.6	1E-3
16749	327.6	-1.6	1E-3
16769	326.4	-1.6	1E-3
16789	325.1	-1.6	1E-3
16809	323.8	-1.6	1E-3
16829	322.5	-1.6	1E-3
16849	321.5	-1.601	1E-3
16869	320.3	-1.601	1E-3
16890	319	-1.601	1E-3
16910	318	-1.601	1E-3
16930	316.6	-1.601	1E-3
16950	315.2	-1.601	1E-3
16970	314.1	-1.601	1E-3
16990	312.7	-1.601	1E-3
17010	311.3	-1.601	1E-3
17030	310.3	-1.601	1E-3
17051	309	-1.601	1E-3
17071	307.8	-1.602	1E-3
17091	306.6	-1.602	1E-3
17111	305.2	-1.602	1E-3
17131	304.1	-1.602	1E-3
17152	302.9	-1.602	1E-3
17176	301.5	-1.602	1E-3
17196	300.3	-1.602	1E-3
17217	298.9	-1.602	1E-3
17237	298	-1.603	1E-3
17257	297	-1.603	1E-3
17277	295.9	-1.603	1E-3
17297	294.7	-1.603	1E-3
17318	293.3	-1.603	1E-3
17342	292.3	-1.603	1E-3
17363	291	-1.603	1E-3
17383	289.8	-1.603	1E-3
17403	288.8	-1.603	1E-3
17423	287.4	-1.603	1E-3
17443	286.5	-1.603	1E-3
17463	285.2	-1.603	1E-3
17483	284.2	-1.604	1E-3
17503	283.1	-1.604	1E-3
17523	281.9	-1.604	1E-3
17543	280.9	-1.604	1E-3
17563	279.6	-1.604	1E-3
17584	278.6	-1.604	1E-3
17608	277.2	-1.604	1E-3
17628	276.3	-1.604	1E-3
17649	275.3	-1.604	1E-3
17669	274	-1.604	1E-3
17689	273.2	-1.605	1E-3
17709	272.1	-1.605	1E-3
17730	270.9	-1.605	1E-3
17754	269.5	-1.605	1E-3
17774	268.6	-1.605	1E-3
17795	267.8	-1.605	1E-3
17815	266.4	-1.605	1E-3
17835	265.3	-1.605	1E-3
17855	264.3	-1.605	1E-3
17875	263.2	-1.605	1E-3
17895	262	-1.605	1E-3
17915	260.9	-1.605	1E-3
17935	259.9	-1.605	1E-3
17956	258.8	-1.605	1E-3
17976	257.6	-1.606	1E-3
17996	256.5	-1.606	1E-3
18018	255.3	-1.606	1E-3
18041	254.3	-1.606	1E-3
18061	253.4	-1.606	1E-3
18081	252	-1.606	1E-3
18101	250.9	-1.606	1E-3
18121	250.1	-1.606	1E-3
18142	249.2	-1.606	1E-3
18166	247.8	-1.606	1E-3
18187	246.8	-1.606	1E-3
18207	245.7	-1.606	1E-3
18227	245	-1.606	1E-3
18247	244.3	-1.607	1E-3
18267	242.9	-1.607	1E-3
18287	242.2	-1.607	1E-3
18307	241.1	-1.607	1E-3
18328	240.3	-1.607	1E-3
18352	238.9	-1.607	1E-3
18373	238	-1.607	1E-3
18393	236.9	-1.607	1E-3
18413	236.1	-1.607	1E-3
18433	235.2	-1.607	1E-3
18453	234	-1.607	1E-3
18474	233.3	-1.607	1E-3
18498	232.1	-1.607	1E-3
18518	231	-1.608	1E-3
18539	230.1	-1.608	1E-3
18559	229.1	-1.608	1E-3
18579	228.2	-1.608	1E-3
18599	227.1	-1.608	1E-3
18619	225.9	-1.608	1E-3
18639	225.2	-1.608	1E-3
18659	224.2	-1.608	1E-3
18679	223.5	-1.608	1E-3
18700	222.6	-1.608	1E-3
18720	221.5	-1.608	1E-3
18740	220.7	-1.608	1E-3
18760	220	-1.609	1E-3
18780	219.1	-1.609	1E-3
18800	218.2	-1.609	1E-3
18820	217.2	-1.609	1E-3
18840	216.7	-1.609	1E-3
18860	215.8	-1.609	1E-3
18880	214.9	-1.609	1E-3
18900	213.9	-1.609	1E-3
18921	213	-1.609	1E-3
18941	212.1	-1.609	1E-3
18961	211.2	-1.609	1E-3
18981	210.4	-1.61	1E-3
19001	209.5	-1.61	1E-3
19021	208.9	-1.61	1E-3
19041	207.9	-1.61	1E-3
19062	207.2	-1.61	1E-3
19086	205.8	-1.61	1E-3
19107	205.3	-1.61	1E-3
19127	204.2	-1.61	1E-3
19147	203.7	-1.61	1E-3
19167	202.6	-1.61	1E-3
19187	201.9	-1.61	1E-3
19207	200.9	-1.61	1E-3
19228	200.2	-1.611	1E-3
19253	199	-1.611	1E-3
19273	197.9	-1.611	1E-3
19293	197.2	-1.611	1E-3
19313	196.4	-1.611	1E-3
19333	195.6	-1.611	1E-3
19353	194.9	-1.611	1E-3
19373	193.9	-1.611	1E-3
19393	193	-1.611	1E-3
19413	192.3	-1.611	1E-3
19434	191.4	-1.611	1E-3
19454	190.8	-1.611	1E-3
19474	190.1	-1.611	1E-3
19494	189.3	-1.611	1E-3
19514	188.3	-1.612	1E-3
19534	187.6	-1.612	1E-3
19554	187.1	-1.612	1E-3
19574	186	-1.612	1E-3
19595	185.5	-1.612	1E-3
19615	184.4	-1.612	1E-3
19635	183.6	-1.612	1E-3
19655	183.1	-1.612	1E-3
19675	182.2	-1.612	1E-3
19695	181.3	-1.612	1E-3
19715	180.8	-1.612	1E-3
19735	179.7	-1.612	1E-3
19755	179.2	-1.613	1E-3
19775	178.5	-1.613	1E-3
19795	177.5	-1.613	1E-3
19815	176.9	-1.613	1E-3
19835	176.1	-1.613	1E-3
19855	175.2	-1.613	1E-3
19875	174.6	-1.613	1E-3
19895	173.9	-1.613	1E-3
19915	173.1	-1.613	1E-3
19936	172.4	-1.613	1E-3
19956	171.7	-1.613	1E-3
19976	170.8	-1.613	1E-3
19996	170.1	-1.613	1E-3
20016	169.4	-1.613	1E-3
20036	168.7	-1.613	1E-3
20056	168	-1.614	1E-3
20077	167.3	-1.614	1E-3
20097	166.6	-1.614	1E-3
20119	165.7	-1.614	1E-3
20142	165	-1.614	1E-3
20164	164.3	-1.614	1E-3
20187	163.4	-1.614	1E-3
20207	162.9	-1.614	1E-3
20228	162.2	-1.614	1E-3
20253	161.5	-1.614	1E-3
20273	161	-1.614	1E-3
20293	160.5	-1.614	1E-3
20313	159.8	-1.614	1E-3
20333	158.7	-1.614	1E-3
20353	158.2	-1.614	1E-3
20373	157.7	-1.614	1E-3
20393	157	-1.614	1E-3
20413	156.3	-1.614	1E-3
20433	155.6	-1.615	1E-3
20453	155	-1.615	1E-3
20474	154.2	-1.615	1E-3
20498	153.6	-1.615	1E-3
20519	152.9	-1.615	1E-3
20539	152.4	-1.615	1E-3
20559	151.6	-1.615	1E-3
20579	151	-1.615	1E-3
20599	150.5	-1.615	1E-3
20619	150.1	-1.615	1E-3
20639	149.1	-1.615	1E-3
20659	148.6	-1.615	1E-3
20679	147.9	-1.615	1E-3
20699	147.4	-1.615	1E-3
20719	146.7	-1.615	1E-3
20739	146	-1.615	1E-3
20760	145.4	-1.616	1E-3
20780	144.6	-1.616	1E-3
20800	143.9	-1.616	1E-3
20820	143.5	-1.616	1E-3
20841	142.8	-1.616	1E-3
20865	142.1	-1.616	1E-3
20885	141.4	-1.616	1E-3
20906	140.7	-1.616	1E-3
20926	140.2	-1.616	1E-3
20946	139.7	-1.616	1E-3
20966	139	-1.616	1E-3
20986	138.3	-1.616	1E-3
21006	137.9	-1.616	1E-3
21026	137.2	-1.616	1E-3
21046	136.5	-1.616	1E-3
21066	135.8	-1.616	1E-3
21086	135.3	-1.616	1E-3
21107	134.6	-1.616	1E-3
21127	134.2	-1.616	1E-3
21147	133.9	-1.616	1E-3
21167	133.2	-1.616	1E-3
21187	132.8	-1.616	1E-3
21207	132.1	-1.616	1E-3
21227	131.6	-1.616	1E-3
21247	131.1	-1.617	1E-3
21267	130.6	-1.617	1E-3
21287	130	-1.617	1E-3
21307	129.3	-1.617	1E-3
21327	129.1	-1.617	1E-3
21347	128.4	-1.617	1E-3
21368	127.8	-1.617	1E-3
21388	127.2	-1.617	1E-3
21408	126.9	-1.617	1E-3
21428	126.3	-1.617	1E-3
21448	125.7	-1.617	1E-3
21468	125	-1.617	1E-3
21488	124.4	-1.617	1E-3
21509	123.9	-1.617	1E-3
21533	123.6	-1.617	1E-3
21553	123	-1.617	1E-3
21573	122.3	-1.617	1E-3
21594	121.8	-1.617	1E-3
21614	121.4	-1.617	1E-3
21634	120.8	-1.617	1E-3
21656	120.4	-1.618	1E-3
21680	119.7	-1.618	1E-3
21703	119.2	-1.618	1E-3
21723	118.5	-1.618	1E-3
21745	118.1	-1.618	1E-3
21769	117.4	-1.618	1E-3
21790	117.3	-1.618	1E-3
21810	116.4	-1.618	1E-3
21830	116	-1.618	1E-3
21850	115.5	-1.618	1E-3
21871	115.1	-1.618	1E-3
21891	114.6	-1.618	1E-3
21916	113.9	-1.618	1E-3
21937	113.4	-1.618	1E-3
21961	113	-1.618	1E-3
21981	112.3	-1.618	1E-3
22001	112.2	-1.618	1E-3
22021	111.7	-1.618	1E-3
22041	111.1	-1.618	1E-3
22061	110.8	-1.618	1E-3
22082	110.3	-1.619	1E-3
22107	109.6	-1.619	1E-3
22127	109.2	-1.619	1E-3
22147	108.7	-1.619	1E-3
22167	108.3	-1.619	1E-3
22187	107.6	-1.619	1E-3
22207	107.4	-1.619	1E-3
22227	106.9	-1.619	1E-3
22247	106.6	-1.619	1E-3
22268	105.9	-1.619	1E-3
22288	105.5	-1.619	1E-3
22308	105.3	-1.619	1E-3
22328	105	-1.619	1E-3
22348	104.5	-1.619	1E-3
22369	103.9	-1.619	1E-3
22389	103.9	-1.619	1E-3
22409	103.3	-1.619	1E-3
22429	103.1	-1.619	1E-3
22449	102.6	-1.619	1E-3
22469	102	-1.619	1E-3
22489	101.7	-1.619	1E-3
22509	101	-1.62	1E-3
22529	101	-1.62	1E-3
22549	100.4	-1.62	1E-3
22569	100.1	-1.62	1E-3
22589	99.6	-1.62	1E-3
22609	99.2	-1.62	1E-3
22629	98.3	-1.62	1E-3
22650	98	-1.62	1E-3
22674	97.6	-1.62	1E-3
22695	97.3	-1.62	1E-3
22715	96.9	-1.62	1E-3
22735	96.3	-1.62	1E-3
22755	95.9	-1.62	1E-3
22775	95.7	-1.62	1E-3
22795	95.2	-1.62	1E-3
22815	94.8	-1.62	1E-3
22835	94.3	-1.62	1E-3
22856	94	-1.62	1E-3
22876	93.5	-1.62	1E-3
22896	93.1	-1.62	1E-3
22916	92.8	-1.621	1E-3
22936	92.2	-1.621	1E-3
22957	91.9	-1.621	1E-3
22977	91.5	-1.621	1E-3
23001	91	-1.621	1E-3
23022	90.5	-1.621	1E-3
23042	90.3	-1.621	1E-3
23062	89.9	-1.621	1E-3
23082	89.4	-1.621	1E-3
23102	89.3	-1.621	1E-3
23122	88.7	-1.621	1E-3
23142	88.2	-1.621	1E-3
23162	88	-1.621	1E-3
23182	87.5	-1.621	1E-3
23202	87.2	-1.621	1E-3
23222	87	-1.621	1E-3
23242	86.6	-1.621	1E-3
23262	86.3	-1.621	1E-3
23282	85.8	-1.621	1E-3
23302	85.4	-1.622	1E-3
23322	85.1	-1.622	1E-3
23342	84.7	-1.622	1E-3
23362	84.5	-1.622	1E-3
23383	84.3	-1.622	1E-3
23403	83.5	-1.622	1E-3
23423	83.1	-1.622	1E-3
23443	82.8	-1.622	1E-3
23464	82.6	-1.622	1E-3
23484	82.3	-1.622	1E-3
23504	82.1	-1.622	1E-3
23526	81.5	-1.622	1E-3
23550	81	-1.622	1E-3
23571	81	-1.622	1E-3
23592	80.3	-1.622	1E-3
23616	80.2	-1.622	1E-3
23636	79.8	-1.622	1E-3
23656	79.5	-1.622	1E-3
23676	79.1	-1.622	1E-3
23696	78.9	-1.622	1E-3
23716	78.6	-1.622	1E-3
23736	78.2	-1.622	1E-3
23756	77.7	-1.622	1E-3
23776	77.3	-1.622	1E-3
23796	77.2	-1.622	1E-3
23816	77	-1.622	1E-3
23836	76.7	-1.622	1E-3
23857	76.3	-1.623	1E-3
23877	76	-1.623	1E-3
23897	75.4	-1.623	1E-3
23917	75.4	-1.623	1E-3
23938	74.9	-1.623	1E-3
23962	74.7	-1.623	1E-3
23982	74.4	-1.623	1E-3
24003	74.2	-1.623	1E-3
24027	73.8	-1.623	1E-3
24048	73.7	-1.623	1E-3
24068	73.2	-1.623	1E-3
24088	72.8	-1.623	1E-3
24108	72.6	-1.623	1E-3
24128	72.5	-1.623	1E-3
24148	72.1	-1.623	1E-3
24168	71.7	-1.623	1E-3
24188	71.7	-1.623	1E-3
24208	71.7	-1.623	1E-3
24228	71.2	-1.623	1E-3
24248	70.9	-1.623	1E-3
24269	70.7	-1.623	1E-3
24293	70.3	-1.623	1E-3
24314	70.2	-1.623	1E-3
24334	69.8	-1.623	1E-3
24358	69.5	-1.623	1E-3
24383	69.3	-1.623	1E-3
24406	68.8	-1.623	1E-3
24427	68.4	-1.624	1E-3
24451	68.1	-1.624	1E-3
24473	68.1	-1.624	1E-3
24495	67.5	-1.624	1E-3
24515	67.5	-1.624	1E-3
24536	67	-1.624	1E-3
24556	66.8	-1.624	1E-3
24576	66.8	-1.624	1E-3
24596	66.5	-1.624	1E-3
24616	66.2	-1.624	1E-3
24636	66	-1.624	1E-3
24656	66	-1.624	1E-3
24676	65.6	-1.624	1E-3
24696	65.4	-1.624	1E-3
24716	65.3	-1.624	1E-3
24736	64.8	-1.624	1E-3
24756	64.4	-1.624	1E-3
24777	64.4	-1.624	1E-3
24797	64.1	-1.624	1E-3
24817	63.9	-1.624	1E-3
24837	63.7	-1.624	1E-3
24857	63.5	-1.624	1E-3
24877	63.2	-1.624	1E-3
24897	63	-1.624	1E-3
24917	63	-1.624	1E-3
24937	62.6	-1.624	1E-3
24957	62.3	-1.624	1E-3
24977	62	-1.624	1E-3
24997	61.8	-1.624	1E-3
25018	61.4	-1.624	1E-3
25039	61.3	-1.624	1E-3
25063	60.9	-1.624	1E-3
25084	60.7	-1.624	1E-3
25108	60.6	-1.624	1E-3
25128	60.4	-1.624	1E-3
25148	60.4	-1.624	1E-3
25168	59.9	-1.624	1E-3
25189	59.7	-1.624	1E-3
25209	59.3	-1.625	1E-3
25229	59	-1.625	1E-3
25249	59	-1.625	1E-3
25269	58.4	-1.625	1E-3
25289	58.1	-1.625	1E-3
25309	58.1	-1.625	1E-3
25329	57.8	-1.625	1E-3
25349	57.8	-1.625	1E-3
25369	57.6	-1.625	1E-3
25389	57.2	-1.625	1E-3
25409	57.2	-1.625	1E-3
25429	56.7	-1.625	1E-3
25450	56.5	-1.625	1E-3
25470	56.4	-1.625	1E-3
25490	56.4	-1.625	1E-3
25510	56	-1.625	1E-3
25530	55.8	-1.625	1E-3
25550	55.7	-1.625	1E-3
25570	55.5	-1.625	1E-3
25591	55.5	-1.625	1E-3
25611	54.8	-1.625	1E-3
25631	54.4	-1.625	1E-3
25651	54.6	-1.625	1E-3
25671	54.4	-1.625	1E-3
25692	54.3	-1.625	1E-3
25712	53.7	-1.625	1E-3
25732	53.7	-1.625	1E-3
25752	53.5	-1.625	1E-3
25772	53.5	-1.625	1E-3
25792	53	-1.625	1E-3
25813	52.8	-1.625	1E-3
25833	52.5	-1.625	1E-3
25853	52.5	-1.625	1E-3
25873	52.3	-1.625	1E-3
25893	52	-1.625	1E-3
25914	51.8	-1.625	1E-3
25934	51.6	-1.625	1E-3
25954	51.6	-1.625	1E-3
25975	51.3	-1.625	1E-3
25999	51.5	-1.625	1E-3
26019	50.9	-1.625	1E-3
26039	50.8	-1.625	1E-3
26060	50.6	-1.625	1E-3
26080	50.4	-1.625	1E-3
26100	50.4	-1.625	1E-3
26120	50.2	-1.626	1E-3
26140	49.9	-1.626	1E-3
26160	49.7	-1.626	1E-3
26180	49.5	-1.626	1E-3
26200	49.3	-1.626	1E-3
26220	49	-1.626	1E-3
26240	49	-1.626	1E-3
26261	48.8	-1.626	1E-3
26281	48.6	-1.626	1E-3
26301	48.3	-1.626	1E-3
26321	48.3	-1.626	1E-3
26341	48.1	-1.626	1E-3
26361	48.1	-1.626	1E-3
26381	47.8	-1.626	1E-3
26402	47.4	-1.626	1E-3
26422	47.6	-1.626	1E-3
26447	47.1	-1.626	1E-3
26467	46.9	-1.626	1E-3
26487	46.7	-1.626	1E-3
26507	46.6	-1.626	1E-3
26527	46.6	-1.626	1E-3
26547	46.4	-1.626	1E-3
26567	46.2	-1.626	1E-3
26587	46.2	-1.626	1E-3
26607	45.8	-1.626	1E-3
26627	45.8	-1.626	1E-3
26647	45.7	-1.626	1E-3
26667	45.7	-1.626	1E-3
26687	45.5	-1.626	1E-3
26707	45.1	-1.626	1E-3
26728	45	-1.626	1E-3
26748	45	-1.626	1E-3
26768	44.6	-1.626	1E-3
26788	44.6	-1.626	1E-3
26809	44.5	-1.626	1E-3
26834	44.3	-1.626	1E-3
26859	44.3	-1.626	1E-3
26881	44.1	-1.626	1E-3
26905	43.9	-1.626	1E-3
26926	43.9	-1.626	1E-3
26950	43.6	-1.626	1E-3
26970	43.6	-1.626	1E-3
26990	43.2	-1.626	1E-3
27010	42.9	-1.626	1E-3
27030	43.1	-1.626	1E-3
27051	42.7	-1.626	1E-3
27071	42.5	-1.626	1E-3
27092	42.5	-1.626	1E-3
27116	42.3	-1.626	1E-3
27136	42	-1.626	1E-3
27156	42.2	-1.626	1E-3
27177	42	-1.626	1E-3
27197	42	-1.626	1E-3
27217	42.2	-1.626	1E-3
27237	41.7	-1.626	1E-3
27257	41.7	-1.626	1E-3
27278	41.5	-1.626	1E-3
27299	41.5	-1.626	1E-3
27319	41.3	-1.626	1E-3
27339	41	-1.626	1E-3
27359	41	-1.626	1E-3
27380	40.6	-1.626	1E-3
27404	40.6	-1.626	1E-3
27425	40.3	-1.626	1E-3
27445	40.3	-1.626	1E-3
27465	40.1	-1.626	1E-3
27485	40.1	-1.626	1E-3
27505	40.1	-1.626	1E-3
27525	40.1	-1.626	1E-3
27545	39.6	-1.626	1E-3
27566	39.7	-1.626	1E-3
27586	39.7	-1.626	1E-3
27606	39.4	-1.626	1E-3
27627	39.4	-1.626	1E-3
27651	39.2	-1.626	1E-3
27671	39.2	-1.626	1E-3
27692	39.2	-1.626	1E-3
27717	39	-1.627	1E-3
27737	39	-1.627	1E-3
27757	38.8	-1.627	1E-3
27777	39	-1.627	1E-3
27797	38.5	-1.627	1E-3
27818	38.5	-1.627	1E-3
27838	38.3	-1.627	1E-3
27858	38.3	-1.627	1E-3
27878	38.3	-1.627	1E-3
27898	38.3	-1.627	1E-3
27918	38.2	-1.627	1E-3
27938	38.2	-1.627	1E-3
27958	38.2	-1.627	1E-3
27978	37.6	-1.627	1E-3
27998	37.6	-1.627	1E-3
28018	37.5	-1.627	1E-3
28039	37.5	-1.627	1E-3
28059	37.3	-1.627	1E-3
28079	37.6	-1.627	1E-3
28099	37.3	-1.627	1E-3
28120	36.9	-1.627	1E-3
28144	36.9	-1.627	1E-3
28164	36.9	-1.627	1E-3
28185	36.9	-1.627	1E-3
28205	36.8	-1.627	1E-3
28225	36.6	-1.627	1E-3
28245	36.6	-1.627	1E-3
28265	36.2	-1.627	1E-3
28285	36.4	-1.627	1E-3
28305	36	-1.627	1E-3
28325	36	-1.627	1E-3
28345	36	-1.627	1E-3
28365	35.9	-1.627	1E-3
28385	35.9	-1.627	1E-3
28405	35.7	-1.627	1E-3
28425	35.7	-1.627	1E-3
28445	35.5	-1.627	1E-3
28465	35.7	-1.627	1E-3
28485	35.2	-1.627	1E-3
28505	35.2	-1.627	1E-3
28525	35.3	-1.627	1E-3
28545	35.2	-1.627	1E-3
28565	35.2	-1.627	1E-3
28585	34.8	-1.627	1E-3
28605	34.8	-1.627	1E-3
28625	34.7	-1.627	1E-3
28645	34.7	-1.627	1E-3
28666	34.5	-1.627	1E-3
28686	34.5	-1.627	1E-3
28706	34.1	-1.627	1E-3
28726	34.5	-1.627	1E-3
28746	34	-1.627	1E-3
28766	34	-1.627	1E-3
28786	33.8	-1.627	1E-3
28806	33.8	-1.627	1E-3
28826	33.8	-1.627	1E-3
28846	33.8	-1.627	1E-3
28866	33.8	-1.627	1E-3
28886	33.6	-1.627	1E-3
28906	33.8	-1.627	1E-3
28927	33.6	-1.627	1E-3
28951	33.6	-1.627	1E-3
28972	33.3	-1.627	1E-3
28992	33.1	-1.627	1E-3
29012	33.1	-1.627	1E-3
29032	33.1	-1.627	1E-3
29052	32.9	-1.627	1E-3
29072	33.1	-1.627	1E-3
29092	32.9	-1.627	1E-3
29112	32.9	-1.627	1E-3
29132	32.9	-1.627	1E-3
29152	32.5	-1.627	1E-3
29172	32.5	-1.627	1E-3
29192	32.4	-1.627	1E-3
29212	32.4	-1.627	1E-3
29232	32.4	-1.627	1E-3
29252	32.4	-1.627	1E-3
29272	32.4	-1.627	1E-3
29292	32.2	-1.627	1E-3
29312	32	-1.627	1E-3
29332	32	-1.627	1E-3
29352	32	-1.627	1E-3
29372	32	-1.627	1E-3
29392	31.9	-1.627	1E-3
29412	31.7	-1.627	1E-3
29432	31.7	-1.627	1E-3
29452	31.7	-1.627	1E-3
29472	31.7	-1.627	1E-3
29492	31.5	-1.627	1E-3
29512	31.3	-1.627	1E-3
29532	31.3	-1.627	1E-3
29552	31.1	-1.627	1E-3
29572	31.3	-1.627	1E-3
29592	31.1	-1.627	1E-3
29612	31.1	-1.627	1E-3
29632	31.1	-1.627	1E-3
29652	31	-1.627	1E-3
29672	31.1	-1.627	1E-3
29692	30.8	-1.627	1E-3
29712	31	-1.627	1E-3
29732	30.6	-1.627	1E-3
29752	30.8	-1.627	1E-3
29772	30.6	-1.628	1E-3
29792	30.5	-1.628	1E-3
29812	30.5	-1.628	1E-3
29832	30.8	-1.628	1E-3
29853	30.5	-1.628	1E-3
29873	30.3	-1.628	1E-3
29893	30.1	-1.628	1E-3
29913	29.8	-1.628	1E-3
29933	29.8	-1.628	1E-3
29953	29.8	-1.628	1E-3
29973	29.8	-1.628	1E-3
29993	29.6	-1.628	1E-3
30013	29.8	-1.628	1E-3
30033	29.6	-1.628	1E-3
30053	29.6	-1.628	1E-3
30073	29.4	-1.628	1E-3
30093	29.2	-1.628	1E-3
30113	29.4	-1.628	1E-3
30133	29.6	-1.628	1E-3
30153	29.2	-1.628	1E-3
30173	29.4	-1.628	1E-3
30193	29.2	-1.628	1E-3
30213	29.2	-1.628	1E-3
30233	29.2	-1.628	1E-3
30253	29.4	-1.628	1E-3
30273	28.9	-1.628	1E-3
30293	29	-1.628	1E-3
30313	28.9	-1.628	1E-3
30333	28.7	-1.628	1E-3
30353	28.7	-1.628	1E-3
30373	28.7	-1.628	1E-3
30393	28.7	-1.628	1E-3
30413	28.7	-1.628	1E-3
30433	28.5	-1.628	1E-3
30453	28.5	-1.628	1E-3
30473	28.5	-1.628	1E-3
30493	28.4	-1.628	1E-3
30513	28.5	-1.628	1E-3
30533	28.4	-1.628	1E-3
30553	28.5	-1.628	1E-3
30573	28.5	-1.628	1E-3
30593	28.5	-1.628	1E-3
30613	28.4	-1.628	1E-3
30633	28.5	-1.628	1E-3
30653	28.4	-1.628	1E-3
30674	28.2	-1.628	1E-3
30694	28.2	-1.628	1E-3
30714	28.2	-1.628	1E-3
30734	28.2	-1.628	1E-3
30754	28.2	-1.628	1E-3
30774	28.2	-1.628	1E-3
30794	28.2	-1.628	1E-3
30814	28	-1.628	1E-3
30834	27.8	-1.628	1E-3
30854	28	-1.628	1E-3
30874	28	-1.628	1E-3
30894	27.7	-1.628	1E-3
30914	27.8	-1.628	1E-3
30934	27.8	-1.628	1E-3
30954	27.5	-1.628	1E-3
30974	27.7	-1.628	1E-3
30994	27.5	-1.628	1E-3
31014	27.5	-1.628	1E-3
31034	27.5	-1.628	1E-3
31054	27.5	-1.628	1E-3
31074	27.5	-1.628	1E-3
31094	27.5	-1.628	1E-3
31114	27.5	-1.628	1E-3
31134	27.3	-1.628	1E-3
31154	27.1	-1.628	1E-3
31174	27.1	-1.628	1E-3
31194	27.3	-1.628	1E-3
31214	27.3	-1.628	1E-3
31234	27.1	-1.628	1E-3
31255	27.1	-1.628	1E-3
31275	27	-1.628	1E-3
31295	27.3	-1.628	1E-3
31315	27	-1.628	1E-3
31335	27	-1.628	1E-3
31355	27	-1.628	1E-3
31375	26.8	-1.628	1E-3
31395	26.8	-1.628	1E-3
31415	26.8	-1.628	1E-3
31435	26.8	-1.628	1E-3
31455	26.8	-1.628	1E-3
31475	26.8	-1.628	1E-3
31495	26.8	-1.628	1E-3
31515	26.6	-1.628	1E-3
31535	26.6	-1.627	1E-3
31555	26.8	-1.627	1E-3
31575	26.6	-1.627	1E-3
31595	26.6	-1.627	1E-3
31615	26.8	-1.627	1E-3
31635	26.3	-1.627	1E-3
31655	26.3	-1.627	1E-3
31675	26.3	-1.627	1E-3
31695	26.3	-1.627	1E-3
31715	26.3	-1.627	1E-3
31735	26.3	-1.627	1E-3
31755	26.3	-1.627	1E-3
31775	26.1	-1.627	1E-3
31795	26.3	-1.627	1E-3
31815	26.1	-1.627	1E-3
31835	26.1	-1.627	1E-3
31855	25.9	-1.627	1E-3
31875	26.1	-1.627	1E-3
31895	25.7	-1.627	1E-3
31915	26.1	-1.627	1E-3
31935	26.1	-1.627	1E-3
31955	26.1	-1.627	1E-3
31975	25.7	-1.627	1E-3
31995	25.9	-1.627	1E-3
32015	25.7	-1.627	1E-3
32035	25.7	-1.627	1E-3
32055	25.7	-1.627	1E-3
32075	25.6	-1.627	1E-3
32095	25.6	-1.627	1E-3
32115	25.6	-1.627	1E-3
32135	25.6	-1.627	1E-3
32155	25.6	-1.627	1E-3
32176	25.4	-1.627	1E-3
32196	25.4	-1.627	1E-3
32216	25.4	-1.627	1E-3
32236	25.4	-1.627	1E-3
32256	25.4	-1.627	1E-3
32276	25.4	-1.627	1E-3
32296	25.4	-1.627	1E-3
32316	25.4	-1.627	1E-3
32336	25	-1.627	1E-3
32356	25.2	-1.627	1E-3
32376	25.2	-1.627	1E-3
32396	25.4	-1.627	1E-3
32416	25.2	-1.627	1E-3
32436	25.2	-1.627	1E-3
32456	25.2	-1.627	1E-3
32476	25	-1.627	1E-3
32496	25	-1.627	1E-3
32516	25.2	-1.627	1E-3
32536	25	-1.627	1E-3
32556	25.2	-1.627	1E-3
32576	25.2	-1.627	1E-3
32596	24.7	-1.627	1E-3
32616	24.7	-1.627	1E-3
32636	24.7	-1.627	1E-3
32656	24.8	-1.627	1E-3
32676	24.7	-1.627	1E-3
32696	24.7	-1.627	1E-3
32716	24.7	-1.627	1E-3
32736	24.7	-1.627	1E-3
32756	24.7	-1.627	1E-3
32776	24.8	-1.627	1E-3
32796	24.7	-1.627	1E-3
32816	24.5	-1.627	1E-3
32836	24.5	-1.627	1E-3
32856	24.7	-1.627	1E-3
32876	24.3	-1.627	1E-3
32896	24.5	-1.627	1E-3
32917	24.5	-1.627	1E-3
32941	24.3	-1.627	1E-3
32961	24.7	-1.627	1E-3
32981	24	-1.627	1E-3
33002	24.5	-1.627	1E-3
33022	24.3	-1.627	1E-3
33042	24.3	-1.627	1E-3
33062	24.3	-1.627	1E-3
33082	24.5	-1.627	1E-3
33102	24.3	-1.627	1E-3
33122	24	-1.627	1E-3
33142	24.3	-1.627	1E-3
33162	24.1	-1.627	1E-3
33182	24.1	-1.627	1E-3
33202	24	-1.627	1E-3
33222	24.1	-1.627	1E-3
33242	24.1	-1.627	1E-3
33262	24	-1.627	1E-3
33282	24	-1.627	1E-3
33302	24	-1.627	1E-3
33322	24	-1.627	1E-3
33342	23.8	-1.627	1E-3
33362	24	-1.627	1E-3
33382	24	-1.627	1E-3
33402	24	-1.627	1E-3
33422	24	-1.627	1E-3
33442	24	-1.627	1E-3
33462	24	-1.627	1E-3
33482	24	-1.627	1E-3
33502	24	-1.627	1E-3
33522	23.8	-1.627	1E-3
33542	24.3	-1.627	1E-3
33562	23.8	-1.627	1E-3
33583	23.6	-1.627	1E-3
33607	23.5	-1.627	1E-3
33627	23.6	-1.627	1E-3
33647	23.8	-1.627	1E-3
33668	23.6	-1.627	1E-3
33688	23.8	-1.627	1E-3
33708	23.6	-1.627	1E-3
33728	23.6	-1.627	1E-3
33748	23.6	-1.627	1E-3
33768	23.5	-1.627	1E-3
33788	23.1	-1.627	1E-3
33808	23.6	-1.627	1E-3
33828	23.6	-1.627	1E-3
33848	23.5	-1.627	1E-3
33868	23.3	-1.627	1E-3
33888	23.3	-1.627	1E-3
33908	23.5	-1.627	1E-3
33928	23.3	-1.627	1E-3
33948	23.3	-1.627	1E-3
33968	23.3	-1.627	1E-3
33988	23.3	-1.627	1E-3
34008	23.3	-1.627	1E-3
34028	23.3	-1.627	1E-3
34048	23.3	-1.627	1E-3
34068	23.3	-1.627	1E-3
34088	23.3	-1.627	1E-3
34108	23.3	-1.627	1E-3
34128	23.1	-1.627	1E-3
34148	23.3	-1.627	1E-3
34168	23.1	-1.627	1E-3
34188	23.1	-1.627	1E-3
34208	23.3	-1.627	1E-3
34228	22.9	-1.627	1E-3
34248	23.1	-1.627	1E-3
34268	23.3	-1.627	1E-3
34288	23.1	-1.627	1E-3
34308	23.3	-1.627	1E-3
34328	23.1	-1.627	1E-3
34348	23.1	-1.627	1E-3
34368	23.1	-1.627	1E-3
34388	22.9	-1.627	1E-3
34409	22.9	-1.627	1E-3
34429	23.1	-1.627	1E-3
34449	22.7	-1.627	1E-3
34469	23.1	-1.627	1E-3
34489	22.9	-1.627	1E-3
34509	22.9	-1.627	1E-3
34529	22.9	-1.627	1E-3
34549	22.7	-1.627	1E-3
34569	22.6	-1.627	1E-3
34589	22.9	-1.627	1E-3
34609	22.6	-1.627	1E-3
34629	22.9	-1.627	1E-3
34649	22.7	-1.627	1E-3
34669	22.7	-1.627	1E-3
34689	22.9	-1.627	1E-3
34709	22.6	-1.627	1E-3
34729	22.6	-1.627	1E-3
34749	22.9	-1.627	1E-3
34769	22.9	-1.627	1E-3
34789	22.7	-1.627	1E-3
34809	22.6	-1.627	1E-3
34829	22.6	-1.627	1E-3
34849	22.7	-1.627	1E-3
34869	22.4	-1.627	1E-3
34889	22.6	-1.627	1E-3
34909	22.6	-1.627	1E-3
34929	22.6	-1.627	1E-3
34949	22.6	-1.627	1E-3
34969	22.6	-1.627	1E-3
34989	22.6	-1.627	1E-3
35009	22.6	-1.627	1E-3
35029	22.2	-1.627	1E-3
35049	22.7	-1.627	1E-3
35070	22.6	-1.627	1E-3
35094	22.2	-1.627	1E-3
35114	22.2	-1.627	1E-3
35134	22.4	-1.627	1E-3
35154	22.4	-1.627	1E-3
35175	22.4	-1.627	1E-3
35195	22.4	-1.627	1E-3
35215	22.4	-1.627	1E-3
35235	22.4	-1.627	1E-3
35255	22.4	-1.627	1E-3
35275	22.2	-1.627	1E-3
35295	22.2	-1.627	1E-3
35315	22.2	-1.627	1E-3
35335	22.2	-1.627	1E-3
35355	22.2	-1.627	1E-3
35375	22.2	-1.627	1E-3
35395	22.2	-1.627	1E-3
35415	22.2	-1.627	1E-3
35435	22	-1.627	1E-3
35455	22.2	-1.627	1E-3
35475	22.2	-1.627	1E-3
35495	22.2	-1.627	1E-3
35515	22.2	-1.627	1E-3
35535	21.9	-1.627	1E-3
35555	22.4	-1.627	1E-3
35575	22	-1.627	1E-3
35595	22	-1.627	1E-3
35615	22	-1.627	1E-3
35635	22.2	-1.627	1E-3
35655	22.2	-1.627	1E-3
35675	22	-1.627	1E-3
35695	22	-1.627	1E-3
35715	21.9	-1.627	1E-3
35735	22	-1.627	1E-3
35755	22	-1.627	1E-3
35775	22	-1.627	1E-3
35795	22	-1.627	1E-3
35815	22.2	-1.627	1E-3
35836	22	-1.627	1E-3
35860	22	-1.627	1E-3
35881	21.9	-1.627	1E-3
35901	22	-1.627	1E-3
35921	22	-1.627	1E-3
35941	21.9	-1.627	1E-3
35961	22	-1.627	1E-3
35981	21.9	-1.627	1E-3
36001	21.9	-1.627	1E-3
36021	22	-1.627	1E-3
36041	22	-1.627	1E-3
36061	22	-1.627	1E-3
36081	22	-1.627	1E-3
36101	21.9	-1.627	1E-3
36121	22	-1.627	1E-3
36141	21.9	-1.627	1E-3
36161	21.9	-1.627	1E-3
36181	21.9	-1.627	1E-3
36201	21.9	-1.627	1E-3
36221	21.7	-1.627	1E-3
36241	21.9	-1.627	1E-3
36261	21.9	-1.627	1E-3
36281	21.9	-1.627	1E-3
36301	21.7	-1.627	1E-3
36321	21.9	-1.627	1E-3
36341	21.9	-1.627	1E-3
36361	21.9	-1.627	1E-3
36381	21.7	-1.627	1E-3
36401	21.5	-1.627	1E-3
36421	21.7	-1.627	1E-3
36441	21.7	-1.627	1E-3
36461	21.9	-1.627	1E-3
36481	21.7	-1.627	1E-3
36501	21.7	-1.627	1E-3
36521	21.7	-1.627	1E-3
36541	21.9	-1.627	1E-3
36561	21.4	-1.627	1E-3
36581	21.9	-1.627	1E-3
36602	21.5	-1.627	1E-3
36622	21.7	-1.627	1E-3
36642	21.7	-1.627	1E-3
36662	21.9	-1.627	1E-3
36682	21.4	-1.627	1E-3
36702	21.5	-1.627	1E-3
36722	21.2	-1.627	1E-3
36742	21.7	-1.627	1E-3
36762	21.7	-1.627	1E-3
36782	21.7	-1.627	1E-3
36802	21.5	-1.627	1E-3
36822	21.5	-1.627	1E-3
36842	21.7	-1.627	1E-3
36862	21.5	-1.627	1E-3
36882	21.4	-1.627	1E-3
36902	21.4	-1.627	1E-3
36922	21.5	-1.627	1E-3
36942	21.2	-1.627	1E-3
36962	21.2	-1.627	1E-3
36982	21.4	-1.627	1E-3
37002	21.2	-1.627	1E-3
37022	21.4	-1.627	1E-3
37042	21.5	-1.627	1E-3
37062	21.2	-1.627	1E-3
37082	21.5	-1.627	1E-3
37102	21.5	-1.627	1E-3
37122	21.5	-1.627	1E-3
37142	21.2	-1.627	1E-3
37162	21.2	-1.627	1E-3
37182	21.4	-1.627	1E-3
37202	21.2	-1.627	1E-3
37222	21.5	-1.627	1E-3
37242	21.4	-1.627	1E-3
37263	21.4	-1.627	1E-3
37287	21.5	-1.627	1E-3
37307	21.2	-1.627	1E-3
37327	21.4	-1.627	1E-3
37347	21	-1.627	1E-3
37367	21.4	-1.627	1E-3
37388	21	-1.627	1E-3
37408	21.2	-1.627	1E-3
37428	21	-1.627	1E-3
37448	21.2	-1.627	1E-3
37468	21.4	-1.627	1E-3
37488	21.2	-1.627	1E-3
37508	21.4	-1.627	1E-3
37528	21	-1.627	1E-3
37548	21.4	-1.627	1E-3
37568	21	-1.627	1E-3
37588	21.2	-1.627	1E-3
37608	21.2	-1.627	1E-3
37628	21	-1.627	1E-3
37648	21	-1.627	1E-3
37668	21	-1.627	1E-3
37688	21.2	-1.627	1E-3
37708	21.4	-1.627	1E-3
37728	21.2	-1.627	1E-3
37748	21.2	-1.627	1E-3
37768	21	-1.627	1E-3
37788	21	-1.627	1E-3
37808	21	-1.627	1E-3
37828	21	-1.627	1E-3
37848	21.2	-1.627	1E-3
37868	21	-1.627	1E-3
37888	21.2	-1.627	1E-3
37908	21.2	-1.627	1E-3
37928	21	-1.627	1E-3
37948	21	-1.627	1E-3
37968	20.8	-1.627	1E-3
37988	21	-1.627	1E-3
38008	21	-1.627	1E-3
38028	21	-1.627	1E-3
38049	21	-1.627	1E-3
38069	20.8	-1.627	1E-3
38089	20.8	-1.627	1E-3
38109	21	-1.627	1E-3
38129	21	-1.627	1E-3
38149	21	-1.627	1E-3
38169	21	-1.627	1E-3
38189	21	-1.627	1E-3
38209	21	-1.627	1E-3
38229	21	-1.627	1E-3
38249	21	-1.627	1E-3
38269	21	-1.627	1E-3
38289	21	-1.627	1E-3
38309	20.8	-1.627	1E-3
38329	20.6	-1.627	1E-3
38349	20.8	-1.627	1E-3
38369	20.8	-1.627	1E-3
38389	21	-1.627	1E-3
38409	20.8	-1.627	1E-3
38429	21	-1.627	1E-3
38449	21	-1.627	1E-3
38469	21	-1.627	1E-3
38489	21	-1.627	1E-3
38509	20.8	-1.627	1E-3
38529	20.8	-1.627	1E-3
38549	21	-1.627	1E-3
38569	20.8	-1.627	1E-3
38589	20.8	-1.627	1E-3
38609	20.6	-1.627	1E-3
38629	21	-1.627	1E-3
38649	21	-1.627	1E-3
38669	21	-1.627	1E-3
38689	20.8	-1.627	1E-3
38709	21	-1.627	1E-3
38729	20.8	-1.627	1E-3
38749	21	-1.627	1E-3
38769	20.8	-1.627	1E-3
38789	21	-1.627	1E-3
38809	20.8	-1.627	1E-3
38829	21	-1.627	1E-3
38849	21	-1.627	1E-3
38869	20.8	-1.627	1E-3
38889	21	-1.627	1E-3
38910	21	-1.627	1E-3
38934	20.8	-1.627	1E-3
38954	20.8	-1.627	1E-3
38974	21	-1.627	1E-3
38994	21	-1.627	1E-3
39015	21	-1.627	1E-3
39035	21	-1.627	1E-3
39055	21	-1.627	1E-3
39075	20.8	-1.627	1E-3
39095	20.8	-1.627	1E-3
39115	20.8	-1.627	1E-3
39135	20.6	-1.627	1E-3
39155	20.5	-1.627	1E-3
39175	20.6	-1.627	1E-3
39195	20.8	-1.627	1E-3
39215	20.8	-1.627	1E-3
39235	20.6	-1.627	1E-3
39255	20.8	-1.627	1E-3
39275	20.1	-1.627	1E-3
39295	20.8	-1.627	1E-3
39315	20.6	-1.627	1E-3
39335	20.8	-1.627	1E-3
39355	20.6	-1.627	1E-3
39375	20.6	-1.627	1E-3
39395	20.8	-1.627	1E-3
39415	20.8	-1.627	1E-3
39435	20.5	-1.627	1E-3
39455	20.6	-1.627	1E-3
39475	20.8	-1.627	1E-3
39495	20.5	-1.627	1E-3
39515	20.6	-1.627	1E-3
39535	20.8	-1.627	1E-3
39555	20.6	-1.627	1E-3
39575	20.6	-1.627	1E-3
39595	20.5	-1.627	1E-3
39615	20.6	-1.627	1E-3
39635	20.6	-1.627	1E-3
39655	20.8	-1.627	1E-3
39676	20.6	-1.627	1E-3
39696	20.8	-1.627	1E-3
39716	20.5	-1.627	1E-3
39736	20.8	-1.627	1E-3
39756	20.5	-1.627	1E-3
39776	20.8	-1.627	1E-3
39796	20.6	-1.627	1E-3
39816	20.8	-1.627	1E-3
39836	20.6	-1.627	1E-3
39856	20.1	-1.627	1E-3
39876	20.6	-1.627	1E-3
39896	20.8	-1.627	1E-3
39916	20.8	-1.627	1E-3
39936	20.5	-1.627	1E-3
39956	20.5	-1.627	1E-3
39976	20.3	-1.627	1E-3
39996	20.6	-1.627	1E-3
40016	20.5	-1.627	1E-3
40036	20.6	-1.627	1E-3
40056	20.6	-1.627	1E-3
40076	20.5	-1.627	1E-3
40096	20.5	-1.627	1E-3
40116	20	-1.627	1E-3
40136	20.3	-1.627	1E-3
40156	20.6	-1.627	1E-3
40176	20.3	-1.627	1E-3
40196	20.6	-1.627	1E-3
40216	20.6	-1.627	1E-3
40236	20.3	-1.627	1E-3
40256	20.5	-1.627	1E-3
40276	20.8	-1.627	1E-3
40296	20.3	-1.627	1E-3
40316	20.3	-1.627	1E-3
40336	20.1	-1.627	1E-3
40356	20.3	-1.627	1E-3
40376	20.1	-1.627	1E-3
40396	20.5	-1.627	1E-3
40416	20.5	-1.627	1E-3
40436	20.3	-1.627	1E-3
40456	20	-1.627	1E-3
40476	20.1	-1.627	1E-3
40496	20.3	-1.627	1E-3
40516	19.8	-1.627	1E-3
40536	20.5	-1.627	1E-3
40556	20.5	-1.627	1E-3
40576	20.3	-1.627	1E-3
40596	20.5	-1.627	1E-3
40616	20.1	-1.627	1E-3
40636	20.5	-1.627	1E-3
40656	20.5	-1.627	1E-3
40676	20	-1.627	1E-3
40696	20.5	-1.627	1E-3
40717	20.1	-1.627	1E-3
40741	20.5	-1.627	1E-3
40762	20.5	-1.627	1E-3
40782	20.1	-1.627	1E-3
40802	20.6	-1.627	1E-3
40822	20.1	-1.627	1E-3
40842	20	-1.627	1E-3
40862	20.3	-1.627	1E-3
40882	20.3	-1.627	1E-3
40902	20.1	-1.627	1E-3
40922	20.3	-1.627	1E-3
40942	20.1	-1.627	1E-3
40962	20.6	-1.627	1E-3
40982	20.1	-1.627	1E-3
41002	20	-1.627	1E-3
41022	20.5	-1.627	1E-3
41042	20.3	-1.627	1E-3
41062	20.5	-1.627	1E-3
41082	20.5	-1.627	1E-3
41102	20.1	-1.627	1E-3
41122	20.5	-1.627	1E-3
41142	20	-1.627	1E-3
41162	20.1	-1.627	1E-3
41182	19.8	-1.627	1E-3
41202	20.3	-1.627	1E-3
41222	20.3	-1.627	1E-3
41242	20.1	-1.627	1E-3
41262	20.3	-1.627	1E-3
41282	20.5	-1.627	1E-3
41303	20.1	-1.627	1E-3
41323	20.5	-1.627	1E-3
41343	20	-1.627	1E-3
41363	20	-1.627	1E-3
41383	20.5	-1.627	1E-3
41403	20.5	-1.627	1E-3
41423	20.1	-1.627	1E-3
41443	20.1	-1.627	1E-3
41463	20	-1.627	1E-3
41483	19.8	-1.627	1E-3
41503	20	-1.627	1E-3
41523	20	-1.627	1E-3
41543	20.5	-1.627	1E-3
41563	20	-1.627	1E-3
41583	19.8	-1.627	1E-3
41603	20.3	-1.627	1E-3
41623	20.5	-1.627	1E-3
41643	19.6	-1.627	1E-3
41663	20.3	-1.627	1E-3
41683	20.1	-1.627	1E-3
41703	20.1	-1.627	1E-3
41723	20.3	-1.627	1E-3
41743	19.8	-1.627	1E-3
41763	19.8	-1.627	1E-3
41783	20.3	-1.627	1E-3
41803	20.1	-1.627	1E-3
41823	19.8	-1.627	1E-3
41843	20	-1.627	1E-3
41863	20.1	-1.627	1E-3
41883	19.8	-1.627	1E-3
41903	19.6	-1.627	1E-3
41923	20.1	-1.627	1E-3
41943	20.3	-1.627	1E-3
41963	20	-1.627	1E-3
41983	20.1	-1.627	1E-3
42004	20.1	-1.627	1E-3
42024	20	-1.627	1E-3
42044	19.6	-1.627	1E-3
42064	19.8	-1.627	1E-3
42084	19.8	-1.627	1E-3
42104	19.8	-1.627	1E-3
42124	20	-1.627	1E-3
42144	19.8	-1.627	1E-3
42164	19.8	-1.627	1E-3
42184	19.6	-1.627	1E-3
42204	20	-1.627	1E-3
42224	19.8	-1.627	1E-3
42244	19.6	-1.627	1E-3
42264	20	-1.627	1E-3
42284	20.1	-1.627	1E-3
42304	19.6	-1.627	1E-3
42324	20.1	-1.627	1E-3
42344	20.3	-1.627	1E-3
42364	20.1	-1.627	1E-3
42384	20.1	-1.627	1E-3
42404	19.8	-1.627	1E-3
42424	19.6	-1.627	1E-3
42444	19.4	-1.627	1E-3
42464	19.4	-1.627	1E-3
42484	19.8	-1.627	1E-3
42504	19.8	-1.627	1E-3
42524	19.6	-1.627	1E-3
42544	20	-1.627	1E-3
42564	19.8	-1.627	1E-3
42584	19.6	-1.627	1E-3
42604	19.8	-1.627	1E-3
42624	19.8	-1.627	1E-3
42644	19.8	-1.627	1E-3
42664	19.6	-1.627	1E-3
42684	19.8	-1.627	1E-3
42704	20	-1.627	1E-3
42724	19.6	-1.627	1E-3
42744	19.6	-1.627	1E-3
42764	19.4	-1.627	1E-3
42784	19.4	-1.627	1E-3
42804	19.8	-1.627	1E-3
42824	19.4	-1.627	1E-3
42844	19.8	-1.627	1E-3
42864	19.6	-1.627	1E-3
42884	19.8	-1.627	1E-3
42904	19.3	-1.627	1E-3
42924	20	-1.627	1E-3
42944	20	-1.627	1E-3
42964	20	-1.627	1E-3
42984	19.6	-1.627	1E-3
43004	19.8	-1.627	1E-3
43024	19.6	-1.627	1E-3
43044	19.6	-1.627	1E-3
43064	19.4	-1.627	1E-3
43084	20	-1.627	1E-3
43104	19.6	-1.627	1E-3
43124	19.8	-1.627	1E-3
43145	19.6	-1.627	1E-3
43169	19.4	-1.627	1E-3
43189	19.8	-1.627	1E-3
43209	19.6	-1.627	1E-3
43229	19.8	-1.627	1E-3
43249	19.6	-1.627	1E-3
43269	20.1	-1.627	1E-3
43289	19.8	-1.627	1E-3
43309	19.6	-1.627	1E-3
43329	19.6	-1.627	1E-3
43349	19.8	-1.627	1E-3
43369	19.8	-1.627	1E-3
43390	19.4	-1.627	1E-3
43410	19.4	-1.627	1E-3
43430	19.6	-1.627	1E-3
43450	19.8	-1.627	1E-3
43470	19.6	-1.627	1E-3
43490	19.6	-1.627	1E-3
43510	19.8	-1.627	1E-3
43530	20	-1.627	1E-3
43550	19.4	-1.627	1E-3
43570	19.4	-1.627	1E-3
43590	19.4	-1.627	1E-3
43610	19.8	-1.627	1E-3
43630	19.8	-1.627	1E-3
43650	19.6	-1.627	1E-3
43670	19.6	-1.627	1E-3
43690	19.6	-1.627	1E-3
43710	19.8	-1.627	1E-3
43730	19.4	-1.627	1E-3
43750	19.6	-1.627	1E-3
43770	19.6	-1.627	1E-3
43790	19.6	-1.627	1E-3
43810	19.8	-1.627	1E-3
43830	19.3	-1.627	1E-3
43850	19.4	-1.627	1E-3
43870	20	-1.627	1E-3
43890	19.4	-1.627	1E-3
43910	19.6	-1.627	1E-3
43930	19.4	-1.627	1E-3
43950	20.1	-1.627	1E-3
43970	19.3	-1.627	1E-3
43990	19.4	-1.627	1E-3
44010	19.3	-1.627	1E-3
44030	19.4	-1.627	1E-3
44050	19.4	-1.627	1E-3
44070	20	-1.627	1E-3
44090	19.4	-1.627	1E-3
44110	19.3	-1.627	1E-3
44130	19.6	-1.627	1E-3
44150	19.4	-1.627	1E-3
44170	19.1	-1.627	1E-3
44191	19.4	-1.627	1E-3
44211	19.4	-1.627	1E-3
44231	19.3	-1.627	1E-3
44251	19.4	-1.627	1E-3
44271	19.1	-1.627	1E-3
44291	19.3	-1.627	1E-3
44311	19.4	-1.627	1E-3
44331	19.4	-1.627	1E-3
44351	19.6	-1.627	1E-3
44371	19.4	-1.627	1E-3
44391	19.4	-1.627	1E-3
44411	19.6	-1.627	1E-3
44431	19.3	-1.627	1E-3
44451	19.4	-1.627	1E-3
44471	19.3	-1.627	1E-3
44491	19.4	-1.627	1E-3
44511	19.3	-1.627	1E-3
44531	19.1	-1.627	1E-3
44551	19.1	-1.627	1E-3
44571	19.4	-1.627	1E-3
44591	19.3	-1.627	1E-3
44611	19.4	-1.627	1E-3
44631	19.3	-1.627	1E-3
44651	19.6	-1.627	1E-3
44671	19.4	-1.627	1E-3
44691	19.4	-1.627	1E-3
44711	19.6	-1.627	1E-3
44731	19.6	-1.627	1E-3
44751	19.4	-1.627	1E-3
44771	19.4	-1.627	1E-3
44791	19.1	-1.627	1E-3
44811	19.3	-1.627	1E-3
44831	19.4	-1.627	1E-3
44851	19.6	-1.627	1E-3
44871	19.3	-1.627	1E-3
44892	19.1	-1.627	1E-3
44916	19.3	-1.627	1E-3
44937	18.9	-1.627	1E-3
44957	19.3	-1.627	1E-3
44977	19.1	-1.627	1E-3
44997	19.3	-1.627	1E-3
45017	19.1	-1.627	1E-3
45037	19.3	-1.627	1E-3
45057	19.4	-1.627	1E-3
45077	19.1	-1.627	1E-3
45097	19.1	-1.627	1E-3
45117	19.6	-1.627	1E-3
45137	18.9	-1.627	1E-3
45157	19.3	-1.627	1E-3
45177	19.1	-1.627	1E-3
45197	19.3	-1.627	1E-3
45217	19.4	-1.627	1E-3
45237	19.1	-1.627	1E-3
45257	19.1	-1.627	1E-3
45277	19.3	-1.627	1E-3
45297	19.1	-1.627	1E-3
45317	19.1	-1.627	1E-3
45337	19.1	-1.627	1E-3
45357	19.4	-1.627	1E-3
45377	19.1	-1.627	1E-3
45397	19.3	-1.627	1E-3
45417	19.3	-1.627	1E-3
45437	19.3	-1.627	1E-3
45457	19.1	-1.627	1E-3
45477	19.4	-1.627	1E-3
45497	18.9	-1.627	1E-3
45517	19.3	-1.627	1E-3
45537	18.9	-1.627	1E-3
45557	18.9	-1.627	1E-3
45577	19.3	-1.627	1E-3
45597	19.4	-1.627	1E-3
45617	19.1	-1.627	1E-3
45638	19.1	-1.627	1E-3
45658	18.9	-1.627	1E-3
45678	19.3	-1.627	1E-3
45698	18.9	-1.627	1E-3
45718	19.3	-1.627	1E-3
45738	19.3	-1.627	1E-3
45758	19.4	-1.627	1E-3
45778	19.4	-1.627	1E-3
45798	19.3	-1.627	1E-3
45818	19.3	-1.627	1E-3
45838	19.1	-1.627	1E-3
45858	18.9	-1.627	1E-3
45878	18.9	-1.627	1E-3
45898	18.9	-1.627	1E-3
45918	19.4	-1.627	1E-3
45938	19.1	-1.627	1E-3
45958	19.1	-1.627	1E-3
45978	18.9	-1.627	1E-3
45998	18.9	-1.627	1E-3
46018	19.1	-1.627	1E-3
46038	19.1	-1.627	1E-3
46058	19.1	-1.627	1E-3
46078	18.9	-1.627	1E-3
46098	18.9	-1.627	1E-3
46118	19.4	-1.627	1E-3
46138	18.9	-1.627	1E-3
46158	18.9	-1.627	1E-3
46178	19.4	-1.627	1E-3
46198	19.1	-1.627	1E-3
46218	19.3	-1.627	1E-3
46238	19.1	-1.627	1E-3
46258	18.7	-1.627	1E-3
46278	19.1	-1.627	1E-3
46298	18.7	-1.627	1E-3
46318	18.9	-1.627	1E-3
46338	19.3	-1.627	1E-3
46358	19.1	-1.627	1E-3
46378	19.1	-1.627	1E-3
46398	18.9	-1.627	1E-3
46419	18.9	-1.627	1E-3
46439	18.9	-1.627	1E-3
46459	18.9	-1.627	1E-3
46479	18.9	-1.627	1E-3
46499	18.7	-1.627	1E-3
46519	18.7	-1.627	1E-3
46539	19.1	-1.627	1E-3
46559	18.7	-1.627	1E-3
46579	19.1	-1.627	1E-3
46599	18.9	-1.627	1E-3
46619	19.4	-1.627	1E-3
46639	18.9	-1.627	1E-3
46659	19.1	-1.627	1E-3
46679	18.9	-1.627	1E-3
46699	18.9	-1.627	1E-3
46719	19.1	-1.627	1E-3
46739	18.7	-1.627	1E-3
46759	19.1	-1.627	1E-3
46779	18.9	-1.627	1E-3
46799	19.1	-1.627	1E-3
46819	18.9	-1.627	1E-3
46839	19.1	-1.627	1E-3
46859	19.1	-1.627	1E-3
46879	18.9	-1.627	1E-3
46899	18.9	-1.627	1E-3
46919	18.9	-1.627	1E-3
46939	18.9	-1.627	1E-3
46959	18.7	-1.627	1E-3
46979	19.3	-1.627	1E-3
46999	19.1	-1.627	1E-3
47019	19.1	-1.627	1E-3
47039	18.9	-1.627	1E-3
47059	18.9	-1.627	1E-3
47079	19.1	-1.627	1E-3
47099	18.9	-1.627	1E-3
47119	18.9	-1.627	1E-3
47139	18.9	-1.627	1E-3
47159	18.9	-1.627	1E-3
47180	19.1	-1.627	1E-3
47200	19.1	-1.627	1E-3
47220	18.9	-1.627	1E-3
47240	19.1	-1.627	1E-3
47260	18.7	-1.627	1E-3
47280	19.1	-1.627	1E-3
47300	19.1	-1.627	1E-3
47320	19.1	-1.627	1E-3
47340	18.9	-1.627	1E-3
47360	18.7	-1.627	1E-3
47380	18.9	-1.627	1E-3
47400	18.9	-1.627	1E-3
47420	18.9	-1.627	1E-3
47440	18.9	-1.627	1E-3
47460	18.9	-1.627	1E-3
47480	18.7	-1.627	1E-3
47500	18.7	-1.627	1E-3
47520	18.9	-1.627	1E-3
47540	18.9	-1.627	1E-3
47560	19.1	-1.627	1E-3
47580	19.1	-1.627	1E-3
47600	19.3	-1.627	1E-3
47620	18.9	-1.627	1E-3
47640	19.3	-1.627	1E-3
47660	18.7	-1.627	1E-3
47680	18.7	-1.627	1E-3
47700	18.7	-1.627	1E-3
47720	18.7	-1.627	1E-3
47740	18.9	-1.627	1E-3
47760	18.9	-1.627	1E-3
47780	18.9	-1.627	1E-3
47800	18.7	-1.627	1E-3
47820	18.7	-1.627	1E-3
47840	18.7	-1.627	1E-3
47860	18.7	-1.627	1E-3
47880	19.3	-1.627	1E-3
47900	18.7	-1.628	1E-3
47920	18.9	-1.627	1E-3
47940	18.9	-1.628	1E-3
47960	18.7	-1.628	1E-3
47980	18.7	-1.628	1E-3
48000	18.7	-1.628	1E-3
48020	18.7	-1.628	1E-3
48040	18.7	-1.628	1E-3
48060	18.7	-1.628	1E-3
48080	18.7	-1.628	1E-3
48100	18.7	-1.628	1E-3
48120	18.7	-1.628	1E-3
48141	18.9	-1.628	1E-3
48161	18.7	-1.628	1E-3
48181	18.9	-1.628	1E-3
48201	19.3	-1.628	1E-3
48221	18.7	-1.628	1E-3
48241	18.7	-1.628	1E-3
48261	18.7	-1.628	1E-3
48281	18.7	-1.628	1E-3
48301	18.9	-1.628	1E-3
48321	18.9	-1.628	1E-3
48341	18.7	-1.628	1E-3
48361	18.7	-1.628	1E-3
48381	18.7	-1.628	1E-3
48401	18.7	-1.628	1E-3
48421	18.7	-1.628	1E-3
48441	18.7	-1.628	1E-3
48461	18.7	-1.628	1E-3
48481	18.7	-1.628	1E-3
48501	18.7	-1.628	1E-3
48521	18.7	-1.628	1E-3
48541	18.7	-1.628	1E-3
48561	18.7	-1.628	1E-3
48581	18.7	-1.628	1E-3
48601	18.7	-1.628	1E-3
48621	18.7	-1.628	1E-3
48641	18.7	-1.628	1E-3
48661	19.3	-1.628	1E-3
48681	18.5	-1.628	1E-3
48701	18.5	-1.628	1E-3
48721	18.7	-1.628	1E-3
48741	18.7	-1.628	1E-3
48761	18.7	-1.628	1E-3
48781	18.7	-1.628	1E-3
48801	18.7	-1.628	1E-3
48821	18.7	-1.628	1E-3
48841	18.7	-1.628	1E-3
48861	18.7	-1.628	1E-3
48882	18.7	-1.628	1E-3
48906	18.7	-1.628	1E-3
48927	18.7	-1.628	1E-3
48947	18.7	-1.628	1E-3
48967	18.7	-1.628	1E-3
48987	18.7	-1.628	1E-3
49007	18.7	-1.628	1E-3
49027	18.9	-1.628	1E-3
49047	19.1	-1.628	1E-3
49067	18.7	-1.628	1E-3
49087	18.7	-1.628	1E-3
49107	18.5	-1.628	1E-3
49127	18.5	-1.628	1E-3
49147	18.5	-1.628	1E-3
49167	18.5	-1.628	1E-3
49187	19.1	-1.628	1E-3
49207	18.7	-1.628	1E-3
49227	18.7	-1.628	1E-3
49247	18.7	-1.628	1E-3
49267	18.7	-1.628	1E-3
49287	18.7	-1.628	1E-3
49307	19.1	-1.628	1E-3
49327	18.9	-1.628	1E-3
49347	18.7	-1.628	1E-3
49367	18.7	-1.628	1E-3
49387	18.7	-1.628	1E-3
49407	18.5	-1.628	1E-3
49427	18.7	-1.628	1E-3
49447	18.7	-1.628	1E-3
49467	18.9	-1.628	1E-3
49487	18.5	-1.628	1E-3
49507	18.7	-1.628	1E-3
49527	18.7	-1.628	1E-3
49547	18.7	-1.628	1E-3
49567	18.7	-1.628	1E-3
49588	18.7	-1.628	1E-3
49608	18.7	-1.628	1E-3
49628	18.5	-1.628	1E-3
49648	18.7	-1.628	1E-3
49668	18.7	-1.628	1E-3
49688	18.7	-1.628	1E-3
49708	18.5	-1.628	1E-3
49728	18.7	-1.628	1E-3
49748	18.7	-1.628	1E-3
49768	18.7	-1.628	1E-3
49788	18.7	-1.628	1E-3
49808	18.5	-1.628	1E-3
49828	18.7	-1.628	1E-3
49848	18.7	-1.628	1E-3
49868	18.9	-1.628	1E-3
49888	18.7	-1.628	1E-3
49908	18.7	-1.628	1E-3
49928	18.9	-1.628	1E-3
49948	18.7	-1.628	1E-3
49968	18.7	-1.628	1E-3
49988	18.7	-1.628	1E-3
50008	18.7	-1.628	1E-3
50028	18.7	-1.628	1E-3
50048	18.7	-1.628	1E-3
50068	18.7	-1.628	1E-3
50088	18.7	-1.628	1E-3
50108	18.7	-1.628	1E-3
50128	18.7	-1.628	1E-3
50148	18.7	-1.628	1E-3
50168	18.7	-1.628	1E-3
50188	18.5	-1.628	1E-3
50208	18.7	-1.628	1E-3
50228	18.7	-1.628	1E-3
50248	18.7	-1.628	1E-3
50268	18.5	-1.628	1E-3
50288	18.7	-1.628	1E-3
50308	18.7	-1.628	1E-3
50328	18.7	-1.628	1E-3
50348	18.7	-1.628	1E-3
50368	18.7	-1.628	1E-3
50388	19.3	-1.628	1E-3
50408	18.7	-1.628	1E-3
50428	18.7	-1.628	1E-3
50448	18.7	-1.628	1E-3
50469	18.7	-1.628	1E-3
50489	18.7	-1.628	1E-3
50509	18.7	-1.628	1E-3
50529	18.7	-1.628	1E-3
50549	18.7	-1.628	1E-3
50569	18.7	-1.628	1E-3
50589	18.9	-1.628	1E-3
50609	18.7	-1.628	1E-3
50629	18.7	-1.628	1E-3
50649	18.7	-1.628	1E-3
50669	18.7	-1.628	1E-3
50689	18.7	-1.628	1E-3
50709	18.7	-1.628	1E-3
50729	18.7	-1.628	1E-3
50749	18.7	-1.628	1E-3
50769	18.7	-1.628	1E-3
50789	18.7	-1.628	1E-3
50809	18.7	-1.628	1E-3
50829	18.7	-1.628	1E-3
50849	18.7	-1.628	1E-3
50869	18.7	-1.628	1E-3
50889	18.7	-1.628	1E-3
50909	18.7	-1.628	1E-3
50929	18.7	-1.628	1E-3
50949	18.9	-1.628	1E-3
50969	18.7	-1.628	1E-3
50989	18.7	-1.628	1E-3
51009	18.7	-1.628	1E-3
51029	18.5	-1.628	1E-3
51049	18.7	-1.628	1E-3
51069	18.7	-1.628	1E-3
51089	18.4	-1.628	1E-3
51109	18.7	-1.628	1E-3
51129	18.7	-1.628	1E-3
51149	18.7	-1.628	1E-3
51170	18.7	-1.628	1E-3
51190	18.7	-1.628	1E-3
51210	18.7	-1.628	1E-3
51230	18.5	-1.628	1E-3
51250	18.7	-1.628	1E-3
51270	18.7	-1.628	1E-3
51290	18.7	-1.628	1E-3
51310	18.7	-1.628	1E-3
51330	18.7	-1.628	1E-3
51350	18.7	-1.628	1E-3
51370	18.7	-1.628	1E-3
51390	18.7	-1.628	1E-3
51410	18.7	-1.628	1E-3
51430	18.7	-1.628	1E-3
51450	18.7	-1.628	1E-3
51470	18.7	-1.628	1E-3
51490	18.5	-1.628	1E-3
51510	18.7	-1.628	1E-3
51530	18.5	-1.628	1E-3
51550	18.7	-1.628	1E-3
51570	18.7	-1.628	1E-3
51590	18.7	-1.628	1E-3
51610	18.5	-1.628	1E-3
51630	18.4	-1.628	1E-3
51650	18.5	-1.628	1E-3
51670	19.1	-1.628	1E-3
51690	18.5	-1.628	1E-3
51710	18.7	-1.628	1E-3
51730	18.9	-1.628	1E-3
51750	18.7	-1.628	1E-3
51770	18.5	-1.628	1E-3
51790	18.5	-1.628	1E-3
51810	18.5	-1.628	1E-3
51830	18.5	-1.628	1E-3
51850	18.5	-1.628	1E-3
51870	18.5	-1.628	1E-3
51890	18.7	-1.628	1E-3
51910	18.5	-1.628	1E-3
51930	18.7	-1.628	1E-3
51950	18.9	-1.628	1E-3
51971	18.5	-1.628	1E-3
51991	18.5	-1.628	1E-3
52011	18.4	-1.628	1E-3
52031	18.7	-1.628	1E-3
52051	18.5	-1.628	1E-3
52071	18.7	-1.628	1E-3
52091	18.5	-1.628	1E-3
52111	18.5	-1.628	1E-3
52131	18.7	-1.628	1E-3
52151	18.5	-1.628	1E-3
52171	18.5	-1.628	1E-3
52191	18.5	-1.628	1E-3
52211	18.5	-1.628	1E-3
52231	18.5	-1.628	1E-3
52251	18.5	-1.628	1E-3
52271	18.5	-1.628	1E-3
52291	18.5	-1.628	1E-3
52311	18.5	-1.628	1E-3
52331	18.7	-1.628	1E-3
52351	18.5	-1.628	1E-3
52371	18.5	-1.628	1E-3
52391	18.5	-1.628	1E-3
52411	18.4	-1.628	1E-3
52431	18.5	-1.628	1E-3
52451	18.5	-1.628	1E-3
52471	18.5	-1.628	1E-3
52491	18.5	-1.628	1E-3
52511	18.5	-1.628	1E-3
52531	18.5	-1.628	1E-3
52551	18.5	-1.628	1E-3
52571	18.5	-1.628	1E-3
52591	18.9	-1.628	1E-3
52611	18.5	-1.628	1E-3
52632	18.5	-1.628	1E-3
52652	18.4	-1.628	1E-3
52672	18.5	-1.628	1E-3
52692	18.4	-1.628	1E-3
52712	18.5	-1.628	1E-3
52732	18.5	-1.628	1E-3
52752	18.4	-1.628	1E-3
52772	18.5	-1.628	1E-3
52792	18.7	-1.628	1E-3
52812	18.7	-1.628	1E-3
52832	18.5	-1.628	1E-3
52852	18.5	-1.628	1E-3
52872	18.4	-1.628	1E-3
52892	18.5	-1.628	1E-3
52912	18.5	-1.628	1E-3
52932	18.5	-1.628	1E-3
52952	18.5	-1.628	1E-3
52972	18.5	-1.628	1E-3
52992	18.5	-1.628	1E-3
53012	18.4	-1.628	1E-3
53032	18.5	-1.628	1E-3
53052	18.5	-1.628	1E-3
53072	18.5	-1.628	1E-3
53092	18.5	-1.628	1E-3
53112	18.4	-1.628	1E-3
53132	18.5	-1.628	1E-3
53152	18.5	-1.628	1E-3
53172	18.5	-1.628	1E-3
53192	18.5	-1.628	1E-3
53212	18.5	-1.628	1E-3
53232	18.4	-1.628	1E-3
53252	18.5	-1.628	1E-3
53272	18.5	-1.628	1E-3
53293	18.5	-1.628	1E-3
53317	18.5	-1.628	1E-3
53337	18.5	-1.628	1E-3
53357	18.7	-1.628	1E-3
53377	18.4	-1.628	1E-3
53398	18.5	-1.628	1E-3
53422	18.5	-1.628	1E-3
53443	18.5	-1.628	1E-3
53463	18.5	-1.628	1E-3
53483	18.5	-1.628	1E-3
53503	18.5	-1.628	1E-3
53523	18.5	-1.628	1E-3
53543	18.5	-1.628	1E-3
53563	18.5	-1.628	1E-3
53583	18.5	-1.628	1E-3
53603	18.4	-1.628	1E-3
53623	18.4	-1.628	1E-3
53643	18.5	-1.628	1E-3
53663	18.4	-1.628	1E-3
53683	18.5	-1.628	1E-3
53703	18.5	-1.628	1E-3
53723	18.4	-1.628	1E-3
53743	18.4	-1.628	1E-3
53763	18.5	-1.628	1E-3
53783	18.2	-1.628	1E-3
53803	18.5	-1.628	1E-3
53823	18.5	-1.628	1E-3
53843	18.5	-1.628	1E-3
53863	18.4	-1.628	1E-3
53883	18.5	-1.628	1E-3
53903	18.7	-1.628	1E-3
53923	18.5	-1.628	1E-3
53943	18.4	-1.628	1E-3
53963	18.4	-1.628	1E-3
53983	18.5	-1.628	1E-3
54003	18.5	-1.628	1E-3
54023	18.5	-1.628	1E-3
54043	18.4	-1.628	1E-3
54063	18.5	-1.628	1E-3
54084	18.5	-1.628	1E-3
54108	18.5	-1.628	1E-3
54128	18.5	-1.628	1E-3
54148	18.5	-1.628	1E-3
54168	18.5	-1.628	1E-3
54188	18.5	-1.628	1E-3
54208	18.4	-1.628	1E-3
54229	18.5	-1.628	1E-3
54249	18.5	-1.628	1E-3
54269	18.5	-1.628	1E-3
54289	18.5	-1.628	1E-3
54309	18.5	-1.628	1E-3
54329	18.4	-1.628	1E-3
54349	18.5	-1.628	1E-3
54369	18.5	-1.628	1E-3
54389	18.5	-1.628	1E-3
54409	18.4	-1.628	1E-3
54429	18.5	-1.628	1E-3
54449	18.2	-1.628	1E-3
54469	18.4	-1.628	1E-3
54489	18.5	-1.628	1E-3
54509	18.5	-1.628	1E-3
54529	18.4	-1.628	1E-3
54549	18.5	-1.628	1E-3
54569	18.4	-1.628	1E-3
54589	18.5	-1.628	1E-3
54609	18.9	-1.628	1E-3
54629	18.5	-1.628	1E-3
54649	18.5	-1.628	1E-3
54669	18.5	-1.628	1E-3
54689	18.5	-1.628	1E-3
54709	18.4	-1.628	1E-3
54729	18.5	-1.628	1E-3
54749	18.2	-1.628	1E-3
54769	18.5	-1.628	1E-3
54789	18.5	-1.628	1E-3
54809	18.5	-1.628	1E-3
54829	18.5	-1.628	1E-3
54849	18.4	-1.628	1E-3
54869	18.5	-1.628	1E-3
54889	18.5	-1.628	1E-3
54909	18.5	-1.628	1E-3
54929	18.5	-1.628	1E-3
54949	18.4	-1.628	1E-3
54969	18.5	-1.628	1E-3
54989	18.5	-1.628	1E-3
55009	18.5	-1.628	1E-3
55029	18.2	-1.628	1E-3
55049	18.5	-1.628	1E-3
55069	18.5	-1.628	1E-3
55089	18.5	-1.628	1E-3
55110	18.5	-1.628	1E-3
55130	18.5	-1.628	1E-3
55150	18.5	-1.628	1E-3
55170	18.5	-1.628	1E-3
55190	18.5	-1.628	1E-3
55210	18.5	-1.628	1E-3
55230	18.4	-1.628	1E-3
55250	18.4	-1.628	1E-3
55270	18.2	-1.628	1E-3
55290	18.4	-1.628	1E-3
55310	18.5	-1.628	1E-3
55330	18.4	-1.628	1E-3
55350	18.4	-1.628	1E-3
55370	18.5	-1.628	1E-3
55390	18.5	-1.628	1E-3
55410	18.5	-1.628	1E-3
55430	18.5	-1.628	1E-3
55450	18.5	-1.628	1E-3
55470	18.5	-1.628	1E-3
55490	18.4	-1.628	1E-3
55510	18.4	-1.628	1E-3
55530	18.5	-1.628	1E-3
55550	18.5	-1.628	1E-3
55570	18.5	-1.628	1E-3
55590	18.5	-1.628	1E-3
55610	18.5	-1.628	1E-3
55630	18.5	-1.628	1E-3
55650	18.5	-1.628	1E-3
55670	18.4	-1.628	1E-3
55690	18.5	-1.628	1E-3
55711	18.4	-1.628	1E-3
55731	18.4	-1.628	1E-3
55751	18.2	-1.628	1E-3
55771	18.5	-1.628	1E-3
55791	18.5	-1.628	1E-3
55811	18.5	-1.628	1E-3
55831	18.7	-1.628	1E-3
55851	18.5	-1.628	1E-3
55871	18.5	-1.628	1E-3
55891	18.5	-1.628	1E-3
55911	18.4	-1.628	1E-3
55931	18.5	-1.628	1E-3
55951	18.5	-1.628	1E-3
55971	18.4	-1.628	1E-3
55991	18.5	-1.628	1E-3
56011	18.4	-1.628	1E-3
56031	18.5	-1.628	1E-3
56051	18.4	-1.628	1E-3
56071	18.4	-1.628	1E-3
56091	18.5	-1.628	1E-3
56111	18.5	-1.628	1E-3
56131	18.5	-1.628	1E-3
56151	18.5	-1.628	1E-3
56171	18.5	-1.628	1E-3
56191	18.5	-1.628	1E-3
56211	18.5	-1.628	1E-3
56231	18.5	-1.628	1E-3
56251	18.5	-1.628	1E-3
56271	18.5	-1.628	1E-3
56291	18.5	-1.628	1E-3
56311	18.5	-1.628	1E-3
56332	18.5	-1.628	1E-3
56356	18.5	-1.628	1E-3
56377	18.4	-1.628	1E-3
56397	18.4	-1.628	1E-3
56417	18.5	-1.628	1E-3
56437	18.4	-1.628	1E-3
56457	18.5	-1.628	1E-3
56477	18.5	-1.628	1E-3
56497	18.5	-1.628	1E-3
56517	18.2	-1.628	1E-3
56537	18.5	-1.628	1E-3
56557	18.4	-1.628	1E-3
56577	18.4	-1.628	1E-3
56597	18.5	-1.628	1E-3
56617	18.5	-1.628	1E-3
56637	18.5	-1.628	1E-3
56657	18.5	-1.628	1E-3
56677	18.4	-1.628	1E-3
56697	18.4	-1.628	1E-3
56717	18.5	-1.628	1E-3
56737	18.5	-1.628	1E-3
56757	18.4	-1.628	1E-3
56777	18.4	-1.628	1E-3
56797	18.5	-1.628	1E-3
56817	18.5	-1.628	1E-3
56837	18.2	-1.628	1E-3
56857	18.4	-1.628	1E-3
56877	18.5	-1.628	1E-3
56897	18.4	-1.628	1E-3
56917	18.4	-1.628	1E-3
56937	18.2	-1.628	1E-3
56957	18.2	-1.628	1E-3
56977	18.5	-1.628	1E-3
56997	18.4	-1.628	1E-3
57017	18.5	-1.628	1E-3
57037	18.5	-1.628	1E-3
57058	18.4	-1.628	1E-3
57082	18.5	-1.628	1E-3
57102	18.7	-1.628	1E-3
57122	18.5	-1.628	1E-3
57142	18.4	-1.628	1E-3
57162	18.5	-1.628	1E-3
57182	18.5	-1.628	1E-3
57202	18.5	-1.628	1E-3
57222	18.4	-1.628	1E-3
57242	18.5	-1.628	1E-3
57263	18.5	-1.628	1E-3
57283	18.2	-1.628	1E-3
57303	18.5	-1.628	1E-3
57323	18.4	-1.628	1E-3
57343	18.5	-1.628	1E-3
57363	18.5	-1.628	1E-3
57383	18.5	-1.628	1E-3
57403	18.5	-1.628	1E-3
57423	18.5	-1.628	1E-3
57443	18.4	-1.628	1E-3
57463	18	-1.628	1E-3
57483	18.4	-1.628	1E-3
57503	18.4	-1.628	1E-3
57523	18.5	-1.628	1E-3
57543	18.2	-1.628	1E-3
57563	18.4	-1.628	1E-3
57583	18.5	-1.628	1E-3
57603	18.5	-1.628	1E-3
57623	18.5	-1.628	1E-3
57643	18.4	-1.628	1E-3
57663	18.5	-1.628	1E-3
57683	18.7	-1.628	1E-3
57703	18.5	-1.628	1E-3
57723	18.5	-1.628	1E-3
57743	18.4	-1.628	1E-3
57763	18.4	-1.628	1E-3
57783	18.4	-1.628	1E-3
57803	18.4	-1.628	1E-3
57823	18.4	-1.628	1E-3
57843	18.4	-1.628	1E-3
57863	18.4	-1.628	1E-3
57883	18.5	-1.628	1E-3
57903	18.5	-1.628	1E-3
57923	18.4	-1.628	1E-3
57943	18.5	-1.628	1E-3
57963	18.5	-1.628	1E-3
57983	18.5	-1.628	1E-3
58003	18.4	-1.628	1E-3
58023	18.5	-1.628	1E-3
58043	18.5	-1.628	1E-3
58063	18.7	-1.628	1E-3
58083	18.5	-1.628	1E-3
58103	18.4	-1.628	1E-3
58123	18.5	-1.628	1E-3
58143	18.5	-1.628	1E-3
58163	18.2	-1.628	1E-3
58183	18.5	-1.628	1E-3
58203	18.4	-1.628	1E-3
58223	18.5	-1.628	1E-3
58243	18.2	-1.628	1E-3
58263	18.5	-1.628	1E-3
58283	18.5	-1.628	1E-3
58303	18.2	-1.628	1E-3
58323	18.4	-1.628	1E-3
58343	18.5	-1.628	1E-3
58363	18.5	-1.628	1E-3
58383	18.2	-1.628	1E-3
58403	18.4	-1.628	1E-3
58423	18.4	-1.628	1E-3
58443	18.5	-1.628	1E-3
58463	18.5	-1.628	1E-3
58483	18.5	-1.628	1E-3
58503	18.4	-1.628	1E-3
58524	18.5	-1.628	1E-3
58544	18.4	-1.628	1E-3
58564	18.5	-1.628	1E-3
58584	18.4	-1.628	1E-3
58604	18.5	-1.628	1E-3
58624	18.5	-1.628	1E-3
58644	18.4	-1.628	1E-3
58664	18.5	-1.628	1E-3
58684	18	-1.628	1E-3
58704	18.2	-1.628	1E-3
58724	18.5	-1.628	1E-3
58744	18.5	-1.628	1E-3
58764	18.2	-1.628	1E-3
58784	18.4	-1.628	1E-3
58804	18.5	-1.628	1E-3
58824	18.5	-1.628	1E-3
58844	17.8	-1.628	1E-3
58864	18.2	-1.628	1E-3
58884	18.5	-1.628	1E-3
58904	18.4	-1.628	1E-3
58924	18.4	-1.628	1E-3
58944	18.5	-1.628	1E-3
58964	18.5	-1.628	1E-3
58984	18.5	-1.628	1E-3
59004	18.4	-1.628	1E-3
59024	18.4	-1.628	1E-3
59044	18.4	-1.628	1E-3
59064	18.5	-1.628	1E-3
59084	18.4	-1.628	1E-3
59104	18.4	-1.628	1E-3
59124	18.4	-1.628	1E-3
59144	18.5	-1.628	1E-3
59164	18.4	-1.628	1E-3
59184	18.4	-1.628	1E-3
59204	18.5	-1.628	1E-3
59224	18.2	-1.628	1E-3
59244	18.4	-1.628	1E-3
59264	18.5	-1.628	1E-3
59284	18.4	-1.628	1E-3
59305	18.4	-1.628	1E-3
59325	18.5	-1.628	1E-3
59345	18.5	-1.628	1E-3
59365	18.4	-1.628	1E-3
59385	18.2	-1.628	1E-3
59405	18.2	-1.628	1E-3
59425	18.5	-1.628	1E-3
59445	18.4	-1.628	1E-3
59465	18.4	-1.628	1E-3
59485	18.5	-1.628	1E-3
59505	18.2	-1.628	1E-3
59525	18.2	-1.628	1E-3
59545	18.2	-1.628	1E-3
59565	18.5	-1.628	1E-3
59585	18.5	-1.628	1E-3
59605	18.4	-1.628	1E-3
59625	18.4	-1.628	1E-3
59645	18.5	-1.628	1E-3
59665	18.7	-1.628	1E-3
59685	18.5	-1.628	1E-3
59705	18.4	-1.628	1E-3
59725	18.5	-1.628	1E-3
59745	18.4	-1.628	1E-3
59765	18.4	-1.628	1E-3
59785	18.4	-1.628	1E-3
59805	18.4	-1.628	1E-3
59825	18.5	-1.628	1E-3
59845	18.2	-1.628	1E-3
59865	18.5	-1.628	1E-3
59885	18.4	-1.628	1E-3
59905	18.4	-1.628	1E-3
59925	18.4	-1.628	1E-3
59945	18.2	-1.628	1E-3
59966	18.5	-1.628	1E-3
59990	18	-1.628	1E-3
60011	18.4	-1.628	1E-3
60031	18.4	-1.628	1E-3
60051	18.4	-1.628	1E-3
60071	18.2	-1.628	1E-3
60091	18.4	-1.628	1E-3
60111	18	-1.628	1E-3
60131	18.4	-1.628	1E-3
60151	18.4	-1.628	1E-3
60171	18.2	-1.628	1E-3
60191	18.4	-1.628	1E-3
60211	18.4	-1.628	1E-3
60231	18.2	-1.628	1E-3
60251	18.2	-1.628	1E-3
60271	18.4	-1.628	1E-3
60291	18.4	-1.628	1E-3
60311	18.4	-1.628	1E-3
60331	18.2	-1.628	1E-3
60351	18.4	-1.628	1E-3
60371	18.4	-1.628	1E-3
60391	18.4	-1.628	1E-3
60411	18.4	-1.628	1E-3
60431	18	-1.628	1E-3
60451	18	-1.628	1E-3
60471	18.2	-1.628	1E-3
60491	18.4	-1.628	1E-3
60511	18.4	-1.628	1E-3
60531	18	-1.628	1E-3
60551	18.9	-1.628	1E-3
60571	18.2	-1.628	1E-3
60591	18.4	-1.628	1E-3
60611	18	-1.628	1E-3
60631	18.5	-1.628	1E-3
60651	18.4	-1.628	1E-3
60672	18.2	-1.628	1E-3
60692	18.5	-1.628	1E-3
60712	18.2	-1.628	1E-3
60736	18.2	-1.628	1E-3
60756	18.2	-1.628	1E-3
60776	18	-1.628	1E-3
60796	18.2	-1.628	1E-3
60816	18.4	-1.628	1E-3
60836	18.5	-1.628	1E-3
60856	18	-1.628	1E-3
60876	18	-1.628	1E-3
60896	18.4	-1.628	1E-3
60916	18.4	-1.628	1E-3
60936	18.5	-1.628	1E-3
60956	18.5	-1.628	1E-3
60976	18.4	-1.628	1E-3
60996	18.2	-1.628	1E-3
61016	18.4	-1.628	1E-3
61037	18	-1.628	1E-3
61057	18.5	-1.628	1E-3
61077	18.4	-1.628	1E-3
61097	18.4	-1.628	1E-3
61117	18.2	-1.628	1E-3
61137	18.4	-1.628	1E-3
61157	18.4	-1.628	1E-3
61177	18	-1.628	1E-3
61197	18.4	-1.628	1E-3
61217	18.2	-1.628	1E-3
61237	18.4	-1.628	1E-3
61257	18.2	-1.628	1E-3
61277	18.2	-1.628	1E-3
61297	18.2	-1.628	1E-3
61317	18.5	-1.628	1E-3
61337	18.2	-1.628	1E-3
61357	18.2	-1.628	1E-3
61377	18	-1.628	1E-3
61397	18.4	-1.628	1E-3
61417	18.2	-1.628	1E-3
61437	18.2	-1.628	1E-3
61457	18.2	-1.628	1E-3
61477	18.4	-1.628	1E-3
61497	18.2	-1.628	1E-3
61517	18.4	-1.628	1E-3
61537	18.4	-1.628	1E-3
61557	18.2	-1.628	1E-3
61577	18.4	-1.628	1E-3
61597	18.2	-1.628	1E-3
61617	18.4	-1.628	1E-3
61637	18.2	-1.628	1E-3
61657	18.4	-1.628	1E-3
61677	18.2	-1.628	1E-3
61697	18.4	-1.628	1E-3
61717	18.4	-1.628	1E-3
61737	18.4	-1.628	1E-3
61757	18	-1.628	1E-3
61777	18.4	-1.628	1E-3
61797	18.4	-1.628	1E-3
61817	18.4	-1.628	1E-3
61837	18.2	-1.628	1E-3
61857	18.4	-1.628	1E-3
61877	18.2	-1.628	1E-3
61897	18.7	-1.628	1E-3
61917	18.2	-1.628	1E-3
61937	18.4	-1.628	1E-3
61957	18.4	-1.628	1E-3
61977	18	-1.628	1E-3
61997	18.2	-1.628	1E-3
62017	18	-1.628	1E-3
62037	18	-1.628	1E-3
62057	18.2	-1.628	1E-3
62078	18.4	-1.628	1E-3
62098	18	-1.628	1E-3
62118	18.4	-1.628	1E-3
62138	18.2	-1.628	1E-3
62158	18.5	-1.628	1E-3
62178	18.2	-1.628	1E-3
62198	18.4	-1.628	1E-3
62218	18.2	-1.628	1E-3
62238	18	-1.628	1E-3
62258	17.8	-1.628	1E-3
62278	18.4	-1.628	1E-3
62298	18	-1.628	1E-3
62318	18	-1.628	1E-3
62338	18	-1.628	1E-3
62358	18.4	-1.628	1E-3
62378	18	-1.628	1E-3
62398	17.8	-1.628	1E-3
62418	18.4	-1.628	1E-3
62438	18	-1.628	1E-3
62458	18.2	-1.628	1E-3
62478	18.4	-1.628	1E-3
62498	18.2	-1.628	1E-3
62518	18	-1.628	1E-3
62538	18.2	-1.628	1E-3
62558	17.8	-1.628	1E-3
62578	18.2	-1.628	1E-3
62598	18.2	-1.628	1E-3
62618	18.2	-1.628	1E-3
62638	18	-1.628	1E-3
62658	18.2	-1.628	1E-3
62678	18.4	-1.628	1E-3
62698	18	-1.628	1E-3
62718	18	-1.628	1E-3
62738	18	-1.628	1E-3
62759	18.2	-1.628	1E-3
62779	18	-1.628	1E-3
62799	18	-1.628	1E-3
62819	18.2	-1.628	1E-3
62839	18	-1.628	1E-3
62859	18.2	-1.628	1E-3
62879	18.4	-1.628	1E-3
62899	18.2	-1.628	1E-3
62919	18	-1.628	1E-3
62939	18	-1.628	1E-3
62959	18.2	-1.628	1E-3
62979	18	-1.628	1E-3
62999	18.2	-1.628	1E-3
63019	18.2	-1.628	1E-3
63039	18	-1.628	1E-3
63059	18.2	-1.628	1E-3
63079	18.2	-1.628	1E-3
63099	18.4	-1.628	1E-3
63119	18.4	-1.628	1E-3
63139	18.4	-1.628	1E-3
63159	18.2	-1.628	1E-3
63179	18	-1.628	1E-3
63199	18.2	-1.628	1E-3
63219	18.2	-1.628	1E-3
63239	18.4	-1.628	1E-3
63259	17.8	-1.628	1E-3
63279	18	-1.628	1E-3
63299	18.4	-1.628	1E-3
63319	18	-1.628	1E-3
63339	18	-1.628	1E-3
63359	18	-1.628	1E-3
63379	17.8	-1.628	1E-3
63399	17.8	-1.628	1E-3
63419	18.2	-1.628	1E-3
63439	18.4	-1.628	1E-3
63459	18.2	-1.628	1E-3
63479	18	-1.628	1E-3
63500	17.8	-1.628	1E-3
63520	18.2	-1.628	1E-3
63540	18	-1.628	1E-3
63560	18.2	-1.628	1E-3
63580	17.8	-1.628	1E-3
63600	18.4	-1.628	1E-3
63620	18	-1.628	1E-3
63640	17.8	-1.628	1E-3
63660	18.2	-1.628	1E-3
63680	18.4	-1.628	1E-3
63700	17.8	-1.628	1E-3
63720	18.2	-1.628	1E-3
63740	18.2	-1.628	1E-3
63760	17.8	-1.628	1E-3
63780	17.8	-1.628	1E-3
63800	18.4	-1.628	1E-3
63820	18.2	-1.628	1E-3
63840	18.2	-1.628	1E-3
63860	18.2	-1.628	1E-3
63880	18.2	-1.628	1E-3
63900	18.2	-1.628	1E-3
63920	18.2	-1.628	1E-3
63940	18	-1.628	1E-3
63960	18.4	-1.628	1E-3
63980	18	-1.628	1E-3
64000	18	-1.628	1E-3
64020	18.2	-1.628	1E-3
64040	17.7	-1.628	1E-3
64060	18	-1.628	1E-3
64080	18.2	-1.628	1E-3
64100	18.4	-1.628	1E-3
64120	18.4	-1.628	1E-3
64140	18.2	-1.628	1E-3
64160	18.2	-1.628	1E-3
64180	17.8	-1.628	1E-3
64200	18.4	-1.628	1E-3
64220	18.4	-1.628	1E-3
64240	18.2	-1.628	1E-3
64260	18	-1.628	1E-3
64280	17.8	-1.628	1E-3
64300	18	-1.628	1E-3
64320	18	-1.628	1E-3
64340	18.2	-1.628	1E-3
64360	18.2	-1.628	1E-3
64380	18.2	-1.628	1E-3
64400	18.2	-1.628	1E-3
64420	18.2	-1.628	1E-3
64440	18.4	-1.628	1E-3
64460	18.2	-1.628	1E-3
64480	18.4	-1.628	1E-3
64500	17.8	-1.628	1E-3
64520	17.8	-1.628	1E-3
64540	18.4	-1.628	1E-3
64560	18.2	-1.628	1E-3
64580	18.4	-1.628	1E-3
64600	18	-1.628	1E-3
64620	17.8	-1.628	1E-3
64641	18.2	-1.628	1E-3
64665	18.4	-1.628	1E-3
64685	18	-1.628	1E-3
64705	18	-1.628	1E-3
64725	18.4	-1.628	1E-3
64745	18	-1.628	1E-3
64765	18	-1.628	1E-3
64785	18.4	-1.628	1E-3
64805	18	-1.628	1E-3
64825	18.4	-1.628	1E-3
64845	18.2	-1.628	1E-3
64865	18.2	-1.628	1E-3
64886	17.8	-1.628	1E-3
64906	17.8	-1.628	1E-3
64926	18	-1.628	1E-3
64946	18	-1.628	1E-3
64966	18	-1.628	1E-3
64986	18.4	-1.628	1E-3
65006	18.4	-1.628	1E-3
65026	17.8	-1.628	1E-3
65046	18.2	-1.628	1E-3
65066	17.8	-1.628	1E-3
65086	18	-1.628	1E-3
65106	18.4	-1.628	1E-3
65126	18.2	-1.628	1E-3
65146	18	-1.628	1E-3
65166	18	-1.628	1E-3
65186	18	-1.628	1E-3
65206	18.2	-1.628	1E-3
65226	18.2	-1.628	1E-3
65246	18.2	-1.628	1E-3
65266	17.8	-1.628	1E-3
65286	18	-1.628	1E-3
65306	17.8	-1.628	1E-3
65326	18.4	-1.628	1E-3
65346	18.5	-1.628	1E-3
65366	18.4	-1.628	1E-3
65386	18.4	-1.628	1E-3
65406	18.2	-1.628	1E-3
65426	18.2	-1.628	1E-3
65446	18	-1.628	1E-3
65466	18.2	-1.628	1E-3
65486	18.4	-1.628	1E-3
65506	18.4	-1.628	1E-3
65526	17.8	-1.628	1E-3
65547	18.2	-1.628	1E-3
65567	18.4	-1.628	1E-3
65587	18	-1.628	1E-3
65607	18.4	-1.628	1E-3
65627	18.2	-1.628	1E-3
65647	18	-1.628	1E-3
65667	18.2	-1.628	1E-3
65687	18	-1.628	1E-3
65707	18.2	-1.628	1E-3
65727	18.2	-1.628	1E-3
65747	18.2	-1.628	1E-3
65767	18.4	-1.628	1E-3
65787	17.8	-1.628	1E-3
65807	17.7	-1.628	1E-3
65827	18.2	-1.628	1E-3
65847	17.8	-1.628	1E-3
65867	18.2	-1.628	1E-3
65887	18.2	-1.628	1E-3
65907	18.2	-1.628	1E-3
65927	18.5	-1.628	1E-3
65947	18	-1.628	1E-3
65967	18.2	-1.628	1E-3
65987	17.8	-1.628	1E-3
66007	18	-1.628	1E-3
66027	17.8	-1.628	1E-3
66047	17.8	-1.628	1E-3
66067	17.8	-1.628	1E-3
66087	17.8	-1.628	1E-3
66107	18.2	-1.628	1E-3
66127	18.2	-1.628	1E-3
66147	18.2	-1.628	1E-3
66167	18.2	-1.628	1E-3
66187	17.8	-1.628	1E-3
66207	18.4	-1.628	1E-3
66227	18.2	-1.628	1E-3
66247	18.2	-1.628	1E-3
66268	18.2	-1.628	1E-3
66288	18.2	-1.628	1E-3
66308	18.4	-1.628	1E-3
66328	18	-1.628	1E-3
66348	18	-1.628	1E-3
66368	17.7	-1.628	1E-3
66388	18	-1.628	1E-3
66408	18.2	-1.628	1E-3
66428	17.7	-1.628	1E-3
66448	18	-1.628	1E-3
66468	18	-1.628	1E-3
66488	18.2	-1.628	1E-3
66508	17.8	-1.628	1E-3
66528	18.2	-1.628	1E-3
66548	17.8	-1.628	1E-3
66568	18	-1.628	1E-3
66588	18.2	-1.628	1E-3
66608	18	-1.628	1E-3
66628	18.4	-1.628	1E-3
66648	17.8	-1.628	1E-3
66668	18.4	-1.628	1E-3
66688	18	-1.628	1E-3
66708	17.8	-1.628	1E-3
66728	17.7	-1.628	1E-3
66748	17.8	-1.628	1E-3
66768	18.2	-1.628	1E-3
66788	17.8	-1.628	1E-3
66808	17.8	-1.628	1E-3
66828	18.2	-1.628	1E-3
66848	18.2	-1.628	1E-3
66868	18.4	-1.628	1E-3
66888	18	-1.628	1E-3
66908	18.4	-1.628	1E-3
66928	18	-1.628	1E-3
66948	17.8	-1.628	1E-3
66968	18	-1.628	1E-3
66988	18.2	-1.628	1E-3
67008	18	-1.628	1E-3
67028	18.2	-1.628	1E-3
67048	18.2	-1.628	1E-3
67068	18.2	-1.628	1E-3
67089	18	-1.628	1E-3
67109	18.2	-1.628	1E-3
67129	18.2	-1.628	1E-3
67149	18.2	-1.628	1E-3
67169	17.8	-1.628	1E-3
67189	18	-1.628	1E-3
67209	17.8	-1.628	1E-3
67229	17.8	-1.628	1E-3
67249	18.2	-1.628	1E-3
67269	18.2	-1.628	1E-3
67289	18.2	-1.628	1E-3
67309	18.2	-1.628	1E-3
67329	18	-1.628	1E-3
67349	18.2	-1.628	1E-3
67369	17.8	-1.628	1E-3
67389	18.2	-1.628	1E-3
67409	17.8	-1.628	1E-3
67429	18	-1.628	1E-3
67449	18	-1.628	1E-3
67469	18.2	-1.628	1E-3
67489	18.4	-1.628	1E-3
67509	18.2	-1.628	1E-3
67529	17.8	-1.628	1E-3
67549	17.8	-1.628	1E-3
67569	18.2	-1.628	1E-3
67589	18.2	-1.628	1E-3
67609	18.2	-1.628	1E-3
67629	18.2	-1.628	1E-3
67649	18	-1.628	1E-3
67669	17.8	-1.628	1E-3
67689	17.8	-1.628	1E-3
67709	18.4	-1.628	1E-3
67729	18	-1.628	1E-3
67749	18.4	-1.628	1E-3
67769	18.2	-1.628	1E-3
67789	18	-1.628	1E-3
67809	18.2	-1.628	1E-3
67829	18.4	-1.628	1E-3
67849	18	-1.628	1E-3
67869	18.4	-1.628	1E-3
67889	18	-1.628	1E-3
67909	17.8	-1.628	1E-3
67929	18.2	-1.628	1E-3
67950	18.2	-1.628	1E-3
67970	18.4	-1.628	1E-3
67990	18.2	-1.628	1E-3
68010	18.4	-1.628	1E-3
68030	18.2	-1.628	1E-3
68050	18.2	-1.628	1E-3
68070	18.2	-1.628	1E-3
68090	18	-1.628	1E-3
68110	18.2	-1.628	1E-3
68130	18.2	-1.628	1E-3
68150	18.4	-1.628	1E-3
68170	18.2	-1.628	1E-3
68190	18.4	-1.628	1E-3
68210	18.2	-1.628	1E-3
68230	17.7	-1.628	1E-3
68250	18.4	-1.628	1E-3
68270	18.2	-1.628	1E-3
68290	18.2	-1.628	1E-3
68310	18	-1.628	1E-3
68330	18.4	-1.628	1E-3
68350	18.2	-1.628	1E-3
68370	17.8	-1.628	1E-3
68390	18.5	-1.628	1E-3
68410	18.4	-1.628	1E-3
68430	18.2	-1.628	1E-3
68450	18.4	-1.628	1E-3
68470	18	-1.628	1E-3
68490	18.4	-1.628	1E-3
68510	17.8	-1.628	1E-3
68530	17.8	-1.628	1E-3
68550	18.4	-1.628	1E-3
68570	18.4	-1.628	1E-3
68590	18.2	-1.628	1E-3
68610	18.5	-1.628	1E-3
68630	18.2	-1.628	1E-3
68650	18	-1.628	1E-3
68670	18.4	-1.628	1E-3
68690	18.2	-1.628	1E-3
68710	18.2	-1.628	1E-3
68730	18	-1.628	1E-3
68750	18	-1.628	1E-3
68771	18.2	-1.628	1E-3
68791	18	-1.628	1E-3
68811	18.2	-1.628	1E-3
68831	18.4	-1.628	1E-3
68851	18.4	-1.628	1E-3
68871	17.8	-1.628	1E-3
68891	18.2	-1.628	1E-3
68911	18	-1.628	1E-3
68931	17.8	-1.628	1E-3
68951	18	-1.628	1E-3
68971	18	-1.628	1E-3
68991	18.2	-1.628	1E-3
69011	17.8	-1.628	1E-3
69031	18	-1.628	1E-3
69051	18	-1.628	1E-3
69071	18.2	-1.628	1E-3
69091	18	-1.628	1E-3
69111	17.7	-1.628	1E-3
69131	18	-1.628	1E-3
69151	17.8	-1.628	1E-3
69171	18	-1.628	1E-3
69191	18	-1.628	1E-3
69211	18.2	-1.628	1E-3
69231	17.8	-1.628	1E-3
69251	18	-1.628	1E-3
69271	18.2	-1.628	1E-3
69291	17.8	-1.628	1E-3
69311	18.2	-1.628	1E-3
69331	18	-1.628	1E-3
69351	18.4	-1.628	1E-3
69371	18	-1.628	1E-3
69391	18.4	-1.628	1E-3
69411	18	-1.628	1E-3
69431	18	-1.628	1E-3
69451	17.8	-1.628	1E-3
69471	17.8	-1.628	1E-3
69491	18.2	-1.628	1E-3
69511	17.8	-1.628	1E-3
69531	18	-1.628	1E-3
69551	18	-1.628	1E-3
69571	18	-1.628	1E-3
69592	18.2	-1.628	1E-3
69612	18	-1.628	1E-3
69632	17.8	-1.628	1E-3
69652	18	-1.628	1E-3
69672	18.4	-1.628	1E-3
69692	18.5	-1.628	1E-3
69712	18	-1.628	1E-3
69732	18.2	-1.628	1E-3
69752	17.8	-1.628	1E-3
69772	18	-1.628	1E-3
69792	17.8	-1.628	1E-3
69812	17.7	-1.628	1E-3
69832	18.2	-1.628	1E-3
69852	18.4	-1.628	1E-3
69872	18	-1.628	1E-3
69892	17.7	-1.628	1E-3
69912	18.4	-1.628	1E-3
69932	18.2	-1.628	1E-3
69952	18.2	-1.628	1E-3
69972	18.2	-1.628	1E-3
69992	18.2	-1.628	1E-3
70012	17.7	-1.628	1E-3
70032	18.4	-1.628	1E-3
70052	18.2	-1.628	1E-3
70072	18.4	-1.628	1E-3
70092	18	-1.628	1E-3
70112	17.8	-1.628	1E-3
70132	17.8	-1.628	1E-3
70152	18.2	-1.628	1E-3
70172	18.4	-1.628	1E-3
70192	17.8	-1.628	1E-3
70212	18.2	-1.628	1E-3
70232	18.2	-1.628	1E-3
70252	18.2	-1.628	1E-3
70272	18.2	-1.628	1E-3
70292	17.8	-1.628	1E-3
70312	18.5	-1.628	1E-3
70333	18.2	-1.628	1E-3
70353	18	-1.628	1E-3
70373	18.2	-1.628	1E-3
70393	17.8	-1.628	1E-3
70413	18	-1.628	1E-3
70433	18.2	-1.628	1E-3
70453	17.8	-1.628	1E-3
70473	17.8	-1.628	1E-3
70493	18	-1.628	1E-3
70513	18.2	-1.628	1E-3
70533	18.2	-1.628	1E-3
70553	18.2	-1.628	1E-3
70573	18.2	-1.628	1E-3
70593	18.4	-1.628	1E-3
70613	18	-1.628	1E-3
70633	18	-1.628	1E-3
70653	18.4	-1.628	1E-3
70673	18.2	-1.628	1E-3
70693	18.4	-1.628	1E-3
70713	18	-1.628	1E-3
70733	18.2	-1.628	1E-3
70753	17.8	-1.628	1E-3
70773	18.2	-1.628	1E-3
70793	18.2	-1.628	1E-3
70813	18	-1.628	1E-3
70833	18	-1.628	1E-3
70853	18.2	-1.628	1E-3
70873	18.4	-1.628	1E-3
70893	18.2	-1.628	1E-3
70913	18.5	-1.628	1E-3
70933	18.2	-1.628	1E-3
70953	18.2	-1.628	1E-3
70973	18	-1.628	1E-3
70993	17.8	-1.628	1E-3
71013	18.2	-1.628	1E-3
71034	18.2	-1.628	1E-3
71058	18.4	-1.628	1E-3
71078	18	-1.628	1E-3
71098	18	-1.628	1E-3
71118	17.8	-1.628	1E-3
71139	18.4	-1.628	1E-3
71163	18	-1.628	1E-3
71184	18.2	-1.628	1E-3
71204	18.2	-1.628	1E-3
71224	18.4	-1.628	1E-3
71244	17.8	-1.628	1E-3
71264	18.4	-1.628	1E-3
71284	17.8	-1.628	1E-3
71304	18	-1.628	1E-3
71324	18.2	-1.628	1E-3
71344	18.4	-1.628	1E-3
71364	18.2	-1.628	1E-3
71384	18	-1.628	1E-3
71404	18.5	-1.628	1E-3
71424	18.2	-1.628	1E-3
71444	18.4	-1.628	1E-3
71464	18.4	-1.628	1E-3
71484	18.2	-1.628	1E-3
71504	17.8	-1.628	1E-3
71524	18.2	-1.628	1E-3
71544	18.2	-1.628	1E-3
71564	18.2	-1.628	1E-3
71584	18.2	-1.628	1E-3
71604	18.2	-1.628	1E-3
71624	18.2	-1.628	1E-3
71644	18	-1.628	1E-3
71664	18.2	-1.628	1E-3
71684	18.2	-1.628	1E-3
71704	17.7	-1.628	1E-3
71724	17.8	-1.628	1E-3
71744	17.7	-1.628	1E-3
71764	17.7	-1.628	1E-3
71784	18	-1.628	1E-3
71804	17.8	-1.628	1E-3
71824	18.2	-1.628	1E-3
71844	17.8	-1.628	1E-3
71864	18.2	-1.628	1E-3
71884	18.2	-1.628	1E-3
71904	18.4	-1.628	1E-3
71924	18	-1.628	1E-3
71944	18.2	-1.628	1E-3
71964	18.2	-1.628	1E-3
71984	18	-1.628	1E-3
72004	18.2	-1.628	1E-3
72024	17.8	-1.628	1E-3
72044	18.5	-1.628	1E-3
72064	18.4	-1.628	1E-3
72085	18.2	-1.628	1E-3
72109	18.2	-1.628	1E-3
72130	18.4	-1.628	1E-3
72150	17.8	-1.628	1E-3
72170	17.8	-1.628	1E-3
72190	18	-1.628	1E-3
72210	18.2	-1.628	1E-3
72230	18.2	-1.628	1E-3
72250	18.2	-1.628	1E-3
72270	18	-1.628	1E-3
72290	18	-1.628	1E-3
72310	18.2	-1.628	1E-3
72330	18.4	-1.628	1E-3
72350	18.4	-1.628	1E-3
72370	18.4	-1.628	1E-3
72390	18	-1.628	1E-3
72410	17.8	-1.628	1E-3
72430	18.2	-1.628	1E-3
72450	18	-1.628	1E-3
72470	18.2	-1.628	1E-3
72490	18	-1.628	1E-3
72510	18.4	-1.628	1E-3
72530	18.4	-1.628	1E-3
72550	18.2	-1.628	1E-3
72570	17.7	-1.628	1E-3
72590	18.2	-1.628	1E-3
72610	18.4	-1.628	1E-3
72630	18.2	-1.628	1E-3
72650	18.4	-1.628	1E-3
72670	18.4	-1.628	1E-3
72690	17.8	-1.628	1E-3
72710	18.2	-1.628	1E-3
72730	18	-1.628	1E-3
72750	18.4	-1.628	1E-3
72770	18	-1.628	1E-3
72790	18	-1.628	1E-3
72810	18.2	-1.628	1E-3
72830	18.2	-1.628	1E-3
72850	17.8	-1.628	1E-3
72870	18.2	-1.628	1E-3
72890	17.8	-1.628	1E-3
72910	18	-1.628	1E-3
72930	18.2	-1.628	1E-3
72950	17.8	-1.628	1E-3
72970	17.8	-1.628	1E-3
72990	18.2	-1.628	1E-3
73011	18	-1.628	1E-3
73031	18	-1.628	1E-3
73051	18.2	-1.628	1E-3
73071	17.8	-1.628	1E-3
73091	18.2	-1.628	1E-3
73111	17.7	-1.628	1E-3
73131	17.8	-1.628	1E-3
73151	18	-1.628	1E-3
73171	18	-1.628	1E-3
73191	18.4	-1.628	1E-3
73211	18.4	-1.628	1E-3
73231	18.4	-1.628	1E-3
73251	18.4	-1.628	1E-3
73271	18	-1.628	1E-3
73291	18.4	-1.628	1E-3
73311	18	-1.628	1E-3
73331	18.2	-1.628	1E-3
73351	18	-1.628	1E-3
73371	18.4	-1.628	1E-3
73391	18.4	-1.628	1E-3
73411	18.4	-1.628	1E-3
73431	18.2	-1.628	1E-3
73451	18.4	-1.628	1E-3
73471	18.2	-1.628	1E-3
73491	18.2	-1.628	1E-3
73511	18.4	-1.628	1E-3
73531	18.2	-1.628	1E-3
73551	18.2	-1.628	1E-3
73571	18.2	-1.628	1E-3
73591	18.7	-1.628	1E-3
73611	18.2	-1.628	1E-3
73631	18.2	-1.628	1E-3
73651	18.2	-1.628	1E-3
73671	18	-1.628	1E-3
73691	18.4	-1.628	1E-3
73712	18	-1.628	1E-3
73732	18	-1.628	1E-3
73752	18.2	-1.628	1E-3
73772	18	-1.628	1E-3
73792	18.5	-1.628	1E-3
73812	18.2	-1.628	1E-3
73832	17.8	-1.628	1E-3
73852	18.2	-1.628	1E-3
73872	18.2	-1.628	1E-3
73892	18	-1.628	1E-3
73912	18.2	-1.628	1E-3
73932	17.8	-1.628	1E-3
73952	18.2	-1.628	1E-3
73972	18	-1.628	1E-3
73992	18.2	-1.628	1E-3
74012	18.4	-1.628	1E-3
74032	18.4	-1.628	1E-3
74052	18.4	-1.628	1E-3
74072	18.2	-1.628	1E-3
74092	18	-1.628	1E-3
74112	18.2	-1.628	1E-3
74132	18	-1.628	1E-3
74152	18.2	-1.628	1E-3
74172	18	-1.628	1E-3
74192	18.4	-1.628	1E-3
74212	18.2	-1.628	1E-3
74232	18.2	-1.628	1E-3
74252	18.4	-1.628	1E-3
74272	18.4	-1.628	1E-3
74292	18.2	-1.628	1E-3
74312	18.4	-1.628	1E-3
74332	18.4	-1.628	1E-3
74352	17.7	-1.628	1E-3
74373	18	-1.628	1E-3
74397	17.8	-1.628	1E-3
74417	17.8	-1.628	1E-3
74437	18.2	-1.628	1E-3
74457	18.2	-1.628	1E-3
74477	18.4	-1.628	1E-3
74498	18.4	-1.628	1E-3
74518	18.4	-1.628	1E-3
74538	18.4	-1.628	1E-3
74558	18.2	-1.628	1E-3
74578	18	-1.628	1E-3
74598	18	-1.628	1E-3
74618	18.2	-1.628	1E-3
74638	18	-1.628	1E-3
74658	18	-1.628	1E-3
74678	18.4	-1.628	1E-3
74698	18.2	-1.628	1E-3
74718	18.4	-1.628	1E-3
74738	18.2	-1.628	1E-3
74758	18.2	-1.628	1E-3
74778	18.2	-1.628	1E-3
74798	18.2	-1.628	1E-3
74818	18.2	-1.628	1E-3
74838	18.2	-1.628	1E-3
74858	18.4	-1.628	1E-3
74878	18.4	-1.628	1E-3
74898	18.2	-1.628	1E-3
74918	18.4	-1.628	1E-3
74938	18	-1.628	1E-3
74958	18	-1.628	1E-3
74978	18.2	-1.628	1E-3
74998	18.2	-1.628	1E-3
75018	18	-1.628	1E-3
75038	18.2	-1.628	1E-3
75058	18	-1.628	1E-3
75078	18.5	-1.628	1E-3
75098	18.5	-1.628	1E-3
75118	18.4	-1.628	1E-3
75138	18.2	-1.628	1E-3
75158	18.2	-1.628	1E-3
75178	18.4	-1.628	1E-3
75198	18.5	-1.628	1E-3
75218	18.4	-1.628	1E-3
75238	18	-1.628	1E-3
75258	17.8	-1.628	1E-3
75278	17.8	-1.628	1E-3
75298	18.4	-1.628	1E-3
75318	18.2	-1.628	1E-3
75338	18	-1.628	1E-3
75358	18	-1.628	1E-3
75378	18.2	-1.628	1E-3
75398	18.4	-1.628	1E-3
75418	18.4	-1.628	1E-3
75438	18.2	-1.628	1E-3
75458	18	-1.628	1E-3
75479	18.5	-1.628	1E-3
75499	18	-1.628	1E-3
75519	18	-1.628	1E-3
75539	18	-1.628	1E-3
75559	18.4	-1.628	1E-3
75579	18.2	-1.628	1E-3
75599	18.2	-1.628	1E-3
75619	18	-1.628	1E-3
75639	17.7	-1.628	1E-3
75659	17.8	-1.628	1E-3
75679	18.2	-1.628	1E-3
75699	18.5	-1.628	1E-3
75719	17.8	-1.628	1E-3
75739	18	-1.628	1E-3
75759	18.2	-1.628	1E-3
75779	18.2	-1.628	1E-3
75799	18.2	-1.628	1E-3
75819	17.8	-1.628	1E-3
75839	18.2	-1.628	1E-3
75859	18	-1.628	1E-3
75879	18.4	-1.628	1E-3
75899	18.2	-1.628	1E-3
75919	18.2	-1.628	1E-3
75939	18	-1.628	1E-3
75959	18.2	-1.628	1E-3
75979	18	-1.628	1E-3
75999	18.2	-1.628	1E-3
76019	18.4	-1.628	1E-3
76039	17.8	-1.628	1E-3
76059	18.2	-1.628	1E-3
76079	18	-1.628	1E-3
76099	18.2	-1.628	1E-3
76119	18.2	-1.628	1E-3
76139	18	-1.628	1E-3
76159	18.2	-1.628	1E-3
76179	18.4	-1.628	1E-3
76200	18	-1.628	1E-3
76220	17.8	-1.628	1E-3
76240	18.2	-1.628	1E-3
76260	18.2	-1.628	1E-3
76280	18.5	-1.628	1E-3
76300	18	-1.628	1E-3
76320	18.4	-1.628	1E-3
76340	18	-1.628	1E-3
76360	18.4	-1.628	1E-3
76380	18.2	-1.628	1E-3
76400	18	-1.628	1E-3
76420	18	-1.628	1E-3
76440	18.2	-1.628	1E-3
76460	18.4	-1.628	1E-3
76480	18.2	-1.628	1E-3
76500	18.2	-1.628	1E-3
76520	18.2	-1.628	1E-3
76540	18	-1.628	1E-3
76560	18	-1.628	1E-3
76580	18.2	-1.628	1E-3
76600	18.4	-1.628	1E-3
76620	17.8	-1.628	1E-3
76640	18	-1.628	1E-3
76660	18.7	-1.628	1E-3
76680	18.2	-1.628	1E-3
76700	18	-1.628	1E-3
76720	18.2	-1.628	1E-3
76740	18.2	-1.628	1E-3
76760	18.2	-1.628	1E-3
76780	18.2	-1.628	1E-3
76800	17.8	-1.628	1E-3
76820	18	-1.628	1E-3
76840	18.4	-1.628	1E-3
76860	17.8	-1.628	1E-3
76881	18	-1.628	1E-3
76905	18.2	-1.628	1E-3
76926	18	-1.628	1E-3
76946	18.4	-1.628	1E-3
76966	17.8	-1.628	1E-3
76986	18.4	-1.628	1E-3
77006	18.4	-1.628	1E-3
77026	17.8	-1.628	1E-3
77046	18.4	-1.628	1E-3
77066	18.4	-1.628	1E-3
77086	18	-1.628	1E-3
77106	17.8	-1.628	1E-3
77126	17.8	-1.628	1E-3
77146	18.4	-1.628	1E-3
77166	18.2	-1.628	1E-3
77186	18.4	-1.628	1E-3
77206	18.4	-1.628	1E-3
77226	18.2	-1.628	1E-3
77246	18	-1.628	1E-3
77266	18.2	-1.628	1E-3
77286	18.2	-1.628	1E-3
77306	18	-1.628	1E-3
77326	18	-1.628	1E-3
77346	18.2	-1.628	1E-3
77366	17.8	-1.628	1E-3
77386	18.4	-1.628	1E-3
77406	18.2	-1.628	1E-3
77426	18.4	-1.628	1E-3
77446	17.7	-1.628	1E-3
77466	18.2	-1.628	1E-3
77486	18.4	-1.628	1E-3
77506	18.2	-1.628	1E-3
77526	18.2	-1.628	1E-3
77547	18.2	-1.628	1E-3
77571	18	-1.628	1E-3
77591	18.4	-1.628	1E-3
77611	18	-1.628	1E-3
77632	17.7	-1.628	1E-3
77652	18	-1.628	1E-3
77672	18	-1.628	1E-3
77692	18.4	-1.628	1E-3
77712	18	-1.628	1E-3
77732	18.2	-1.628	1E-3
77752	18	-1.628	1E-3
77772	18	-1.628	1E-3
77792	18.4	-1.628	1E-3
77812	18	-1.628	1E-3
77832	18.4	-1.628	1E-3
77852	18.2	-1.628	1E-3
77872	18	-1.628	1E-3
77892	17.8	-1.628	1E-3
77912	18.2	-1.628	1E-3
77932	18.2	-1.628	1E-3
77952	18.2	-1.628	1E-3
77972	18.4	-1.628	1E-3
77992	18.4	-1.628	1E-3
78012	18.2	-1.628	1E-3
78032	18.2	-1.628	1E-3
78052	18.4	-1.628	1E-3
78072	18.2	-1.628	1E-3
78092	18	-1.628	1E-3
78112	18	-1.628	1E-3
78132	18	-1.628	1E-3
78152	17.8	-1.628	1E-3
78172	18	-1.628	1E-3
78192	18.2	-1.628	1E-3
78212	18.4	-1.628	1E-3
78232	18.2	-1.628	1E-3
78252	18	-1.628	1E-3
78272	18.4	-1.628	1E-3
78292	18	-1.628	1E-3
78312	18.2	-1.628	1E-3
78332	18.2	-1.628	1E-3
78352	18.4	-1.628	1E-3
78373	18.2	-1.628	1E-3
78393	18.4	-1.628	1E-3
78413	18.4	-1.628	1E-3
78433	18	-1.628	1E-3
78453	18	-1.628	1E-3
78473	18.2	-1.628	1E-3
78493	18.2	-1.628	1E-3
78513	18.4	-1.628	1E-3
78533	18.2	-1.628	1E-3
78553	18	-1.628	1E-3
78573	18.2	-1.628	1E-3
78593	18	-1.628	1E-3
78613	18	-1.628	1E-3
78633	18.2	-1.628	1E-3
78653	18	-1.628	1E-3
78673	18.2	-1.628	1E-3
78693	18.2	-1.628	1E-3
78713	18.2	-1.628	1E-3
78733	17.8	-1.628	1E-3
78753	18.2	-1.628	1E-3
78773	18.4	-1.628	1E-3
78793	17.7	-1.628	1E-3
78813	17.8	-1.628	1E-3
78833	18	-1.628	1E-3
78853	18.2	-1.628	1E-3
78873	18.4	-1.628	1E-3
78893	18.2	-1.628	1E-3
78913	18.4	-1.628	1E-3
78933	18.4	-1.628	1E-3
78953	18.2	-1.628	1E-3
78973	18.2	-1.628	1E-3
78993	18	-1.628	1E-3
79013	18.2	-1.628	1E-3
79033	18	-1.628	1E-3
79053	18.4	-1.628	1E-3
79073	17.8	-1.628	1E-3
79093	18.4	-1.628	1E-3
79113	18.2	-1.628	1E-3
79133	18.2	-1.628	1E-3
79153	18.2	-1.628	1E-3
79173	17.8	-1.628	1E-3
79193	18.5	-1.628	1E-3
79213	17.8	-1.628	1E-3
79233	18.4	-1.628	1E-3
79253	18.2	-1.628	1E-3
79273	18	-1.628	1E-3
79293	18.2	-1.628	1E-3
79313	17.8	-1.628	1E-3
79333	18.4	-1.628	1E-3
79353	18.4	-1.628	1E-3
79373	18.4	-1.628	1E-3
79393	18.2	-1.628	1E-3
79413	18	-1.628	1E-3
79434	18.2	-1.628	1E-3
79454	18.4	-1.628	1E-3
79474	18.4	-1.628	1E-3
79494	18.4	-1.628	1E-3
79514	18.2	-1.628	1E-3
79534	18.2	-1.628	1E-3
79554	18	-1.628	1E-3
79574	18.4	-1.628	1E-3
79594	18.2	-1.628	1E-3
79614	18.4	-1.628	1E-3
79634	18.2	-1.628	1E-3
79654	18.2	-1.628	1E-3
79674	18.2	-1.628	1E-3
79694	18.2	-1.628	1E-3
79714	18.4	-1.628	1E-3
79734	18.4	-1.628	1E-3
79754	18.2	-1.628	1E-3
79774	18	-1.628	1E-3
79794	18	-1.628	1E-3
79814	18.2	-1.628	1E-3
79834	18.2	-1.628	1E-3
79854	18.2	-1.628	1E-3
79874	17.8	-1.628	1E-3
79894	18.2	-1.628	1E-3
79914	18.2	-1.628	1E-3
79935	18.4	-1.628	1E-3
79959	18.2	-1.628	1E-3
79979	17.8	-1.628	1E-3
79999	18	-1.628	1E-3
80019	18.2	-1.628	1E-3
80039	17.7	-1.628	1E-3
80059	18.2	-1.628	1E-3
80079	17.7	-1.628	1E-3
80099	17.8	-1.628	1E-3
80120	18.4	-1.628	1E-3
80144	18	-1.628	1E-3
80165	17.8	-1.628	1E-3
80185	18	-1.628	1E-3
80205	18.2	-1.628	1E-3
80225	18.2	-1.628	1E-3
80245	18	-1.628	1E-3
80265	17.8	-1.628	1E-3
80285	17.8	-1.628	1E-3
80305	18.4	-1.628	1E-3
80325	18.2	-1.628	1E-3
80345	18.2	-1.628	1E-3
80365	18	-1.628	1E-3
80385	18.2	-1.628	1E-3
80405	18	-1.628	1E-3
80425	18	-1.628	1E-3
80445	18.2	-1.628	1E-3
80465	17.7	-1.628	1E-3
80485	18.2	-1.628	1E-3
80505	18.2	-1.628	1E-3
80525	18.4	-1.628	1E-3
80545	18.2	-1.628	1E-3
80565	18.4	-1.628	1E-3
80585	18	-1.628	1E-3
80605	17.8	-1.628	1E-3
80625	17.8	-1.628	1E-3
80645	17.8	-1.628	1E-3
80665	17.8	-1.628	1E-3
80685	18.4	-1.628	1E-3
80705	18.2	-1.628	1E-3
80725	18	-1.628	1E-3
80745	18	-1.628	1E-3
80765	18	-1.628	1E-3
80785	17.8	-1.628	1E-3
80805	18	-1.628	1E-3
80825	18	-1.628	1E-3
80845	18	-1.628	1E-3
80865	18	-1.628	1E-3
80886	18.2	-1.628	1E-3
80906	18	-1.628	1E-3
80926	17.8	-1.628	1E-3
80946	18	-1.628	1E-3
80966	18	-1.628	1E-3
80986	17.7	-1.628	1E-3
81006	18	-1.628	1E-3
81026	17.5	-1.628	1E-3
81046	18.2	-1.628	1E-3
81066	18	-1.628	1E-3
81086	17.8	-1.628	1E-3
81106	18	-1.628	1E-3
81126	18	-1.628	1E-3
81146	18	-1.628	1E-3
81166	17.8	-1.628	1E-3
81186	18.2	-1.628	1E-3
81206	18	-1.628	1E-3
81226	18	-1.628	1E-3
81246	17.8	-1.628	1E-3
81266	18.4	-1.628	1E-3
81286	18.2	-1.628	1E-3
81306	18	-1.628	1E-3
81326	17.7	-1.628	1E-3
81346	18	-1.628	1E-3
81366	18	-1.628	1E-3
81386	18	-1.628	1E-3
81406	17.7	-1.628	1E-3
81426	18	-1.628	1E-3
81446	18	-1.628	1E-3
81466	18	-1.628	1E-3
81486	18.2	-1.628	1E-3
81506	17.8	-1.628	1E-3
81526	18.5	-1.628	1E-3
81546	18	-1.628	1E-3
81566	17.8	-1.628	1E-3
81586	17.8	-1.628	1E-3
81606	18	-1.628	1E-3
81626	17.8	-1.628	1E-3
81647	18.2	-1.628	1E-3
81667	18.2	-1.628	1E-3
81687	18	-1.628	1E-3
81707	17.7	-1.628	1E-3
81727	18	-1.628	1E-3
81747	17.8	-1.628	1E-3
81767	18.2	-1.628	1E-3
81787	18.2	-1.628	1E-3
81807	18.2	-1.628	1E-3
81827	18.4	-1.628	1E-3
81847	18.4	-1.628	1E-3
81867	18	-1.628	1E-3
81887	18.2	-1.628	1E-3
81907	18	-1.628	1E-3
81927	18	-1.628	1E-3
81947	17.8	-1.628	1E-3
81967	17.8	-1.628	1E-3
81987	18	-1.628	1E-3
82007	18.2	-1.628	1E-3
82027	18.2	-1.628	1E-3
82047	17.8	-1.628	1E-3
82067	18.2	-1.628	1E-3
82087	17.8	-1.628	1E-3
82107	17.8	-1.628	1E-3
82127	18	-1.628	1E-3
82147	18	-1.628	1E-3
82167	18	-1.628	1E-3
82187	18.2	-1.628	1E-3
82207	17.8	-1.628	1E-3
82227	18.2	-1.628	1E-3
82247	18.2	-1.628	1E-3
82267	18	-1.628	1E-3
82287	18	-1.628	1E-3
82307	18.2	-1.628	1E-3
82327	18.2	-1.628	1E-3
82347	17.8	-1.628	1E-3
82367	17.7	-1.628	1E-3
82387	18	-1.628	1E-3
82407	18.2	-1.628	1E-3
82427	18.2	-1.628	1E-3
82448	18.2	-1.628	1E-3
82468	18	-1.628	1E-3
82488	18	-1.628	1E-3
82508	17.8	-1.628	1E-3
82528	18	-1.628	1E-3
82548	18	-1.628	1E-3
82568	18.2	-1.628	1E-3
82588	17.7	-1.628	1E-3
82608	18.4	-1.628	1E-3
82628	18.4	-1.628	1E-3
82648	18.2	-1.628	1E-3
82668	18	-1.628	1E-3
82688	18.2	-1.628	1E-3
82708	18.2	-1.628	1E-3
82728	18.2	-1.628	1E-3
82748	18	-1.628	1E-3
82768	18.2	-1.628	1E-3
82788	18	-1.628	1E-3
82808	18.4	-1.628	1E-3
82828	18.5	-1.628	1E-3
82848	18.2	-1.628	1E-3
82868	18.2	-1.628	1E-3
82888	18	-1.628	1E-3
82908	17.8	-1.628	1E-3
82928	18	-1.628	1E-3
82948	18	-1.628	1E-3
82968	18.2	-1.628	1E-3
82988	18.2	-1.628	1E-3
83008	18	-1.628	1E-3
83028	18.4	-1.628	1E-3
83048	18	-1.628	1E-3
83068	18.2	-1.628	1E-3
83088	17.8	-1.628	1E-3
83108	17.8	-1.628	1E-3
83128	18	-1.628	1E-3
83148	18	-1.628	1E-3
83168	17.8	-1.628	1E-3
83188	18	-1.628	1E-3
83208	17.8	-1.628	1E-3
83228	18	-1.628	1E-3
83248	18.2	-1.628	1E-3
83268	17.8	-1.628	1E-3
83288	18	-1.628	1E-3
83308	18.2	-1.628	1E-3
83328	18	-1.628	1E-3
83348	18	-1.628	1E-3
83368	18.2	-1.628	1E-3
83388	18	-1.628	1E-3
83408	17.8	-1.628	1E-3
83428	17.8	-1.628	1E-3
83448	18.2	-1.628	1E-3
83469	18	-1.628	1E-3
83489	18	-1.628	1E-3
83509	18.2	-1.628	1E-3
83529	18.2	-1.628	1E-3
83549	18.2	-1.628	1E-3
83569	18	-1.628	1E-3
83589	18	-1.628	1E-3
83609	18	-1.628	1E-3
83629	17.8	-1.628	1E-3
83649	18.2	-1.628	1E-3
83669	17.8	-1.628	1E-3
83689	18.2	-1.628	1E-3
83709	18.2	-1.628	1E-3
83729	18	-1.628	1E-3
83749	18.2	-1.628	1E-3
83769	18.2	-1.628	1E-3
83789	18.2	-1.628	1E-3
83809	18.2	-1.628	1E-3
83829	18.2	-1.628	1E-3
83849	18	-1.628	1E-3
83869	18	-1.628	1E-3
83889	17.8	-1.628	1E-3
83909	18	-1.628	1E-3
83929	17.8	-1.628	1E-3
83949	18	-1.628	1E-3
83969	18.2	-1.628	1E-3
83989	18.2	-1.628	1E-3
84009	17.8	-1.628	1E-3
84029	18	-1.628	1E-3
84049	17.8	-1.628	1E-3
84069	18	-1.628	1E-3
84089	17.8	-1.628	1E-3
84109	18	-1.628	1E-3
84129	18.2	-1.628	1E-3
84149	18.2	-1.628	1E-3
84169	18	-1.628	1E-3
84189	18.2	-1.628	1E-3
84209	18	-1.628	1E-3
84229	18	-1.628	1E-3
84249	18	-1.628	1E-3
84270	18	-1.628	1E-3
84290	17.8	-1.628	1E-3
84310	17.8	-1.628	1E-3
84330	17.8	-1.628	1E-3
84350	18	-1.628	1E-3
84370	18	-1.628	1E-3
84390	17.8	-1.628	1E-3
84410	18	-1.628	1E-3
84430	18.2	-1.628	1E-3
84450	18	-1.628	1E-3
84470	18	-1.628	1E-3
84490	18	-1.628	1E-3
84510	18.2	-1.628	1E-3
84530	17.8	-1.628	1E-3
84550	17.8	-1.628	1E-3
84570	18.2	-1.628	1E-3
84590	17.8	-1.628	1E-3
84610	17.8	-1.628	1E-3
84630	17.8	-1.628	1E-3
84650	17.8	-1.628	1E-3
84670	17.8	-1.628	1E-3
84690	17.8	-1.628	1E-3
84710	17.7	-1.628	1E-3
84730	18	-1.628	1E-3
84750	17.8	-1.628	1E-3
84770	18.2	-1.628	1E-3
84790	18	-1.628	1E-3
84810	18.4	-1.628	1E-3
84830	18	-1.628	1E-3
84850	17.8	-1.628	1E-3
84870	17.7	-1.628	1E-3
84890	17.8	-1.628	1E-3
84910	18.2	-1.628	1E-3
84930	18	-1.628	1E-3
84950	18.2	-1.628	1E-3
84970	18	-1.628	1E-3
84990	18.2	-1.628	1E-3
85010	18	-1.628	1E-3
85030	17.8	-1.628	1E-3
85050	18	-1.628	1E-3
85071	18	-1.628	1E-3
85095	18.2	-1.628	1E-3
85116	17.8	-1.628	1E-3
85136	18.2	-1.628	1E-3
85156	18.2	-1.628	1E-3
85176	18	-1.628	1E-3
85196	18.2	-1.628	1E-3
85216	17.8	-1.628	1E-3
85236	17.8	-1.628	1E-3
85256	18	-1.628	1E-3
85276	18	-1.628	1E-3
85296	18	-1.628	1E-3
85316	18	-1.628	1E-3
85336	18	-1.628	1E-3
85356	18	-1.628	1E-3
85376	17.7	-1.628	1E-3
85396	18	-1.628	1E-3
85416	18	-1.628	1E-3
85436	18	-1.628	1E-3
85456	17.7	-1.628	1E-3
85476	18	-1.628	1E-3
85496	17.7	-1.628	1E-3
85516	18	-1.628	1E-3
85536	18	-1.628	1E-3
85556	18	-1.628	1E-3
85576	18.2	-1.628	1E-3
85596	18.2	-1.628	1E-3
85618	18.2	-1.628	1E-3
85641	18.2	-1.628	1E-3
85661	18	-1.628	1E-3
85681	18	-1.628	1E-3
85701	18	-1.628	1E-3
85721	17.8	-1.628	1E-3
85742	18.2	-1.628	1E-3
85762	17.5	-1.628	1E-3
85782	17.8	-1.628	1E-3
85802	17.7	-1.628	1E-3
85822	18.2	-1.628	1E-3
85842	17.8	-1.628	1E-3
85862	18	-1.628	1E-3
85882	18	-1.628	1E-3
85902	18	-1.628	1E-3
85922	17.7	-1.628	1E-3
85942	18.2	-1.628	1E-3
85962	18	-1.628	1E-3
85982	17.8	-1.628	1E-3
86002	18.2	-1.628	1E-3
86022	17.7	-1.628	1E-3
86042	18.2	-1.628	1E-3
86062	18.2	-1.628	1E-3
86082	18	-1.628	1E-3
86102	18	-1.628	1E-3
86122	18.2	-1.628	1E-3
86142	18.2	-1.628	1E-3
86162	18	-1.628	1E-3
86182	17.8	-1.628	1E-3
86202	17.8	-1.628	1E-3
86222	18	-1.628	1E-3
86242	17.8	-1.628	1E-3
86262	18	-1.628	1E-3
86282	18.2	-1.628	1E-3
86302	18	-1.628	1E-3
86322	18.2	-1.628	1E-3
86342	18	-1.628	1E-3
86362	18.2	-1.628	1E-3
86382	18	-1.628	1E-3
86402	18	-1.628	1E-3
86422	18.2	-1.628	1E-3
86442	18.2	-1.628	1E-3
86462	18.4	-1.628	1E-3
86482	18.2	-1.628	1E-3
86502	18	-1.628	1E-3
86522	18.2	-1.628	1E-3
86542	18.2	-1.628	1E-3
86562	18.2	-1.628	1E-3
86582	18.2	-1.628	1E-3
86602	17.7	-1.628	1E-3
86622	18.2	-1.628	1E-3
86642	18.2	-1.628	1E-3
86662	18.2	-1.628	1E-3
86682	18.2	-1.628	1E-3
86702	17.7	-1.628	1E-3
86722	17.7	-1.628	1E-3
86742	18.2	-1.628	1E-3
86762	17.8	-1.628	1E-3
86782	18	-1.628	1E-3
86802	17.5	-1.628	1E-3
86822	18	-1.628	1E-3
86842	18.2	-1.629	1E-3
86862	18.4	-1.629	1E-3
86882	17.8	-1.629	1E-3
