0	18.9	0	1E-3
20	18.9	0	1E-3
40	18.9	0	1E-3
60	18.9	0	1E-3
80	19.1	0	1E-3
100	19.1	-1E-3	1E-3
120	19.1	-1E-3	1E-3
140	18.7	-1E-3	1E-3
160	19.4	-1E-3	1E-3
180	18.7	-1E-3	1E-3
200	19.3	-1E-3	1E-3
220	19.3	-1E-3	1E-3
240	19.1	-1E-3	1E-3
260	18.7	-0.002	1E-3
280	19.1	-0.002	1E-3
301	18.7	-0.002	1E-3
325	19.1	-0.002	1E-3
345	18.7	-0.002	1E-3
365	19.1	-0.002	1E-3
385	18.7	-0.002	1E-3
405	18.9	-0.002	1E-3
426	18.9	-0.002	1E-3
446	19.3	-0.002	1E-3
466	19.4	-0.002	1E-3
486	19.3	-0.002	1E-3
506	19.1	-0.003	1E-3
526	19.4	-0.003	1E-3
546	19.6	-0.003	1E-3
566	19.8	-0.003	1E-3
586	19.8	-0.003	1E-3
606	20.3	-0.003	1E-3
626	20.3	-0.003	1E-3
646	20.6	-0.003	1E-3
666	20.5	-0.003	1E-3
686	20.8	-0.003	1E-3
706	21.2	-0.004	1E-3
726	21.4	-0.004	1E-3
746	21.4	-0.004	1E-3
766	22	-0.004	1E-3
786	22.2	-0.004	1E-3
806	22.4	-0.004	1E-3
826	22.7	-0.004	1E-3
846	23.1	-0.004	1E-3
866	23.3	-0.004	1E-3
886	23.6	-0.004	1E-3
906	24.1	-0.004	1E-3
926	24.5	-0.004	1E-3
946	24.3	-0.004	1E-3
966	25.2	-0.004	1E-3
986	25.4	-0.004	1E-3
1006	26.1	-0.005	1E-3
1026	26.4	-0.005	1E-3
1046	26.8	-0.005	1E-3
1066	27.3	-0.005	1E-3
1086	27.7	-0.005	1E-3
1106	27.8	-0.005	1E-3
1126	28.2	-0.005	1E-3
1146	28.4	-0.005	1E-3
1166	29	-0.005	1E-3
1186	29.8	-0.005	1E-3
1206	29.9	-0.005	1E-3
1226	30.3	-0.005	1E-3
1247	30.8	-0.005	1E-3
1267	31.5	-0.005	1E-3
1287	31.9	-0.005	1E-3
1307	32.4	-0.005	1E-3
1327	32.5	-0.005	1E-3
1347	33.6	-0.006	1E-3
1367	34	-0.006	1E-3
1387	34.7	-0.006	1E-3
1407	35.2	-0.006	1E-3
1427	35.3	-0.006	1E-3
1447	36.2	-0.006	1E-3
1467	36.9	-0.006	1E-3
1487	37.5	-0.006	1E-3
1507	38	-0.006	1E-3
1527	38.3	-0.006	1E-3
1547	39.2	-0.006	1E-3
1567	39.4	-0.006	1E-3
1587	39.9	-0.006	1E-3
1607	40.8	-0.006	1E-3
1627	41.5	-0.006	1E-3
1647	42	-0.006	1E-3
1667	42.3	-0.006	1E-3
1688	43.4	-0.006	1E-3
1708	43.9	-0.006	1E-3
1728	44.5	-0.006	1E-3
1748	45.3	-0.006	1E-3
1768	45.7	-0.006	1E-3
1788	46.6	-0.006	1E-3
1808	46.9	-0.006	1E-3
1828	47.6	-0.006	1E-3
1848	48.6	-0.006	1E-3
1868	48.8	-0.006	1E-3
1888	49.9	-0.007	1E-3
1908	50.6	-0.007	1E-3
1928	51.1	-0.007	1E-3
1948	52	-0.007	1E-3
1968	52.8	-0.007	1E-3
1988	53.2	-0.007	1E-3
2008	54.3	-0.007	1E-3
2028	55	-0.007	1E-3
2048	55.7	-0.007	1E-3
2068	56.5	-0.007	1E-3
2088	57	-0.007	1E-3
2108	57.6	-0.007	1E-3
2128	58.3	-0.007	1E-3
2148	59.3	-0.007	1E-3
2168	59.9	-0.007	1E-3
2188	60.7	-0.007	1E-3
2208	61.4	-0.007	1E-3
2228	61.6	-0.007	1E-3
2248	63	-0.007	1E-3
2268	63.3	-0.007	1E-3
2288	64.6	-0.007	1E-3
2308	65.3	-0.007	1E-3
2328	66.2	-0.007	1E-3
2348	66.8	-0.007	1E-3
2368	67.4	-0.007	1E-3
2388	68.1	-0.007	1E-3
2408	69.1	-0.007	1E-3
2428	69.8	-0.007	1E-3
2448	70.7	-0.007	1E-3
2468	71.6	-0.007	1E-3
2488	72.3	-0.008	1E-3
2508	72.6	-0.008	1E-3
2528	73.7	-0.008	1E-3
2548	74.9	-0.008	1E-3
2569	75.4	-0.008	1E-3
2589	76.5	-0.008	1E-3
2609	77.2	-0.008	1E-3
2629	77.9	-0.008	1E-3
2649	79.1	-0.008	1E-3
2669	80	-0.008	1E-3
2689	80.7	-0.008	1E-3
2709	81.9	-0.008	1E-3
2729	82.4	-0.008	1E-3
2749	83.1	-0.008	1E-3
2769	84	-0.008	1E-3
2789	85.1	-0.008	1E-3
2809	86.3	-0.008	1E-3
2829	87.2	-0.008	1E-3
2849	87.8	-0.008	1E-3
2869	88.9	-0.008	1E-3
2889	89.6	-0.008	1E-3
2909	90.8	-0.008	1E-3
2929	91.3	-0.008	1E-3
2949	92.1	-0.008	1E-3
2969	93.1	-0.008	1E-3
2989	94	-0.008	1E-3
3009	94.8	-0.008	1E-3
3029	95.7	-0.008	1E-3
3049	96.9	-0.008	1E-3
3069	97.8	-0.008	1E-3
3089	98.3	-0.008	1E-3
3109	100.1	-0.008	1E-3
3129	101.2	-0.008	1E-3
3149	101.5	-0.008	1E-3
3169	103.1	-0.008	1E-3
3189	103.9	-0.008	1E-3
3209	105.2	-0.008	1E-3
3229	106	-0.008	1E-3
3249	106.9	-0.008	1E-3
3269	108	-0.008	1E-3
3289	108.8	-0.008	1E-3
3309	109.9	-0.008	1E-3
3329	111.1	-0.008	1E-3
3349	111.8	-0.008	1E-3
3370	113	-0.008	1E-3
3390	114.1	-0.008	1E-3
3410	115	-0.008	1E-3
3430	115.8	-0.008	1E-3
3450	116.7	-0.008	1E-3
3470	118	-0.008	1E-3
3490	119.2	-0.008	1E-3
3510	120	-0.008	1E-3
3530	121.3	-0.008	1E-3
3550	122	-0.008	1E-3
3570	123	-0.008	1E-3
3590	123.9	-0.008	1E-3
3610	125.1	-0.008	1E-3
3630	125.8	-0.008	1E-3
3650	126.9	-0.008	1E-3
3670	128.4	-0.008	1E-3
3690	129.5	-0.008	1E-3
3710	130	-0.008	1E-3
3730	131.1	-0.008	1E-3
3750	132.7	-0.008	1E-3
3770	133.5	-0.008	1E-3
3790	134.6	-0.008	1E-3
3810	135.8	-0.008	1E-3
3830	137	-0.008	1E-3
3850	138.3	-0.008	1E-3
3870	139.5	-0.008	1E-3
3890	140.4	-0.008	1E-3
3910	141.2	-0.008	1E-3
3930	142.8	-0.008	1E-3
3950	143.7	-0.008	1E-3
3970	144.9	-0.008	1E-3
3990	146.3	-0.008	1E-3
4010	147.5	-0.008	1E-3
4030	148.4	-0.008	1E-3
4050	149.6	-0.008	1E-3
4070	150.8	-0.008	1E-3
4090	151.7	-0.008	1E-3
4110	152.4	-0.008	1E-3
4130	153.6	-0.008	1E-3
4150	154.7	-0.008	1E-3
4170	155.2	-0.008	1E-3
4190	156.8	-0.007	1E-3
4210	157.9	-0.007	1E-3
4230	158.7	-0.007	1E-3
4250	160.1	-0.007	1E-3
4270	161.2	-0.007	1E-3
4291	162.2	-0.007	1E-3
4311	163.4	-0.007	1E-3
4331	164.5	-0.007	1E-3
4351	165.6	-0.007	1E-3
4371	166.8	-0.007	1E-3
4391	167.8	-0.007	1E-3
4411	169.2	-0.007	1E-3
4431	170.1	-0.007	1E-3
4451	171.3	-0.007	1E-3
4471	172.7	-0.007	1E-3
4491	173.8	-0.007	1E-3
4511	174.6	-0.007	1E-3
4531	175.9	-0.007	1E-3
4551	177.1	-0.007	1E-3
4571	178.3	-0.007	1E-3
4591	179.4	-0.007	1E-3
4611	180.3	-0.007	1E-3
4631	181.5	-0.007	1E-3
4651	182.5	-0.007	1E-3
4671	183.6	-0.007	1E-3
4691	184.8	-0.006	1E-3
4711	186.2	-0.006	1E-3
4731	186.7	-0.006	1E-3
4751	188.1	-0.006	1E-3
4771	189.3	-0.006	1E-3
4791	190.6	-0.006	1E-3
4811	191.6	-0.006	1E-3
4831	193	-0.006	1E-3
4851	194.1	-0.006	1E-3
4871	195.1	-0.006	1E-3
4891	196.4	-0.006	1E-3
4911	197.6	-0.006	1E-3
4931	199	-0.006	1E-3
4951	200	-0.006	1E-3
4971	200.9	-0.006	1E-3
4991	202.3	-0.006	1E-3
5011	203.7	-0.006	1E-3
5031	204.4	-0.005	1E-3
5051	205.8	-0.005	1E-3
5071	206.7	-0.005	1E-3
5091	207.9	-0.005	1E-3
5111	208.8	-0.005	1E-3
5131	209.8	-0.005	1E-3
5151	211.1	-0.005	1E-3
5172	212.1	-0.005	1E-3
5192	213.2	-0.005	1E-3
5212	214.4	-0.005	1E-3
5232	215.4	-0.005	1E-3
5252	216.7	-0.005	1E-3
5272	217.7	-0.005	1E-3
5292	218.8	-0.005	1E-3
5312	220	-0.005	1E-3
5332	221	-0.005	1E-3
5352	222.3	-0.004	1E-3
5372	223.7	-0.004	1E-3
5392	224.5	-0.004	1E-3
5412	225.7	-0.004	1E-3
5432	226.8	-0.004	1E-3
5452	228.2	-0.004	1E-3
5472	229.3	-0.004	1E-3
5492	230.5	-0.004	1E-3
5512	231.7	-0.004	1E-3
5532	232.8	-0.004	1E-3
5552	234	-0.004	1E-3
5572	235	-0.004	1E-3
5592	236.1	-0.004	1E-3
5612	237.1	-0.004	1E-3
5632	238.2	-0.004	1E-3
5652	239.6	-0.004	1E-3
5672	240.4	-0.004	1E-3
5692	241.7	-0.004	1E-3
5712	242.9	-0.004	1E-3
5732	244.3	-0.004	1E-3
5752	245.4	-0.004	1E-3
5772	246.6	-0.003	1E-3
5792	248.2	-0.003	1E-3
5812	249	-0.003	1E-3
5832	250.3	-0.003	1E-3
5852	251.3	-0.003	1E-3
5872	252.7	-0.003	1E-3
5892	253.6	-0.003	1E-3
5912	254.8	-0.003	1E-3
5932	256.2	-0.003	1E-3
5952	257.3	-0.003	1E-3
5972	258.8	-0.003	1E-3
5992	259.7	-0.003	1E-3
6012	260.9	-0.003	1E-3
6032	262.1	-0.003	1E-3
6052	263.2	-0.003	1E-3
6072	264.3	-0.003	1E-3
6092	265.7	-0.003	1E-3
6112	266.7	-0.003	1E-3
6132	268.1	-0.003	1E-3
6152	269.1	-0.003	1E-3
6173	270.4	-0.003	1E-3
6193	271.4	-0.003	1E-3
6213	272.8	-0.003	1E-3
6233	274	-0.003	1E-3
6253	274.9	-0.003	1E-3
6273	276.1	-0.003	1E-3
6293	277.4	-0.002	1E-3
6313	278.8	-0.002	1E-3
6333	279.8	-0.002	1E-3
6353	281	-0.002	1E-3
6373	282.3	-0.002	1E-3
6393	283.3	-0.002	1E-3
6413	284.5	-0.002	1E-3
6433	285.8	-0.002	1E-3
6453	286.8	-0.002	1E-3
6473	288	-0.002	1E-3
6493	289.1	-0.002	1E-3
6513	290.1	-0.002	1E-3
6533	291.4	-0.002	1E-3
6553	292.4	-0.002	1E-3
6573	293.1	-0.002	1E-3
6593	294.7	-0.002	1E-3
6613	295.9	-0.002	1E-3
6633	297	-0.002	1E-3
6653	298.2	-0.002	1E-3
6673	299.6	-0.002	1E-3
6693	300.8	-0.002	1E-3
6713	301.7	-0.002	1E-3
6733	303.1	-1E-3	1E-3
6753	304.1	-1E-3	1E-3
6773	305.4	-1E-3	1E-3
6793	306.6	-1E-3	1E-3
6813	307.6	-1E-3	1E-3
6833	309	-1E-3	1E-3
6853	310.1	-1E-3	1E-3
6873	311.5	-1E-3	1E-3
6893	312.6	-1E-3	1E-3
6913	313.8	-1E-3	1E-3
6933	314.8	-1E-3	1E-3
6953	316	-1E-3	1E-3
6973	317.1	-1E-3	1E-3
6993	318.3	-1E-3	1E-3
7013	319.4	-1E-3	1E-3
7034	320.6	-1E-3	1E-3
7054	321.8	-1E-3	1E-3
7074	323.2	-1E-3	1E-3
7094	324.3	-1E-3	1E-3
7114	325.5	-1E-3	1E-3
7134	326.9	0	1E-3
7154	328	0	1E-3
7174	329.4	0	1E-3
7194	330.6	0	1E-3
7214	331.8	0	1E-3
7234	333	0	1E-3
7254	334.1	0	1E-3
7274	335.5	0	1E-3
7294	336.5	0	1E-3
7314	337.7	0	1E-3
7334	339	0	1E-3
7354	340.2	0	1E-3
7374	341.4	0	1E-3
7394	342.5	0	1E-3
7414	343.7	0	1E-3
7434	344.9	0	1E-3
7454	346	1E-3	1E-3
7474	347.4	1E-3	1E-3
7494	348.4	1E-3	1E-3
7514	349.6	1E-3	1E-3
7534	350.9	1E-3	1E-3
7554	352.1	1E-3	1E-3
7574	353.5	1E-3	1E-3
7594	354.4	1E-3	1E-3
7614	355.8	1E-3	1E-3
7634	356.8	1E-3	1E-3
7654	357.9	1E-3	1E-3
7674	359.3	1E-3	1E-3
7694	360.5	1E-3	1E-3
7714	361.7	1E-3	1E-3
7734	362.8	1E-3	1E-3
7754	364.2	1E-3	1E-3
7774	365.4	0.002	1E-3
7794	366.4	0.002	1E-3
7814	367.5	0.002	1E-3
7834	368.5	0.002	1E-3
7854	369.6	0.002	1E-3
7874	370.8	0.002	1E-3
7894	371.9	0.002	1E-3
7914	373.1	0.002	1E-3
7935	374.3	0.002	1E-3
7955	375.7	0.002	1E-3
7975	376.8	0.002	1E-3
7995	378	0.002	1E-3
8015	379.2	0.002	1E-3
8035	380.3	0.003	1E-3
8055	381.5	0.003	1E-3
8075	382.7	0.003	1E-3
8095	384.1	0.003	1E-3
8115	385	0.003	1E-3
8135	386	0.003	1E-3
8155	387.4	0.003	1E-3
8175	388.7	0.003	1E-3
8195	389.9	0.003	1E-3
8215	391.3	0.003	1E-3
8235	392	0.003	1E-3
8255	393.2	0.003	1E-3
8275	394.6	0.003	1E-3
8295	395.7	0.004	1E-3
8315	396.7	0.004	1E-3
8335	398	0.004	1E-3
8355	399.4	0.004	1E-3
8375	400.4	0.004	1E-3
8395	401.5	0.004	1E-3
8415	402.7	0.004	1E-3
8435	404.1	0.004	1E-3
8455	404.9	0.004	1E-3
8475	406.5	0.004	1E-3
8495	407.8	0.004	1E-3
8515	409	0.004	1E-3
8535	409.9	0.004	1E-3
8555	411.1	0.004	1E-3
8575	412.3	0.004	1E-3
8595	413.7	0.005	1E-3
8615	414.4	0.005	1E-3
8635	415.6	0.005	1E-3
8655	417.2	0.005	1E-3
8675	418.3	0.005	1E-3
8695	419	0.005	1E-3
8715	420.4	0.005	1E-3
8735	421.6	0.005	1E-3
8755	422.8	0.005	1E-3
8775	424	0.005	1E-3
8795	425.2	0.005	1E-3
8815	426.5	0.005	1E-3
8835	427.5	0.005	1E-3
8855	428.8	0.005	1E-3
8875	430.1	0.005	1E-3
8895	431.2	0.006	1E-3
8915	432.4	0.006	1E-3
8935	433.5	0.006	1E-3
8956	434.9	0.006	1E-3
8980	436.3	0.006	1E-3
9001	437.7	0.006	1E-3
9021	438.7	0.006	1E-3
9041	439.8	0.006	1E-3
9061	441.2	0.006	1E-3
9081	442.4	0.006	1E-3
9101	443.4	0.006	1E-3
9121	444.5	0.006	1E-3
9141	445.5	0.006	1E-3
9161	446.8	0.006	1E-3
9181	447.7	0.006	1E-3
9201	448.9	0.006	1E-3
9221	450.1	0.006	1E-3
9241	451.3	0.007	1E-3
9261	452.5	0.007	1E-3
9281	453.8	0.007	1E-3
9301	454.8	0.007	1E-3
9321	455.9	0.007	1E-3
9341	456.9	0.007	1E-3
9361	458.1	0.007	1E-3
9381	459.4	0.007	1E-3
9401	460.6	0.007	1E-3
9421	461.6	0.007	1E-3
9441	462.7	0.007	1E-3
9461	463.7	0.007	1E-3
9481	465.1	0.007	1E-3
9501	466.2	0.007	1E-3
9521	467.3	0.007	1E-3
9541	468.5	0.007	1E-3
9561	469.4	0.007	1E-3
9581	470.6	0.007	1E-3
9601	471.5	0.007	1E-3
9621	472.7	0.007	1E-3
9641	473.7	0.008	1E-3
9661	474.8	0.008	1E-3
9681	476	0.008	1E-3
9701	477.2	0.008	1E-3
9721	478.5	0.008	1E-3
9741	479.3	0.008	1E-3
9761	480.7	0.008	1E-3
9781	481.8	0.008	1E-3
9801	483	0.008	1E-3
9821	484.1	0.008	1E-3
9841	485.3	0.008	1E-3
9861	486.5	0.008	1E-3
9881	487.7	0.008	1E-3
9901	488.8	0.008	1E-3
9921	489.8	0.008	1E-3
9941	490.9	0.008	1E-3
9961	491.9	0.008	1E-3
9981	493.1	0.008	1E-3
10001	494	0.008	1E-3
10021	494.9	0.008	1E-3
10041	496.1	0.008	1E-3
10061	497.4	0.008	1E-3
10081	498.4	0.008	1E-3
10101	499.6	0.008	1E-3
10122	500.7	0.008	1E-3
10146	502.1	0.008	1E-3
10167	503.1	0.008	1E-3
10187	504.2	0.008	1E-3
10207	505.6	0.009	1E-3
10227	506.6	0.009	1E-3
10247	507.7	0.009	1E-3
10267	508.7	0.009	1E-3
10287	509.8	0.009	1E-3
10307	511	0.009	1E-3
10327	512	0.009	1E-3
10347	513.3	0.009	1E-3
10367	514.3	0.009	1E-3
10387	515.5	0.009	1E-3
10407	516.8	0.009	1E-3
10427	517.7	0.009	1E-3
10447	518.7	0.009	1E-3
10467	519.6	0.009	1E-3
10487	520.8	0.009	1E-3
10507	522	0.009	1E-3
10527	523.1	0.009	1E-3
10547	524.1	0.009	1E-3
10567	525.2	0.009	1E-3
10587	526.6	0.009	1E-3
10607	527.3	0.009	1E-3
10627	528.5	0.009	1E-3
10647	529.5	0.009	1E-3
10667	530.6	0.009	1E-3
10687	531.6	0.009	1E-3
10707	533.2	0.01	1E-3
10727	534.1	0.01	1E-3
10747	535.3	0.01	1E-3
10767	536.2	0.01	1E-3
10787	537.4	0.01	1E-3
10807	538.5	0.01	1E-3
10827	539.5	0.01	1E-3
10847	540.8	0.01	1E-3
10867	541.8	0.01	1E-3
10887	542.9	0.01	1E-3
10907	543.7	0.01	1E-3
10927	544.8	0.01	1E-3
10947	546	0.01	1E-3
10967	547.4	0.01	1E-3
10988	548.1	0.01	1E-3
11012	549.9	0.01	1E-3
11032	550.7	0.01	1E-3
11052	551.6	0.01	1E-3
11072	552.8	0.01	1E-3
11092	554	0.01	1E-3
11113	555.3	0.01	1E-3
11133	556.3	0.01	1E-3
11153	557.5	0.01	1E-3
11173	558.4	0.011	1E-3
11193	559.8	0.011	1E-3
11213	560.7	0.011	1E-3
11233	561.7	0.011	1E-3
11253	562.8	0.011	1E-3
11273	563.7	0.011	1E-3
11293	565.1	0.011	1E-3
11313	566.1	0.011	1E-3
11333	567	0.011	1E-3
11353	568	0.011	1E-3
11373	568.9	0.011	1E-3
11393	570.2	0.011	1E-3
11413	570.8	0.011	1E-3
11433	572.1	0.011	1E-3
11453	573.3	0.011	1E-3
11473	574.5	0.011	1E-3
11493	575.2	0.011	1E-3
11513	576.3	0.011	1E-3
11533	577.7	0.011	1E-3
11553	578.9	0.011	1E-3
11573	579.6	0.011	1E-3
11593	581.2	0.011	1E-3
11613	581.9	0.011	1E-3
11633	582.9	0.011	1E-3
11653	584.3	0.011	1E-3
11673	585.4	0.011	1E-3
11693	586.3	0.012	1E-3
11713	587.3	0.012	1E-3
11733	588.5	0.012	1E-3
11753	589.6	0.012	1E-3
11773	590.6	0.012	1E-3
11793	591.3	0.012	1E-3
11813	592.5	0.012	1E-3
11833	593.6	0.012	1E-3
11853	594.8	0.012	1E-3
11873	595.7	0.012	1E-3
11893	596.8	0.012	1E-3
11914	598	0.012	1E-3
11938	599.2	0.012	1E-3
11958	600.3	0.012	1E-3
11978	601.5	0.012	1E-3
11999	602.5	0.012	1E-3
12019	603.6	0.012	1E-3
12039	604.5	0.012	1E-3
12059	605.7	0.012	1E-3
12079	606.7	0.012	1E-3
12099	607.8	0.012	1E-3
12119	608.8	0.012	1E-3
12139	610	0.012	1E-3
12159	610.9	0.012	1E-3
12179	612	0.012	1E-3
12199	613.2	0.012	1E-3
12219	614.2	0.012	1E-3
12239	615.1	0.012	1E-3
12259	616.2	0.012	1E-3
12279	617.2	0.013	1E-3
12299	618.1	0.013	1E-3
12319	619.3	0.013	1E-3
12339	620.2	0.013	1E-3
12359	621.1	0.013	1E-3
12379	622.5	0.013	1E-3
12399	623.5	0.013	1E-3
12419	624.6	0.013	1E-3
12439	625.8	0.013	1E-3
12459	626.7	0.013	1E-3
12479	627.9	0.013	1E-3
12499	628.9	0.013	1E-3
12519	630	0.013	1E-3
12539	631.2	0.013	1E-3
12559	632.3	0.013	1E-3
12579	633.3	0.013	1E-3
12599	634.4	0.013	1E-3
12619	635.4	0.013	1E-3
12639	636.5	0.013	1E-3
12659	637.5	0.013	1E-3
12679	638.4	0.013	1E-3
12699	639.3	0.013	1E-3
12719	640.7	0.013	1E-3
12739	641.7	0.013	1E-3
12759	642.6	0.013	1E-3
12779	643.7	0.013	1E-3
12799	644.7	0.013	1E-3
12819	645.8	0.013	1E-3
12839	646.8	0.013	1E-3
12859	647.9	0.013	1E-3
12879	648.9	0.013	1E-3
12899	650	0.014	1E-3
12919	651.2	0.014	1E-3
12939	652.4	0.014	1E-3
12959	653.3	0.014	1E-3
12979	654.5	0.014	1E-3
12999	655.5	0.014	1E-3
13020	656.4	0.014	1E-3
13044	658	0.014	1E-3
13064	659	0.014	1E-3
13084	659.9	0.014	1E-3
13104	661	0.014	1E-3
13125	662	0.014	1E-3
13145	662.9	0.014	1E-3
13165	663.9	0.014	1E-3
13185	664.8	0.014	1E-3
13205	665.9	0.014	1E-3
13225	666.9	0.014	1E-3
13245	668	0.014	1E-3
13265	669.2	0.014	1E-3
13285	670.1	0.014	1E-3
13305	671.1	0.014	1E-3
13325	672.2	0.014	1E-3
13345	673.2	0.014	1E-3
13365	674.3	0.014	1E-3
13385	675.3	0.014	1E-3
13405	676.4	0.014	1E-3
13425	677.4	0.014	1E-3
13445	678.5	0.014	1E-3
13465	679.7	0.014	1E-3
13485	680.4	0.014	1E-3
13505	681.6	0.014	1E-3
13525	682.5	0.014	1E-3
13545	683.6	0.014	1E-3
13565	684.8	0.014	1E-3
13585	685.8	0.014	1E-3
13605	686.7	0.014	1E-3
13625	687.6	0.014	1E-3
13645	688.8	0.014	1E-3
13665	689.5	0.014	1E-3
13685	690.5	0.014	1E-3
13705	691.6	0.014	1E-3
13725	692.7	0.014	1E-3
13745	693.9	0.014	1E-3
13765	694.9	0.014	1E-3
13785	696	0.014	1E-3
13805	697	0.014	1E-3
13825	698.1	0.014	1E-3
13845	699.1	0.014	1E-3
13865	700	0.014	1E-3
13885	701.4	0.014	1E-3
13905	702.3	0.014	1E-3
13925	703.3	0.014	1E-3
13945	704.4	0.014	1E-3
13965	705.4	0.014	1E-3
13985	706.3	0.014	1E-3
14005	707.2	0.014	1E-3
14025	708.2	0.014	1E-3
14045	709.5	0.014	1E-3
14065	710.3	0.014	1E-3
14085	711.4	0.014	1E-3
14105	712.1	0.014	1E-3
14125	713.3	0.014	1E-3
14145	714	0.014	1E-3
14165	715	0.014	1E-3
14185	716.3	0.014	1E-3
14205	717.1	0.014	1E-3
14225	718.5	0.014	1E-3
14245	719.4	0.014	1E-3
14265	720.3	0.014	1E-3
14285	721.5	0.014	1E-3
14305	722.4	0.014	1E-3
14325	723.5	0.014	1E-3
14345	724.7	0.014	1E-3
14365	725.5	0.014	1E-3
14385	726.6	0.014	1E-3
14406	727.7	0.014	1E-3
14426	728.9	0.014	1E-3
14446	729.6	0.014	1E-3
14466	730.8	0.014	1E-3
14486	732	0.014	1E-3
14506	733.1	0.014	1E-3
14526	733.9	0.014	1E-3
14546	734.6	0.014	1E-3
14566	735.9	0.014	1E-3
14586	736.7	0.014	1E-3
14606	737.6	0.014	1E-3
14626	738.5	0.014	1E-3
14646	739.5	0.014	1E-3
14666	740.8	0.014	1E-3
14686	741.7	0.014	1E-3
14706	742.9	0.014	1E-3
14726	743.8	0.014	1E-3
14746	744.8	0.014	1E-3
14766	745.7	0.014	1E-3
14786	746.7	0.014	1E-3
14806	748	0.014	1E-3
14826	748.8	0.014	1E-3
14846	749.9	0.014	1E-3
14866	750.9	0.014	1E-3
14886	752	0.014	1E-3
14906	753.4	0.014	1E-3
14926	754.1	0.014	1E-3
14946	755.3	0.014	1E-3
14966	756.4	0.014	1E-3
14986	757	0.014	1E-3
15006	758.3	0.014	1E-3
15026	759.2	0.014	1E-3
15046	760.2	0.014	1E-3
15066	761.3	0.014	1E-3
15086	762.3	0.014	1E-3
15106	763.3	0.014	1E-3
15126	764.6	0.014	1E-3
15146	765.5	0.014	1E-3
15166	766.7	0.014	1E-3
15186	767.7	0.014	1E-3
15206	768.4	0.014	1E-3
15226	769.5	0.014	1E-3
15246	770.3	0.014	1E-3
15266	771.2	0.014	1E-3
15286	772.5	0.014	1E-3
15306	773.7	0.014	1E-3
15326	774.4	0.014	1E-3
15346	775.6	0.014	1E-3
15366	776.7	0.014	1E-3
15386	777.3	0.014	1E-3
15406	778.6	0.014	1E-3
15426	779.3	0.014	1E-3
15446	780.5	0.014	1E-3
15467	781.5	0.014	1E-3
15487	782.4	0.014	1E-3
15507	783.1	0.014	1E-3
15527	784.3	0.014	1E-3
15547	785.2	0.014	1E-3
15567	786.3	0.014	1E-3
15587	787.1	0.014	1E-3
15607	788.4	0.014	1E-3
15627	789.4	0.014	1E-3
15647	790.5	0.014	1E-3
15667	791.4	0.014	1E-3
15687	792.4	0.014	1E-3
15707	793.3	0.014	1E-3
15727	794.5	0.014	1E-3
15747	795.5	0.014	1E-3
15767	796.4	0.014	1E-3
15787	797.5	0.014	1E-3
15807	798.5	0.014	1E-3
15827	799.6	0.014	1E-3
15847	800.6	0.014	1E-3
15867	801.5	0.014	1E-3
15887	802.6	0.014	1E-3
15907	803.6	0.014	1E-3
15927	804.8	0.014	1E-3
15947	805.5	0.014	1E-3
15967	806.6	0.014	1E-3
15987	807.3	0.014	1E-3
16007	808.3	0.014	1E-3
16027	809.4	0.014	1E-3
16047	810.4	0.014	1E-3
16067	811.5	0.014	1E-3
16087	812.7	0.014	1E-3
16107	813.6	0.014	1E-3
16127	814.6	0.014	1E-3
16147	815.5	0.014	1E-3
16167	816.4	0.014	1E-3
16187	817.6	0.014	1E-3
16207	818.6	0.013	1E-3
16227	819.5	0.013	1E-3
16247	820.6	0.013	1E-3
16267	821.4	0.013	1E-3
16287	822.5	0.013	1E-3
16307	823.5	0.013	1E-3
16327	824.8	0.013	1E-3
16347	825.7	0.013	1E-3
16367	826.5	0.013	1E-3
16387	827.8	0.013	1E-3
16407	828.6	0.013	1E-3
16427	829.7	0.013	1E-3
16447	830.5	0.013	1E-3
16467	831.6	0.013	1E-3
16487	832.5	0.013	1E-3
16507	833.5	0.012	1E-3
16527	834.6	0.012	1E-3
16547	835.6	0.012	1E-3
16567	836.5	0.012	1E-3
16587	837.5	0.012	1E-3
16607	838.4	0.012	1E-3
16627	839.6	0.012	1E-3
16647	840.7	0.012	1E-3
16667	841.7	0.012	1E-3
16687	842.6	0.012	1E-3
16707	843.9	0.012	1E-3
16727	844.5	0.012	1E-3
16747	845.6	0.012	1E-3
16767	846.7	0.011	1E-3
16787	847.7	0.011	1E-3
16807	848.6	0.011	1E-3
16827	849.6	0.011	1E-3
16847	850.7	0.011	1E-3
16868	851.7	0.011	1E-3
16888	852.6	0.011	1E-3
16908	853.7	0.011	1E-3
16928	854.5	0.011	1E-3
16948	855.6	0.011	1E-3
16968	856.8	0.01	1E-3
16988	857.5	0.01	1E-3
17008	858.7	0.01	1E-3
17028	859.6	0.01	1E-3
17048	860.7	0.01	1E-3
17068	861.7	0.01	1E-3
17088	862.6	0.01	1E-3
17108	863.8	0.01	1E-3
17128	864.8	0.009	1E-3
17148	865.7	0.009	1E-3
17168	866.8	0.009	1E-3
17188	867.7	0.009	1E-3
17208	868.9	0.009	1E-3
17228	869.9	0.009	1E-3
17248	871	0.009	1E-3
17268	871.8	0.009	1E-3
17288	873.1	0.008	1E-3
17308	874	0.008	1E-3
17328	875.2	0.008	1E-3
17348	876.2	0.008	1E-3
17368	876.9	0.008	1E-3
17388	878	0.008	1E-3
17408	878.7	0.008	1E-3
17428	879.9	0.007	1E-3
17448	880.8	0.007	1E-3
17468	881.8	0.007	1E-3
17488	883	0.007	1E-3
17508	883.8	0.007	1E-3
17528	885	0.006	1E-3
17548	886	0.006	1E-3
17568	886.9	0.006	1E-3
17588	887.8	0.006	1E-3
17608	889	0.005	1E-3
17628	889.7	0.005	1E-3
17648	891.1	0.005	1E-3
17668	892	0.005	1E-3
17688	893	0.004	1E-3
17708	893.7	0.004	1E-3
17728	894.9	0.004	1E-3
17748	896	0.003	1E-3
17768	897	0.003	1E-3
17788	898.1	0.003	1E-3
17808	899	0.002	1E-3
17828	900	0.002	1E-3
17848	900.9	0.002	1E-3
17868	901.8	1E-3	1E-3
17888	903	1E-3	1E-3
17908	904.1	1E-3	1E-3
17928	904.8	0	1E-3
17948	906	0	1E-3
17968	907	-1E-3	1E-3
17988	908.1	-1E-3	1E-3
18008	909	-1E-3	1E-3
18028	910	-0.002	1E-3
18048	910.9	-0.002	1E-3
18068	911.9	-0.002	1E-3
18088	913	-0.003	1E-3
18108	914	-0.003	1E-3
18128	915.1	-0.003	1E-3
18148	916	-0.004	1E-3
18169	917.2	-0.004	1E-3
18194	918.4	-0.005	1E-3
18214	919.3	-0.005	1E-3
18234	920.1	-0.005	1E-3
18254	921.4	-0.006	1E-3
18274	922.3	-0.006	1E-3
18294	923.1	-0.007	1E-3
18314	924.2	-0.008	1E-3
18334	925.2	-0.008	1E-3
18354	926.3	-0.009	1E-3
18374	927.2	-0.01	1E-3
18394	928.2	-0.01	1E-3
18414	929.1	-0.011	1E-3
18434	929.9	-0.011	1E-3
18454	931.2	-0.012	1E-3
18474	932	-0.013	1E-3
18494	933.1	-0.013	1E-3
18514	934.2	-0.014	1E-3
18534	935.2	-0.014	1E-3
18554	936.3	-0.015	1E-3
18574	937.1	-0.016	1E-3
18594	938.3	-0.016	1E-3
18614	939.2	-0.017	1E-3
18634	940.3	-0.018	1E-3
18654	941.2	-0.019	1E-3
18674	942.2	-0.019	1E-3
18694	943.1	-0.02	1E-3
18714	944.3	-0.021	1E-3
18734	945.3	-0.022	1E-3
18754	946.4	-0.022	1E-3
18774	947.5	-0.023	1E-3
18794	948.2	-0.024	1E-3
18814	949.4	-0.025	1E-3
18834	950.6	-0.026	1E-3
18854	951.5	-0.027	1E-3
18874	952.3	-0.028	1E-3
18894	953.4	-0.029	1E-3
18914	954.5	-0.03	1E-3
18934	955.7	-0.031	1E-3
18954	956.4	-0.032	1E-3
18975	957.6	-0.032	1E-3
18995	958.8	-0.033	1E-3
19015	959.7	-0.034	1E-3
19035	960.6	-0.035	1E-3
19055	961.4	-0.036	1E-3
19075	962.5	-0.037	1E-3
19095	963.7	-0.039	1E-3
19115	964.6	-0.04	1E-3
19135	965.5	-0.041	1E-3
19155	966.5	-0.042	1E-3
19175	967.4	-0.043	1E-3
19195	968.4	-0.044	1E-3
19215	969.5	-0.045	1E-3
19235	970.5	-0.046	1E-3
19255	971.6	-0.047	1E-3
19275	972.5	-0.049	1E-3
19295	973.5	-0.05	1E-3
19315	974.6	-0.051	1E-3
19335	975.8	-0.052	1E-3
19355	976.8	-0.054	1E-3
19375	977.7	-0.055	1E-3
19395	978.9	-0.056	1E-3
19415	980	-0.057	1E-3
19435	980.9	-0.059	1E-3
19455	982.1	-0.06	1E-3
19475	983	-0.061	1E-3
19495	983.9	-0.063	1E-3
19515	984.9	-0.064	1E-3
19535	986.1	-0.065	1E-3
19555	987	-0.067	1E-3
19575	988	-0.069	1E-3
19595	988.9	-0.07	1E-3
19615	989.8	-0.072	1E-3
19635	990.9	-0.073	1E-3
19655	991.7	-0.074	1E-3
19675	993	-0.076	1E-3
19695	994	-0.078	1E-3
19715	995	-0.08	1E-3
19735	995.9	-0.081	1E-3
19755	997	-0.082	1E-3
19775	998	-0.084	1E-3
19795	999.1	-0.085	1E-3
19815	999.9	-0.087	1E-3
19835	1001	-0.089	1E-3
19855	1001.9	-0.091	1E-3
19875	1003.1	-0.092	1E-3
19895	1004	-0.094	1E-3
19915	1005.2	-0.096	1E-3
19936	1006.1	-0.098	1E-3
19960	1007.5	-0.1	1E-3
19980	1008.4	-0.102	1E-3
20000	1009.4	-0.103	1E-3
20020	1010.5	-0.105	1E-3
20040	1011.3	-0.107	1E-3
20061	1012.4	-0.11	1E-3
20081	1013.3	-0.111	1E-3
20101	1014.1	-0.113	1E-3
20121	1015.2	-0.115	1E-3
20141	1016.1	-0.117	1E-3
20161	1017.3	-0.119	1E-3
20181	1018.3	-0.121	1E-3
20201	1019.2	-0.123	1E-3
20221	1020.3	-0.125	1E-3
20241	1021.3	-0.127	1E-3
20261	1022.3	-0.129	1E-3
20281	1023.2	-0.132	1E-3
20301	1024.3	-0.134	1E-3
20321	1025.3	-0.136	1E-3
20341	1026.4	-0.138	1E-3
20361	1027.4	-0.14	1E-3
20381	1028.3	-0.142	1E-3
20401	1029.7	-0.144	1E-3
20421	1030.6	-0.147	1E-3
20441	1031.4	-0.149	1E-3
20461	1032.2	-0.152	1E-3
20481	1033	-0.154	1E-3
20501	1034.4	-0.156	1E-3
20521	1035.3	-0.159	1E-3
20541	1036	-0.161	1E-3
20561	1037.2	-0.163	1E-3
20581	1038.3	-0.165	1E-3
20601	1039.5	-0.168	1E-3
20621	1040.4	-0.171	1E-3
20641	1041.4	-0.173	1E-3
20661	1042.5	-0.176	1E-3
20681	1043.3	-0.178	1E-3
20701	1044.6	-0.181	1E-3
20721	1045.5	-0.183	1E-3
20741	1046.7	-0.186	1E-3
20761	1047.6	-0.189	1E-3
20781	1048.6	-0.192	1E-3
20801	1049.7	-0.194	1E-3
20821	1050.5	-0.197	1E-3
20841	1051.6	-0.2	1E-3
20861	1052.3	-0.202	1E-3
20881	1053.3	-0.204	1E-3
20901	1054.4	-0.207	1E-3
20921	1055.4	-0.21	1E-3
20941	1056.5	-0.213	1E-3
20961	1057.7	-0.216	1E-3
20981	1058.8	-0.219	1E-3
21001	1059.8	-0.221	1E-3
21021	1060.7	-0.224	1E-3
21041	1061.7	-0.227	1E-3
21061	1062.8	-0.231	1E-3
21081	1063.8	-0.233	1E-3
21101	1065.1	-0.236	1E-3
21121	1065.9	-0.239	1E-3
21141	1067.2	-0.242	1E-3
21162	1068.2	-0.245	1E-3
21182	1069.1	-0.248	1E-3
21202	1070.1	-0.251	1E-3
21222	1071.2	-0.254	1E-3
21242	1072	-0.258	1E-3
21262	1073.1	-0.261	1E-3
21282	1074.2	-0.264	1E-3
21302	1075.2	-0.267	1E-3
21322	1076.1	-0.271	1E-3
21342	1077.1	-0.273	1E-3
21362	1078	-0.277	1E-3
21382	1078.9	-0.281	1E-3
21402	1079.9	-0.283	1E-3
21422	1081	-0.286	1E-3
21442	1081.8	-0.29	1E-3
21462	1082.9	-0.293	1E-3
21482	1083.9	-0.297	1E-3
21502	1085	-0.3	1E-3
21522	1086.4	-0.303	1E-3
21542	1087.3	-0.307	1E-3
21562	1088.3	-0.311	1E-3
21582	1089.4	-0.314	1E-3
21602	1090.3	-0.318	1E-3
21622	1091.3	-0.321	1E-3
21642	1092.2	-0.324	1E-3
21662	1093.4	-0.328	1E-3
21682	1094.3	-0.332	1E-3
21702	1095.3	-0.336	1E-3
21722	1096.4	-0.339	1E-3
21742	1097.4	-0.343	1E-3
21762	1098.5	-0.347	1E-3
21782	1099.5	-0.351	1E-3
21802	1100.4	-0.354	1E-3
21822	1101.3	-0.358	1E-3
21842	1102.3	-0.362	1E-3
21862	1103.4	-0.365	1E-3
21882	1104.3	-0.369	1E-3
21902	1105.1	-0.373	1E-3
21922	1106.2	-0.377	1E-3
21942	1107.4	-0.381	1E-3
21962	1108.3	-0.385	1E-3
21982	1109.2	-0.389	1E-3
22002	1110.4	-0.393	1E-3
22022	1111.4	-0.398	1E-3
22042	1112.7	-0.402	1E-3
22062	1113.7	-0.405	1E-3
22082	1114.6	-0.409	1E-3
22102	1115.6	-0.414	1E-3
22122	1116.7	-0.418	1E-3
22142	1117.5	-0.422	1E-3
22162	1118.8	-0.426	1E-3
22182	1119.7	-0.431	1E-3
22202	1120.7	-0.435	1E-3
22222	1121.2	-0.44	1E-3
22242	1122.3	-0.443	1E-3
22262	1123.2	-0.447	1E-3
22282	1124.4	-0.452	1E-3
22303	1125.4	-0.456	1E-3
22323	1126.5	-0.461	1E-3
22343	1127.5	-0.465	1E-3
22363	1128.6	-0.47	1E-3
22383	1129.6	-0.474	1E-3
22403	1130.7	-0.479	1E-3
22423	1131.7	-0.483	1E-3
22443	1132.9	-0.487	1E-3
22463	1134.2	-0.492	1E-3
22483	1135	-0.497	1E-3
22503	1135.9	-0.502	1E-3
22523	1137.2	-0.507	1E-3
22543	1138.2	-0.511	1E-3
22563	1139.2	-0.516	1E-3
22583	1140.1	-0.521	1E-3
22603	1141.2	-0.525	1E-3
22623	1142.1	-0.531	1E-3
22643	1143.1	-0.535	1E-3
22663	1144.3	-0.54	1E-3
22683	1145	-0.545	1E-3
22703	1146.1	-0.55	1E-3
22723	1147.1	-0.555	1E-3
22743	1148.2	-0.56	1E-3
22763	1149.2	-0.564	1E-3
22783	1150.3	-0.57	1E-3
22803	1151.3	-0.574	1E-3
22823	1152.2	-0.58	1E-3
22843	1153.1	-0.584	1E-3
22863	1154.3	-0.59	1E-3
22883	1155.3	-0.594	1E-3
22903	1156.4	-0.6	1E-3
22923	1157.5	-0.604	1E-3
22943	1158.5	-0.61	1E-3
22963	1159.6	-0.615	1E-3
22983	1160.8	-0.62	1E-3
23003	1161.7	-0.625	1E-3
23023	1162.3	-0.63	1E-3
23043	1163.6	-0.635	1E-3
23063	1164.5	-0.641	1E-3
23083	1165.5	-0.645	1E-3
23103	1166.6	-0.651	1E-3
23123	1167.6	-0.656	1E-3
23143	1168.7	-0.661	1E-3
23164	1169.3	-0.667	1E-3
23188	1170.8	-0.673	1E-3
23209	1171.8	-0.678	1E-3
23233	1173	-0.684	1E-3
23253	1174.1	-0.69	1E-3
23274	1175	-0.695	1E-3
23298	1176.4	-0.701	1E-3
23318	1177.4	-0.707	1E-3
23338	1178.6	-0.712	1E-3
23358	1179.3	-0.718	1E-3
23378	1180.4	-0.723	1E-3
23398	1181.6	-0.728	1E-3
23418	1182.5	-0.733	1E-3
23438	1183.5	-0.739	1E-3
23458	1184.6	-0.744	1E-3
23478	1185.8	-0.749	1E-3
23498	1186.8	-0.754	1E-3
23518	1187.4	-0.76	1E-3
23538	1188.3	-0.765	1E-3
23558	1189.3	-0.77	1E-3
23578	1190.5	-0.775	1E-3
23598	1191.2	-0.781	1E-3
23618	1192.6	-0.786	1E-3
23638	1193.3	-0.792	1E-3
23658	1194.6	-0.797	1E-3
23678	1195.6	-0.802	1E-3
23699	1196.7	-0.807	1E-3
23719	1197.3	-0.813	1E-3
23739	1198.8	-0.818	1E-3
23759	1199.5	-0.823	1E-3
23779	1200.9	-0.829	1E-3
23799	1201.9	-0.834	1E-3
23819	1202.9	-0.84	1E-3
23839	1204	-0.845	1E-3
23859	1205.1	-0.85	1E-3
23879	1205.8	-0.855	1E-3
23899	1207.2	-0.861	1E-3
23919	1208.2	-0.866	1E-3
23939	1209.1	-0.872	1E-3
23959	1209.9	-0.877	1E-3
23979	1211	-0.882	1E-3
23999	1212.1	-0.887	1E-3
24019	1212.9	-0.893	1E-3
24039	1213.6	-0.898	1E-3
24059	1215	-0.903	1E-3
24079	1215.9	-0.909	1E-3
24099	1216.9	-0.913	1E-3
24119	1218	-0.919	1E-3
24139	1219.1	-0.924	1E-3
24159	1220.1	-0.929	1E-3
24179	1221.2	-0.934	1E-3
24199	1222.2	-0.94	1E-3
24219	1223.3	-0.945	1E-3
24239	1224.3	-0.951	1E-3
24259	1225.3	-0.955	1E-3
24279	1226.2	-0.961	1E-3
24299	1227.3	-0.965	1E-3
24319	1228.3	-0.971	1E-3
24339	1229.4	-0.976	1E-3
24359	1230.6	-0.981	1E-3
24379	1231.5	-0.987	1E-3
24399	1232.5	-0.992	1E-3
24419	1233.4	-0.997	1E-3
24439	1234.4	-1.002	1E-3
24459	1235.5	-1.006	1E-3
24479	1236.4	-1.012	1E-3
24499	1237.6	-1.017	1E-3
24519	1238.5	-1.022	1E-3
24539	1239.5	-1.027	1E-3
24559	1240.8	-1.032	1E-3
24579	1241.6	-1.037	1E-3
24599	1242.7	-1.042	1E-3
24619	1243.7	-1.047	1E-3
24639	1244.8	-1.052	1E-3
24659	1245.5	-1.057	1E-3
24679	1246.7	-1.062	1E-3
24699	1247.6	-1.067	1E-3
24719	1248.6	-1.072	1E-3
24739	1249.7	-1.077	1E-3
24759	1250.7	-1.082	1E-3
24779	1251.8	-1.086	1E-3
24799	1252.7	-1.091	1E-3
24819	1253.5	-1.096	1E-3
24839	1254.6	-1.101	1E-3
24859	1255.6	-1.105	1E-3
24879	1256.7	-1.111	1E-3
24899	1257.9	-1.115	1E-3
24919	1259	-1.12	1E-3
24939	1259.8	-1.124	1E-3
24959	1260.7	-1.129	1E-3
24980	1261.9	-1.134	1E-3
25004	1263.3	-1.139	1E-3
25024	1264.2	-1.144	1E-3
25044	1265.3	-1.149	1E-3
25064	1266.3	-1.153	1E-3
25084	1267.3	-1.158	1E-3
25104	1268.4	-1.162	1E-3
25124	1269.5	-1.166	1E-3
25144	1270.3	-1.171	1E-3
25164	1271.6	-1.175	1E-3
25184	1272.6	-1.18	1E-3
25204	1273.5	-1.184	1E-3
25224	1274.5	-1.189	1E-3
25245	1275.6	-1.193	1E-3
25265	1276.6	-1.198	1E-3
25285	1277.5	-1.202	1E-3
25305	1278.6	-1.206	1E-3
25325	1279.4	-1.211	1E-3
25345	1280.5	-1.215	1E-3
25365	1281.7	-1.219	1E-3
25385	1282.6	-1.223	1E-3
25405	1283.6	-1.228	1E-3
25425	1284.5	-1.232	1E-3
25445	1285.6	-1.236	1E-3
25465	1286.6	-1.24	1E-3
25485	1287.7	-1.244	1E-3
25505	1288.7	-1.248	1E-3
25525	1289.8	-1.252	1E-3
25545	1290.8	-1.256	1E-3
25565	1291.7	-1.26	1E-3
25585	1292.6	-1.264	1E-3
25605	1293.6	-1.268	1E-3
25625	1294.8	-1.272	1E-3
25645	1295.7	-1.276	1E-3
25665	1296.8	-1.28	1E-3
25685	1297.6	-1.283	1E-3
25705	1298.7	-1.287	1E-3
25725	1299.7	-1.291	1E-3
25745	1300.8	-1.294	1E-3
25765	1301.5	-1.298	1E-3
25785	1302.5	-1.302	1E-3
25805	1303.8	-1.305	1E-3
25825	1304.8	-1.309	1E-3
25845	1305.7	-1.313	1E-3
25865	1306.7	-1.316	1E-3
25885	1307.8	-1.32	1E-3
25905	1309	-1.323	1E-3
25925	1310.1	-1.326	1E-3
25945	1310.9	-1.33	1E-3
25965	1312.3	-1.334	1E-3
25985	1313.2	-1.337	1E-3
26005	1314.3	-1.34	1E-3
26025	1315.1	-1.343	1E-3
26045	1316.3	-1.347	1E-3
26065	1317.4	-1.35	1E-3
26085	1318.3	-1.353	1E-3
26105	1319.3	-1.357	1E-3
26125	1320.2	-1.36	1E-3
26145	1321.3	-1.363	1E-3
26165	1322.1	-1.366	1E-3
26185	1323.3	-1.369	1E-3
26205	1324.2	-1.372	1E-3
26225	1325.3	-1.376	1E-3
26245	1326.2	-1.379	1E-3
26265	1327.2	-1.382	1E-3
26285	1328.4	-1.384	1E-3
26305	1329.3	-1.388	1E-3
26325	1330.2	-1.391	1E-3
26345	1331.4	-1.393	1E-3
26365	1332.3	-1.396	1E-3
26385	1333.3	-1.399	1E-3
26405	1334.4	-1.402	1E-3
26425	1335.3	-1.404	1E-3
26445	1336.3	-1.407	1E-3
26465	1337.3	-1.41	1E-3
26485	1338.4	-1.412	1E-3
26505	1339.3	-1.415	1E-3
26525	1340.2	-1.418	1E-3
26545	1341.4	-1.42	1E-3
26565	1342.2	-1.423	1E-3
26585	1343.5	-1.425	1E-3
26605	1344.3	-1.428	1E-3
26625	1345.4	-1.431	1E-3
26645	1346.3	-1.433	1E-3
26665	1347.3	-1.435	1E-3
26685	1348.4	-1.438	1E-3
26705	1349.4	-1.441	1E-3
26725	1350.3	-1.443	1E-3
26745	1351.5	-1.445	1E-3
26765	1352.4	-1.447	1E-3
26785	1353.6	-1.449	1E-3
26805	1354.5	-1.452	1E-3
26825	1355.7	-1.454	1E-3
26845	1356.4	-1.456	1E-3
26865	1357.5	-1.459	1E-3
26885	1358.7	-1.461	1E-3
26905	1359.7	-1.463	1E-3
26925	1361	-1.465	1E-3
26945	1361.8	-1.467	1E-3
26965	1363.1	-1.469	1E-3
26985	1363.8	-1.471	1E-3
27005	1365	-1.473	1E-3
27025	1365.9	-1.475	1E-3
27045	1366.7	-1.477	1E-3
27065	1367.6	-1.479	1E-3
27085	1368.9	-1.481	1E-3
27105	1369.7	-1.483	1E-3
27125	1370.8	-1.484	1E-3
27145	1371.8	-1.486	1E-3
27165	1372.9	-1.488	1E-3
27185	1373.9	-1.49	1E-3
27205	1375	-1.492	1E-3
27225	1375.9	-1.494	1E-3
27245	1376.9	-1.495	1E-3
27265	1377.8	-1.497	1E-3
27285	1378.8	-1.499	1E-3
27305	1379.9	-1.501	1E-3
27325	1380.9	-1.502	1E-3
27345	1381.8	-1.504	1E-3
27365	1383	-1.505	1E-3
27385	1383.9	-1.507	1E-3
27405	1384.8	-1.509	1E-3
27425	1385.8	-1.511	1E-3
27445	1386.9	-1.512	1E-3
27465	1387.8	-1.513	1E-3
27485	1388.8	-1.515	1E-3
27505	1389.8	-1.516	1E-3
27525	1390.7	-1.518	1E-3
27545	1391.8	-1.52	1E-3
27565	1392.7	-1.521	1E-3
27585	1393.7	-1.522	1E-3
27605	1394.8	-1.523	1E-3
27660	1388.3	-1.529	1E-3
27680	1393.4	-1.528	1E-3
27700	1394.8	-1.529	1E-3
27720	1394.2	-1.531	1E-3
27740	1393.4	-1.533	1E-3
27760	1391.3	-1.534	1E-3
27780	1389.5	-1.535	1E-3
27800	1387.4	-1.536	1E-3
27820	1384.3	-1.537	1E-3
27840	1381.6	-1.538	1E-3
27860	1378.3	-1.539	1E-3
27880	1375.3	-1.54	1E-3
27900	1372	-1.541	1E-3
27920	1368.9	-1.541	1E-3
27941	1366	-1.542	1E-3
27961	1362.5	-1.542	1E-3
27981	1359.2	-1.543	1E-3
28001	1355.9	-1.543	1E-3
28021	1352.6	-1.544	1E-3
28041	1349.3	-1.544	1E-3
28061	1346.1	-1.545	1E-3
28081	1342.9	-1.545	1E-3
28101	1339.8	-1.546	1E-3
28121	1336.5	-1.546	1E-3
28141	1333	-1.547	1E-3
28161	1329.8	-1.547	1E-3
28181	1326.5	-1.548	1E-3
28201	1323.3	-1.548	1E-3
28221	1320.2	-1.548	1E-3
28241	1316.9	-1.549	1E-3
28261	1313.5	-1.549	1E-3
28281	1310.2	-1.549	1E-3
28301	1306.9	-1.55	1E-3
28321	1303.8	-1.55	1E-3
28341	1300.8	-1.55	1E-3
28361	1297.4	-1.551	1E-3
28381	1294.1	-1.551	1E-3
28401	1290.8	-1.551	1E-3
28421	1287.7	-1.551	1E-3
28441	1284.3	-1.551	1E-3
28461	1280.8	-1.552	1E-3
28481	1278	-1.552	1E-3
28501	1274.9	-1.552	1E-3
28521	1271.6	-1.552	1E-3
28541	1268.6	-1.553	1E-3
28561	1265.1	-1.553	1E-3
28581	1261.7	-1.553	1E-3
28601	1258.3	-1.553	1E-3
28621	1255.1	-1.553	1E-3
28641	1251.9	-1.554	1E-3
28661	1249	-1.554	1E-3
28681	1245.8	-1.554	1E-3
28701	1242.3	-1.554	1E-3
28721	1239.3	-1.555	1E-3
28741	1236	-1.555	1E-3
28761	1232.5	-1.555	1E-3
28781	1229.6	-1.555	1E-3
28801	1226.6	-1.556	1E-3
28821	1223.3	-1.556	1E-3
28841	1219.8	-1.556	1E-3
28861	1216.6	-1.556	1E-3
28881	1213.6	-1.557	1E-3
28901	1210.3	-1.557	1E-3
28921	1207.7	-1.557	1E-3
28941	1204.2	-1.557	1E-3
28961	1201.2	-1.558	1E-3
28981	1197.9	-1.558	1E-3
29001	1194.6	-1.558	1E-3
29021	1191.2	-1.559	1E-3
29041	1188.1	-1.559	1E-3
29061	1185.1	-1.559	1E-3
29081	1181.8	-1.559	1E-3
29101	1178.4	-1.56	1E-3
29121	1175.3	-1.56	1E-3
29141	1172	-1.56	1E-3
29161	1168.7	-1.56	1E-3
29181	1165.7	-1.56	1E-3
29201	1162.3	-1.561	1E-3
29221	1159.2	-1.561	1E-3
29241	1155.9	-1.561	1E-3
29261	1152.9	-1.561	1E-3
29281	1149.6	-1.561	1E-3
29301	1146.4	-1.562	1E-3
29321	1143.4	-1.562	1E-3
29341	1140.3	-1.562	1E-3
29361	1137	-1.562	1E-3
29381	1133.8	-1.562	1E-3
29401	1130.5	-1.562	1E-3
29421	1127.2	-1.563	1E-3
29441	1124.2	-1.563	1E-3
29461	1121.2	-1.563	1E-3
29481	1118.1	-1.563	1E-3
29501	1114.8	-1.564	1E-3
29521	1111.6	-1.564	1E-3
29541	1108.3	-1.564	1E-3
29561	1105.1	-1.564	1E-3
29581	1101.8	-1.564	1E-3
29601	1098.7	-1.564	1E-3
29621	1095.7	-1.565	1E-3
29641	1092.2	-1.565	1E-3
29661	1089.2	-1.565	1E-3
29681	1085.9	-1.565	1E-3
29701	1082.6	-1.565	1E-3
29721	1079.4	-1.566	1E-3
29741	1076.3	-1.566	1E-3
29761	1073.1	-1.566	1E-3
29781	1070.3	-1.566	1E-3
29801	1067	-1.567	1E-3
29821	1063.5	-1.567	1E-3
29841	1060.3	-1.567	1E-3
29861	1057.2	-1.567	1E-3
29881	1054	-1.568	1E-3
29901	1051.1	-1.568	1E-3
29921	1047.7	-1.568	1E-3
29941	1044.6	-1.568	1E-3
29961	1041.4	-1.568	1E-3
29981	1038.1	-1.569	1E-3
30001	1034.9	-1.569	1E-3
30021	1031.6	-1.569	1E-3
30041	1028.8	-1.57	1E-3
30061	1025.5	-1.57	1E-3
30081	1022.2	-1.57	1E-3
30101	1019.2	-1.57	1E-3
30121	1016.1	-1.57	1E-3
30141	1012.9	-1.571	1E-3
30161	1009.8	-1.571	1E-3
30181	1006.8	-1.571	1E-3
30201	1003.6	-1.571	1E-3
30221	1000.5	-1.571	1E-3
30241	997.3	-1.572	1E-3
30261	994	-1.572	1E-3
30281	991	-1.572	1E-3
30301	987.9	-1.572	1E-3
30321	984.7	-1.573	1E-3
30341	981.6	-1.573	1E-3
30361	978.3	-1.573	1E-3
30381	975.1	-1.573	1E-3
30401	971.8	-1.573	1E-3
30421	968.6	-1.574	1E-3
30441	965.5	-1.574	1E-3
30461	962.5	-1.574	1E-3
30481	959.4	-1.574	1E-3
30501	956.2	-1.574	1E-3
30521	952.9	-1.575	1E-3
30541	949.7	-1.575	1E-3
30561	946.6	-1.575	1E-3
30581	943.4	-1.575	1E-3
30601	940.5	-1.576	1E-3
30621	937.3	-1.576	1E-3
30641	934	-1.576	1E-3
30661	931	-1.576	1E-3
30681	927.9	-1.576	1E-3
30701	924.3	-1.577	1E-3
30721	921.2	-1.577	1E-3
30741	918.2	-1.577	1E-3
30761	915.1	-1.577	1E-3
30781	912.1	-1.577	1E-3
30801	908.8	-1.578	1E-3
30821	905.6	-1.578	1E-3
30841	902.5	-1.578	1E-3
30861	899.3	-1.578	1E-3
30881	896.2	-1.579	1E-3
30901	893	-1.579	1E-3
30921	890	-1.579	1E-3
30941	887.1	-1.579	1E-3
30961	883.8	-1.579	1E-3
30981	880.8	-1.579	1E-3
31001	877.6	-1.58	1E-3
31021	874.5	-1.58	1E-3
31041	871.1	-1.58	1E-3
31061	868.3	-1.58	1E-3
31081	865.2	-1.58	1E-3
31101	862	-1.581	1E-3
31121	858.7	-1.581	1E-3
31141	855.8	-1.581	1E-3
31161	852.4	-1.581	1E-3
31181	849.3	-1.581	1E-3
31201	846.3	-1.581	1E-3
31221	843.1	-1.582	1E-3
31241	840	-1.582	1E-3
31261	836.7	-1.582	1E-3
31281	833.5	-1.582	1E-3
31301	830.5	-1.582	1E-3
31321	827.4	-1.583	1E-3
31341	824.4	-1.583	1E-3
31361	821.3	-1.583	1E-3
31381	818.3	-1.583	1E-3
31401	815	-1.583	1E-3
31421	811.8	-1.584	1E-3
31441	808.9	-1.584	1E-3
31461	805.7	-1.584	1E-3
31481	803.1	-1.584	1E-3
31501	799.6	-1.584	1E-3
31521	796.4	-1.584	1E-3
31541	793.5	-1.584	1E-3
31561	790.1	-1.584	1E-3
31581	787.1	-1.584	1E-3
31601	784.2	-1.585	1E-3
31621	781.4	-1.585	1E-3
31641	778	-1.585	1E-3
31661	775.3	-1.585	1E-3
31681	771.9	-1.585	1E-3
31701	768.8	-1.586	1E-3
31721	765.8	-1.586	1E-3
31741	762.8	-1.586	1E-3
31761	759.7	-1.586	1E-3
31781	756.7	-1.586	1E-3
31801	753.6	-1.586	1E-3
31821	750.8	-1.587	1E-3
31841	747.3	-1.587	1E-3
31861	744.5	-1.587	1E-3
31881	741.3	-1.587	1E-3
31901	738	-1.588	1E-3
31921	734.8	-1.588	1E-3
31941	732	-1.588	1E-3
31961	729	-1.588	1E-3
31981	726.1	-1.588	1E-3
32001	722.9	-1.588	1E-3
32021	720	-1.588	1E-3
32041	717	-1.589	1E-3
32061	714	-1.589	1E-3
32081	711	-1.589	1E-3
32101	708	-1.589	1E-3
32121	705.4	-1.589	1E-3
32141	702.6	-1.59	1E-3
32161	699.5	-1.59	1E-3
32181	696.9	-1.59	1E-3
32201	693.9	-1.59	1E-3
32221	690.9	-1.59	1E-3
32241	688.1	-1.59	1E-3
32261	685.3	-1.59	1E-3
32281	682.7	-1.591	1E-3
32301	680	-1.591	1E-3
32321	677.3	-1.591	1E-3
32341	674.6	-1.591	1E-3
32361	672	-1.591	1E-3
32381	669.2	-1.591	1E-3
32401	666.6	-1.592	1E-3
32421	663.9	-1.592	1E-3
32441	661.7	-1.592	1E-3
32461	658.9	-1.592	1E-3
32481	656.6	-1.592	1E-3
32501	653.8	-1.592	1E-3
32521	651.4	-1.592	1E-3
32541	648.9	-1.592	1E-3
32561	646.3	-1.593	1E-3
32581	643.5	-1.593	1E-3
32601	641	-1.593	1E-3
32621	638.6	-1.593	1E-3
32641	636.3	-1.593	1E-3
32661	633.9	-1.593	1E-3
32681	631.2	-1.594	1E-3
32701	628.8	-1.594	1E-3
32721	626.3	-1.594	1E-3
32741	623.9	-1.594	1E-3
32761	621.4	-1.594	1E-3
32781	619	-1.594	1E-3
32801	616.5	-1.594	1E-3
32821	614.4	-1.595	1E-3
32841	612.1	-1.595	1E-3
32861	609.7	-1.595	1E-3
32881	607.4	-1.595	1E-3
32901	605.2	-1.595	1E-3
32921	602.7	-1.596	1E-3
32941	600.3	-1.596	1E-3
32961	598	-1.596	1E-3
32981	595.7	-1.596	1E-3
33001	593.4	-1.596	1E-3
33021	591.3	-1.597	1E-3
33041	589.2	-1.597	1E-3
33061	587	-1.597	1E-3
33081	584.7	-1.597	1E-3
33101	582.6	-1.597	1E-3
33121	580.5	-1.598	1E-3
33141	578.2	-1.598	1E-3
33161	575.9	-1.598	1E-3
33181	573.6	-1.598	1E-3
33201	571.5	-1.598	1E-3
33221	569.5	-1.598	1E-3
33241	567.3	-1.599	1E-3
33261	565.4	-1.599	1E-3
33281	563.3	-1.599	1E-3
33301	561.2	-1.599	1E-3
33321	559.1	-1.599	1E-3
33341	557	-1.6	1E-3
33361	554.9	-1.6	1E-3
33381	552.8	-1.6	1E-3
33401	550.5	-1.6	1E-3
33421	548.6	-1.6	1E-3
33441	546.5	-1.6	1E-3
33461	544.4	-1.6	1E-3
33481	542.5	-1.601	1E-3
33501	540.4	-1.601	1E-3
33521	538.5	-1.601	1E-3
33541	536.4	-1.601	1E-3
33561	534.5	-1.601	1E-3
33581	532.3	-1.601	1E-3
33601	530.3	-1.601	1E-3
33621	528.2	-1.601	1E-3
33641	526.2	-1.602	1E-3
33686	521.7	-1.602	1E-3
33706	519.9	-1.602	1E-3
33726	517.8	-1.602	1E-3
33746	516.1	-1.602	1E-3
33766	514.1	-1.602	1E-3
33786	512	-1.602	1E-3
33806	510.1	-1.603	1E-3
33826	508.4	-1.603	1E-3
33846	506.3	-1.603	1E-3
33866	504.3	-1.603	1E-3
33886	502.4	-1.603	1E-3
33906	500.3	-1.603	1E-3
33926	498.6	-1.603	1E-3
33946	496.8	-1.603	1E-3
33966	495.1	-1.604	1E-3
33986	493	-1.604	1E-3
34006	491.2	-1.604	1E-3
34026	489.6	-1.604	1E-3
34046	487.7	-1.604	1E-3
34066	485.8	-1.604	1E-3
34086	484.4	-1.604	1E-3
34106	482.5	-1.604	1E-3
34126	480.5	-1.604	1E-3
34146	478.8	-1.605	1E-3
34166	477.4	-1.605	1E-3
34186	475.3	-1.605	1E-3
34206	473.4	-1.605	1E-3
34226	471.8	-1.605	1E-3
34246	470.1	-1.605	1E-3
34267	468.1	-1.605	1E-3
34287	466.4	-1.605	1E-3
34307	465	-1.606	1E-3
34327	463.2	-1.606	1E-3
34347	461.6	-1.606	1E-3
34367	459.9	-1.606	1E-3
34387	458	-1.606	1E-3
34407	456.4	-1.606	1E-3
34427	454.8	-1.606	1E-3
34447	453.1	-1.606	1E-3
34467	451.3	-1.607	1E-3
34487	449.6	-1.607	1E-3
34507	447.8	-1.607	1E-3
34527	446.3	-1.607	1E-3
34547	444.5	-1.607	1E-3
34567	442.9	-1.607	1E-3
34587	441.4	-1.607	1E-3
34607	439.9	-1.608	1E-3
34627	438.2	-1.608	1E-3
34647	436.6	-1.608	1E-3
34667	434.9	-1.608	1E-3
34687	433.3	-1.608	1E-3
34707	431.6	-1.608	1E-3
34727	429.8	-1.608	1E-3
34747	428.4	-1.608	1E-3
34767	426.6	-1.608	1E-3
34787	424.9	-1.609	1E-3
34807	423.5	-1.609	1E-3
34827	421.8	-1.609	1E-3
34847	420.2	-1.609	1E-3
34867	418.6	-1.609	1E-3
34887	417.2	-1.609	1E-3
34907	415.6	-1.609	1E-3
34927	414.2	-1.61	1E-3
34947	412.6	-1.61	1E-3
34967	411.3	-1.61	1E-3
34987	409.3	-1.61	1E-3
35007	407.8	-1.61	1E-3
35027	406.4	-1.61	1E-3
35047	404.8	-1.61	1E-3
35067	403.2	-1.61	1E-3
35087	401.6	-1.61	1E-3
35107	400.2	-1.611	1E-3
35127	398.7	-1.611	1E-3
35147	397.1	-1.611	1E-3
35167	395.7	-1.611	1E-3
35187	394.1	-1.611	1E-3
35207	392.7	-1.611	1E-3
35227	391.3	-1.611	1E-3
35247	389.9	-1.611	1E-3
35267	388.5	-1.611	1E-3
35287	387.1	-1.611	1E-3
35307	385.5	-1.612	1E-3
35327	384.1	-1.612	1E-3
35347	382.7	-1.612	1E-3
35367	381.2	-1.612	1E-3
35387	379.8	-1.612	1E-3
35407	378.4	-1.612	1E-3
35427	376.8	-1.612	1E-3
35447	375.4	-1.612	1E-3
35467	374.1	-1.613	1E-3
35487	372.6	-1.613	1E-3
35507	371.2	-1.613	1E-3
35527	369.8	-1.613	1E-3
35547	368.5	-1.613	1E-3
35567	367.1	-1.613	1E-3
35587	365.9	-1.613	1E-3
35607	364.7	-1.613	1E-3
35627	363.3	-1.613	1E-3
35647	361.9	-1.613	1E-3
35667	360.5	-1.613	1E-3
35687	359.1	-1.614	1E-3
35707	357.7	-1.614	1E-3
35727	356.5	-1.614	1E-3
35747	355.1	-1.614	1E-3
35767	353.7	-1.614	1E-3
35787	352.4	-1.614	1E-3
35807	351	-1.614	1E-3
35827	349.6	-1.614	1E-3
35847	348.4	-1.614	1E-3
35867	347	-1.614	1E-3
35887	345.6	-1.615	1E-3
35907	344.2	-1.615	1E-3
35927	343	-1.615	1E-3
35947	341.8	-1.615	1E-3
35967	340.5	-1.615	1E-3
35987	339.3	-1.615	1E-3
36007	337.9	-1.615	1E-3
36027	336.5	-1.615	1E-3
36047	335.3	-1.615	1E-3
36067	333.9	-1.616	1E-3
36087	332.7	-1.616	1E-3
36107	331.3	-1.616	1E-3
36127	330.1	-1.616	1E-3
36147	328.6	-1.616	1E-3
36167	327.4	-1.616	1E-3
36187	326.2	-1.616	1E-3
36207	324.8	-1.616	1E-3
36227	323.8	-1.616	1E-3
36247	322.4	-1.616	1E-3
36267	321.1	-1.616	1E-3
36287	319.9	-1.617	1E-3
36307	318.5	-1.617	1E-3
36327	317.5	-1.617	1E-3
36347	316.2	-1.617	1E-3
36368	315.2	-1.617	1E-3
36388	314	-1.617	1E-3
36408	312.7	-1.617	1E-3
36428	311.5	-1.617	1E-3
36448	310.3	-1.617	1E-3
36468	309	-1.618	1E-3
36488	308	-1.618	1E-3
36508	306.8	-1.618	1E-3
36528	305.5	-1.618	1E-3
36548	304.1	-1.618	1E-3
36568	303.1	-1.618	1E-3
36588	301.9	-1.618	1E-3
36608	300.8	-1.618	1E-3
36628	299.4	-1.618	1E-3
36648	298.4	-1.618	1E-3
36668	297.3	-1.619	1E-3
36688	296.1	-1.619	1E-3
36708	294.9	-1.619	1E-3
36728	293.8	-1.619	1E-3
36748	292.8	-1.619	1E-3
36768	291.6	-1.619	1E-3
36788	290.7	-1.619	1E-3
36808	289.8	-1.619	1E-3
36828	288.6	-1.619	1E-3
36848	287.5	-1.619	1E-3
36868	286.5	-1.619	1E-3
36888	285.2	-1.619	1E-3
36908	284	-1.62	1E-3
36928	283	-1.62	1E-3
36948	281.9	-1.62	1E-3
36968	280.9	-1.62	1E-3
36988	279.6	-1.62	1E-3
37008	278.6	-1.62	1E-3
37028	277.6	-1.62	1E-3
37048	276.5	-1.62	1E-3
37068	275.4	-1.62	1E-3
37088	274.6	-1.62	1E-3
37108	273.3	-1.62	1E-3
37128	272.1	-1.621	1E-3
37148	271.4	-1.621	1E-3
37168	270	-1.621	1E-3
37188	268.8	-1.621	1E-3
37208	267.9	-1.621	1E-3
37228	266.9	-1.621	1E-3
37248	265.8	-1.621	1E-3
37268	265.1	-1.621	1E-3
37288	263.9	-1.621	1E-3
37308	262.9	-1.621	1E-3
37328	262	-1.621	1E-3
37348	260.9	-1.621	1E-3
37368	259.7	-1.621	1E-3
37388	258.6	-1.621	1E-3
37408	257.6	-1.621	1E-3
37428	256.5	-1.622	1E-3
37448	255.5	-1.622	1E-3
37468	254.8	-1.622	1E-3
37488	253.4	-1.622	1E-3
37508	252.3	-1.622	1E-3
37528	251.3	-1.622	1E-3
37548	250.3	-1.622	1E-3
37568	249.6	-1.622	1E-3
37588	248.3	-1.622	1E-3
37608	247.3	-1.622	1E-3
37628	246.2	-1.622	1E-3
37649	245.2	-1.622	1E-3
37669	244.5	-1.623	1E-3
37689	243.1	-1.623	1E-3
37709	242.4	-1.623	1E-3
37729	241.3	-1.623	1E-3
37749	240.3	-1.623	1E-3
37769	239.6	-1.623	1E-3
37789	238.3	-1.623	1E-3
37809	237.7	-1.623	1E-3
37829	236.6	-1.623	1E-3
37849	236.1	-1.623	1E-3
37869	234.9	-1.623	1E-3
37889	234.1	-1.623	1E-3
37909	233.1	-1.623	1E-3
37929	232.1	-1.623	1E-3
37949	231	-1.624	1E-3
37969	230.3	-1.624	1E-3
37989	229.4	-1.624	1E-3
38009	228.6	-1.624	1E-3
38029	227.3	-1.624	1E-3
38049	226.3	-1.624	1E-3
38069	225.7	-1.624	1E-3
38089	224.7	-1.624	1E-3
38109	223.7	-1.624	1E-3
38129	222.9	-1.624	1E-3
38149	222.1	-1.624	1E-3
38169	221	-1.624	1E-3
38189	220.1	-1.625	1E-3
38209	219.1	-1.625	1E-3
38229	218.6	-1.625	1E-3
38249	217.5	-1.625	1E-3
38269	216.7	-1.625	1E-3
38289	215.6	-1.625	1E-3
38309	215.1	-1.625	1E-3
38329	214.4	-1.625	1E-3
38349	213.3	-1.625	1E-3
38369	212.3	-1.625	1E-3
38389	211.6	-1.625	1E-3
38409	210.9	-1.625	1E-3
38429	210	-1.626	1E-3
38449	209.5	-1.626	1E-3
38469	208.4	-1.626	1E-3
38489	207.7	-1.626	1E-3
38509	206.8	-1.626	1E-3
38529	206	-1.626	1E-3
38549	205.4	-1.626	1E-3
38569	204.6	-1.626	1E-3
38589	203.7	-1.626	1E-3
38609	202.8	-1.626	1E-3
38629	201.9	-1.626	1E-3
38649	201.1	-1.626	1E-3
38669	200.4	-1.626	1E-3
38689	199.7	-1.627	1E-3
38709	198.5	-1.627	1E-3
38729	197.8	-1.627	1E-3
38749	196.9	-1.627	1E-3
38769	196.5	-1.627	1E-3
38789	195.1	-1.627	1E-3
38809	194.1	-1.627	1E-3
38829	193.6	-1.627	1E-3
38849	192.7	-1.627	1E-3
38869	191.6	-1.627	1E-3
38889	191.3	-1.627	1E-3
38909	190.6	-1.627	1E-3
38929	189.3	-1.627	1E-3
38949	189	-1.627	1E-3
38969	187.8	-1.627	1E-3
38989	187.1	-1.628	1E-3
39009	186.2	-1.628	1E-3
39029	185.3	-1.628	1E-3
39049	185.2	-1.628	1E-3
39069	184.6	-1.628	1E-3
39089	183.2	-1.628	1E-3
39109	182.7	-1.628	1E-3
39129	181.8	-1.628	1E-3
39149	181.3	-1.628	1E-3
39169	180.9	-1.628	1E-3
39189	179.7	-1.628	1E-3
39209	179.2	-1.628	1E-3
39229	178.3	-1.628	1E-3
39249	177.6	-1.628	1E-3
39269	177.1	-1.629	1E-3
39289	176.4	-1.629	1E-3
39309	175.4	-1.629	1E-3
39329	175	-1.629	1E-3
39349	174.3	-1.629	1E-3
39369	173.8	-1.629	1E-3
39389	172.9	-1.629	1E-3
39409	172	-1.629	1E-3
39429	171.5	-1.629	1E-3
39449	170.6	-1.629	1E-3
39469	169.7	-1.629	1E-3
39489	169.2	-1.629	1E-3
39509	168.3	-1.629	1E-3
39530	167.8	-1.629	1E-3
39554	166.9	-1.63	1E-3
39574	166.1	-1.63	1E-3
39594	165.7	-1.63	1E-3
39614	164.7	-1.63	1E-3
39635	164.3	-1.63	1E-3
39655	163.4	-1.63	1E-3
39675	163.1	-1.63	1E-3
39695	162.4	-1.63	1E-3
39715	161.7	-1.63	1E-3
39735	161	-1.631	1E-3
39755	160.1	-1.631	1E-3
39775	159.6	-1.631	1E-3
39795	158.9	-1.631	1E-3
39815	158.2	-1.631	1E-3
39835	157.3	-1.631	1E-3
39855	157.1	-1.632	1E-3
39875	156.6	-1.632	1E-3
39895	155.7	-1.632	1E-3
39915	155.4	-1.632	1E-3
39935	154.7	-1.632	1E-3
39955	154	-1.632	1E-3
39975	153.8	-1.632	1E-3
39995	152.8	-1.632	1E-3
40015	152.4	-1.632	1E-3
40035	151.7	-1.632	1E-3
40055	151.4	-1.632	1E-3
40075	150.8	-1.632	1E-3
40095	149.8	-1.632	1E-3
40115	149.6	-1.633	1E-3
40135	148.8	-1.633	1E-3
40155	148.2	-1.633	1E-3
40175	147.4	-1.633	1E-3
40195	147	-1.633	1E-3
40215	146.5	-1.633	1E-3
40235	146	-1.633	1E-3
40255	145.4	-1.633	1E-3
40275	144.4	-1.633	1E-3
40295	143.9	-1.633	1E-3
40315	143.3	-1.633	1E-3
40335	142.6	-1.633	1E-3
40355	142.1	-1.633	1E-3
40375	141.4	-1.633	1E-3
40395	140.9	-1.633	1E-3
40415	140.5	-1.633	1E-3
40435	139.8	-1.633	1E-3
40455	139	-1.633	1E-3
40475	138.4	-1.633	1E-3
40495	137.7	-1.633	1E-3
40515	137.6	-1.633	1E-3
40535	136.7	-1.633	1E-3
40555	136.5	-1.633	1E-3
40575	135.8	-1.633	1E-3
40595	134.9	-1.633	1E-3
40615	134.6	-1.633	1E-3
40635	134.2	-1.633	1E-3
40655	133.9	-1.633	1E-3
40675	133	-1.633	1E-3
40695	132.5	-1.633	1E-3
40715	132.1	-1.633	1E-3
40735	131.4	-1.633	1E-3
40755	130.7	-1.633	1E-3
40775	130.4	-1.633	1E-3
40795	129.7	-1.633	1E-3
40815	129	-1.633	1E-3
40835	128.4	-1.633	1E-3
40855	127.9	-1.633	1E-3
40875	127.8	-1.633	1E-3
40895	127.2	-1.633	1E-3
40915	126.9	-1.633	1E-3
40936	126.2	-1.633	1E-3
40956	125.7	-1.633	1E-3
40976	125	-1.633	1E-3
40996	125	-1.633	1E-3
41016	124.4	-1.633	1E-3
41036	123.7	-1.633	1E-3
41056	123	-1.633	1E-3
41076	122.8	-1.633	1E-3
41096	122.7	-1.633	1E-3
41116	122	-1.633	1E-3
41136	121.6	-1.633	1E-3
41156	120.9	-1.633	1E-3
41176	120.8	-1.633	1E-3
41196	120.2	-1.633	1E-3
41216	119.7	-1.633	1E-3
41236	119.3	-1.633	1E-3
41256	118.8	-1.633	1E-3
41276	118.5	-1.633	1E-3
41296	118.1	-1.633	1E-3
41316	117.4	-1.633	1E-3
41336	116.9	-1.633	1E-3
41356	116.2	-1.633	1E-3
41376	116.2	-1.633	1E-3
41396	115.7	-1.633	1E-3
41416	114.8	-1.633	1E-3
41436	114.4	-1.633	1E-3
41456	114.1	-1.633	1E-3
41476	113.7	-1.633	1E-3
41496	113.6	-1.633	1E-3
41516	112.9	-1.633	1E-3
41536	112.2	-1.633	1E-3
41556	112.2	-1.633	1E-3
41576	111.7	-1.633	1E-3
41596	111.3	-1.633	1E-3
41616	110.8	-1.633	1E-3
41636	110.1	-1.633	1E-3
41656	109.7	-1.633	1E-3
41676	109.4	-1.633	1E-3
41696	109	-1.633	1E-3
41716	108.5	-1.633	1E-3
41736	107.8	-1.633	1E-3
41756	107.3	-1.633	1E-3
41776	107.3	-1.633	1E-3
41796	106.8	-1.633	1E-3
41816	106.4	-1.633	1E-3
41836	105.7	-1.633	1E-3
41856	105.3	-1.633	1E-3
41876	105.3	-1.633	1E-3
41896	105	-1.633	1E-3
41916	104.7	-1.633	1E-3
41936	104.1	-1.633	1E-3
41956	103.9	-1.633	1E-3
41976	103.6	-1.633	1E-3
41996	103.1	-1.633	1E-3
42016	102.6	-1.633	1E-3
42036	102	-1.633	1E-3
42056	101.7	-1.633	1E-3
42076	101.2	-1.633	1E-3
42096	100.8	-1.633	1E-3
42116	100.1	-1.633	1E-3
42136	99.7	-1.633	1E-3
