0	20.8	0	1E-3
20	20.1	0	1E-3
40	20.5	0	1E-3
60	20.3	0	1E-3
80	20.1	0	1E-3
100	20.6	0	1E-3
120	20.5	0	1E-3
140	20.8	0	1E-3
160	20.1	0	1E-3
180	20.8	0	1E-3
200	20.6	0	1E-3
220	20.6	0	1E-3
240	20.6	-1E-3	1E-3
260	20.8	-1E-3	1E-3
280	21.4	-1E-3	1E-3
300	21	-1E-3	1E-3
320	21.7	-1E-3	1E-3
340	21.7	-1E-3	1E-3
360	21.7	-0.002	1E-3
380	22.7	-0.002	1E-3
400	22.9	-0.002	1E-3
420	23.3	-0.002	1E-3
440	24.1	-0.002	1E-3
460	24.7	-0.003	1E-3
480	25	-0.003	1E-3
500	25.7	-0.003	1E-3
520	26.6	-0.003	1E-3
540	27.1	-0.004	1E-3
560	27.7	-0.004	1E-3
580	29	-0.004	1E-3
600	29.9	-0.004	1E-3
620	31	-0.005	1E-3
640	31.5	-0.005	1E-3
660	32.9	-0.005	1E-3
680	34	-0.005	1E-3
700	35	-0.006	1E-3
720	36.4	-0.006	1E-3
740	37.5	-0.006	1E-3
760	39	-0.006	1E-3
780	40.3	-0.007	1E-3
800	41.5	-0.007	1E-3
820	43.1	-0.007	1E-3
840	44.8	-0.007	1E-3
860	46.2	-0.008	1E-3
880	48	-0.008	1E-3
900	49.7	-0.008	1E-3
920	51.8	-0.008	1E-3
940	53.4	-0.008	1E-3
960	55.3	-0.009	1E-3
980	56.9	-0.009	1E-3
1000	59.2	-0.009	1E-3
1020	61.1	-0.009	1E-3
1040	63	-0.01	1E-3
1060	64.6	-0.01	1E-3
1080	66.8	-0.01	1E-3
1100	68.8	-0.01	1E-3
1120	70.9	-0.01	1E-3
1140	73.3	-0.011	1E-3
1160	75.1	-0.011	1E-3
1180	77.9	-0.011	1E-3
1200	80.3	-0.011	1E-3
1220	82.8	-0.012	1E-3
1240	85.6	-0.012	1E-3
1260	87.8	-0.012	1E-3
1280	90.5	-0.012	1E-3
1300	92.9	-0.012	1E-3
1320	95.9	-0.012	1E-3
1340	98.5	-0.013	1E-3
1360	101.3	-0.013	1E-3
1380	104.3	-0.013	1E-3
1400	107.1	-0.013	1E-3
1420	109.9	-0.013	1E-3
1440	112.7	-0.013	1E-3
1460	116	-0.013	1E-3
1480	119	-0.014	1E-3
1500	121.8	-0.014	1E-3
1520	125.3	-0.014	1E-3
1540	127.9	-0.014	1E-3
1560	131.3	-0.014	1E-3
1580	134.6	-0.014	1E-3
1600	137.9	-0.014	1E-3
1620	141.2	-0.014	1E-3
1640	144.9	-0.015	1E-3
1660	148.4	-0.015	1E-3
1680	151.9	-0.015	1E-3
1700	155.2	-0.015	1E-3
1720	158.2	-0.015	1E-3
1740	161.5	-0.015	1E-3
1760	165	-0.015	1E-3
1780	168.9	-0.015	1E-3
1800	172	-0.015	1E-3
1820	176.2	-0.015	1E-3
1840	179.7	-0.015	1E-3
1860	183.2	-0.015	1E-3
1880	187.1	-0.015	1E-3
1900	190.8	-0.015	1E-3
1920	194.6	-0.015	1E-3
1940	198.5	-0.015	1E-3
1960	202.5	-0.015	1E-3
1980	206.5	-0.015	1E-3
2000	210	-0.015	1E-3
2020	213.5	-0.015	1E-3
2040	217.4	-0.015	1E-3
2060	221.4	-0.015	1E-3
2080	225.2	-0.014	1E-3
2100	229.4	-0.014	1E-3
2120	233.1	-0.014	1E-3
2140	237.1	-0.014	1E-3
2160	241.3	-0.014	1E-3
2180	245.5	-0.014	1E-3
2200	249.4	-0.014	1E-3
2220	253.8	-0.013	1E-3
2240	257.8	-0.013	1E-3
2260	262.3	-0.013	1E-3
2280	266.2	-0.013	1E-3
2300	270.2	-0.013	1E-3
2320	274.4	-0.013	1E-3
2340	278.8	-0.012	1E-3
2360	283.1	-0.012	1E-3
2380	287	-0.012	1E-3
2400	290.9	-0.012	1E-3
2420	295.2	-0.012	1E-3
2440	299.6	-0.012	1E-3
2460	303.6	-0.011	1E-3
2480	308	-0.011	1E-3
2500	312.6	-0.011	1E-3
2520	316.6	-0.011	1E-3
2540	320.8	-0.01	1E-3
2560	325.1	-0.01	1E-3
2580	329.5	-0.01	1E-3
2600	333.9	-0.01	1E-3
2620	338.3	-0.01	1E-3
2640	342.3	-0.009	1E-3
2660	347	-0.009	1E-3
2680	351.4	-0.009	1E-3
2700	355.8	-0.009	1E-3
2720	360.1	-0.008	1E-3
2740	364.5	-0.008	1E-3
2760	368.7	-0.008	1E-3
2780	372.8	-0.008	1E-3
2800	377.5	-0.007	1E-3
2820	381.9	-0.007	1E-3
2840	385.7	-0.007	1E-3
2860	390.1	-0.006	1E-3
2880	394.5	-0.006	1E-3
2900	399	-0.006	1E-3
2920	403.5	-0.005	1E-3
2940	408.1	-0.005	1E-3
2960	412.3	-0.005	1E-3
2980	416.3	-0.004	1E-3
3000	420.5	-0.004	1E-3
3020	425.6	-0.004	1E-3
3040	429.8	-0.003	1E-3
3060	434	-0.003	1E-3
3080	438.4	-0.003	1E-3
3100	442.6	-0.002	1E-3
3120	447	-0.002	1E-3
3140	451.8	-0.002	1E-3
3160	455.7	-1E-3	1E-3
3180	460.1	-1E-3	1E-3
3200	463.7	-1E-3	1E-3
3220	468.5	-1E-3	1E-3
3240	472.5	0	1E-3
3260	476.9	0	1E-3
3280	481.1	0	1E-3
3300	485.4	1E-3	1E-3
3320	489.3	1E-3	1E-3
3340	493.7	1E-3	1E-3
3360	497.9	1E-3	1E-3
3380	502.1	0.002	1E-3
3400	506.6	0.002	1E-3
3420	510.8	0.003	1E-3
3440	514.5	0.003	1E-3
3460	519	0.003	1E-3
3480	523.4	0.003	1E-3
3500	527.8	0.004	1E-3
3520	532	0.004	1E-3
3540	535.7	0.005	1E-3
3560	539.9	0.005	1E-3
3580	544.3	0.006	1E-3
3600	548.5	0.006	1E-3
3620	552.3	0.006	1E-3
3640	556.8	0.007	1E-3
3660	560.7	0.008	1E-3
3680	564.5	0.008	1E-3
3700	568.8	0.008	1E-3
3720	572.6	0.009	1E-3
3740	576.8	0.009	1E-3
3760	581	0.009	1E-3
3780	584.3	0.009	1E-3
3800	588.7	0.01	1E-3
3820	592.5	0.01	1E-3
3840	596.2	0.01	1E-3
3860	600.6	0.011	1E-3
3880	604.6	0.011	1E-3
3900	608.3	0.011	1E-3
3920	612.3	0.012	1E-3
3940	616.2	0.012	1E-3
3960	620.2	0.012	1E-3
3980	624.4	0.013	1E-3
4000	628.3	0.013	1E-3
4020	631.9	0.013	1E-3
4040	636.3	0.013	1E-3
4060	640	0.014	1E-3
4080	643.7	0.014	1E-3
4100	648	0.014	1E-3
4120	651.7	0.015	1E-3
4140	655.4	0.015	1E-3
4160	659	0.016	1E-3
4180	663.4	0.016	1E-3
4200	666.9	0.016	1E-3
4220	671.1	0.017	1E-3
4240	674.8	0.017	1E-3
4260	678	0.017	1E-3
4280	682	0.018	1E-3
4300	685.7	0.018	1E-3
4320	689.2	0.018	1E-3
4340	692.8	0.019	1E-3
4360	697	0.019	1E-3
4380	700.4	0.019	1E-3
4400	704	0.02	1E-3
4420	707.7	0.02	1E-3
4440	711.7	0.02	1E-3
4460	715.2	0.021	1E-3
4480	719.1	0.021	1E-3
4500	723.1	0.021	1E-3
4520	726.8	0.022	1E-3
4540	730.3	0.022	1E-3
4560	733.9	0.022	1E-3
4580	737.8	0.022	1E-3
4600	741.8	0.022	1E-3
4620	745.5	0.023	1E-3
4640	749	0.023	1E-3
4660	752.3	0.023	1E-3
4680	756.4	0.024	1E-3
4700	760	0.024	1E-3
4720	763.5	0.024	1E-3
4740	767.5	0.024	1E-3
4760	770.5	0.025	1E-3
4780	774.2	0.025	1E-3
4800	778	0.025	1E-3
4820	781.5	0.026	1E-3
4840	785.2	0.026	1E-3
4860	788.7	0.026	1E-3
4880	792.4	0.026	1E-3
4900	796.1	0.026	1E-3
4920	799.6	0.027	1E-3
4940	802.9	0.027	1E-3
4960	806.8	0.027	1E-3
4980	809.7	0.027	1E-3
5000	813.9	0.027	1E-3
5020	816.9	0.027	1E-3
5040	820.8	0.028	1E-3
5060	824.4	0.028	1E-3
5080	828.1	0.028	1E-3
5100	830.9	0.028	1E-3
5120	834.8	0.028	1E-3
5140	838.6	0.028	1E-3
5160	841.6	0.028	1E-3
5180	845.2	0.028	1E-3
5200	848.6	0.028	1E-3
5220	852.3	0.028	1E-3
5240	856.1	0.028	1E-3
5260	859.6	0.028	1E-3
5280	863.3	0.028	1E-3
5300	867	0.028	1E-3
5320	870.3	0.028	1E-3
5340	873.8	0.028	1E-3
5360	877.6	0.028	1E-3
5380	880.8	0.027	1E-3
5400	884.5	0.027	1E-3
5420	887.4	0.027	1E-3
5440	890.9	0.026	1E-3
5460	894.6	0.026	1E-3
5480	898.3	0.026	1E-3
5500	902	0.025	1E-3
5520	905.3	0.024	1E-3
5540	908.1	0.024	1E-3
5560	912.1	0.023	1E-3
5580	915.4	0.022	1E-3
5600	918.9	0.022	1E-3
5620	922.4	0.021	1E-3
5640	925.8	0.02	1E-3
5660	928.9	0.019	1E-3
5680	932.6	0.018	1E-3
5700	935.7	0.016	1E-3
5720	939.2	0.015	1E-3
5740	943.3	0.014	1E-3
5760	946.4	0.012	1E-3
5780	949.9	0.011	1E-3
5800	953.6	0.01	1E-3
5820	956.7	0.009	1E-3
5840	960.2	0.007	1E-3
5860	964.3	0.005	1E-3
5880	967.4	0.003	1E-3
5900	971.1	1E-3	1E-3
5920	974.2	0	1E-3
5940	977.9	-0.002	1E-3
5960	981.2	-0.004	1E-3
5980	984.9	-0.006	1E-3
6000	988.6	-0.008	1E-3
6020	992.6	-0.009	1E-3
6040	995.6	-0.012	1E-3
6060	998.7	-0.014	1E-3
6080	1002.4	-0.016	1E-3
6100	1005.4	-0.018	1E-3
6120	1009.4	-0.021	1E-3
6140	1012.4	-0.024	1E-3
6160	1016.1	-0.026	1E-3
6180	1019.5	-0.029	1E-3
6200	1023	-0.032	1E-3
6220	1026.4	-0.035	1E-3
6240	1029.9	-0.039	1E-3
6260	1033.2	-0.041	1E-3
6280	1036.9	-0.045	1E-3
6300	1040	-0.049	1E-3
6320	1043.7	-0.052	1E-3
6340	1047.2	-0.056	1E-3
6360	1051.1	-0.059	1E-3
6380	1054	-0.064	1E-3
6400	1057.5	-0.068	1E-3
6420	1061	-0.072	1E-3
6440	1064.5	-0.077	1E-3
6460	1068	-0.081	1E-3
6480	1071.4	-0.086	1E-3
6500	1074.8	-0.09	1E-3
6520	1078.5	-0.095	1E-3
6540	1082.4	-0.1	1E-3
6560	1085.7	-0.105	1E-3
6580	1088.8	-0.11	1E-3
6600	1092.3	-0.116	1E-3
6620	1096.2	-0.121	1E-3
6640	1099.9	-0.126	1E-3
6660	1103	-0.131	1E-3
6680	1106.9	-0.137	1E-3
6700	1110.4	-0.142	1E-3
6720	1113.7	-0.148	1E-3
6740	1117.7	-0.154	1E-3
6760	1120.9	-0.16	1E-3
6780	1124.9	-0.165	1E-3
6800	1128	-0.171	1E-3
6820	1131.6	-0.177	1E-3
6840	1134.7	-0.183	1E-3
6860	1138.2	-0.189	1E-3
6880	1141.9	-0.196	1E-3
6900	1145.7	-0.201	1E-3
6920	1149.1	-0.208	1E-3
6940	1152.6	-0.214	1E-3
6960	1155.7	-0.22	1E-3
6980	1159.6	-0.227	1E-3
7000	1163.1	-0.234	1E-3
7020	1166.9	-0.241	1E-3
7040	1170.2	-0.247	1E-3
7060	1173.7	-0.254	1E-3
7080	1177.2	-0.261	1E-3
7100	1180.6	-0.268	1E-3
7120	1184.4	-0.276	1E-3
7140	1188.1	-0.282	1E-3
7160	1191.2	-0.29	1E-3
7180	1194.9	-0.296	1E-3
7200	1197.9	-0.304	1E-3
7220	1201.9	-0.311	1E-3
7240	1205.2	-0.318	1E-3
7260	1209.3	-0.325	1E-3
7280	1212.4	-0.333	1E-3
7300	1216.1	-0.34	1E-3
7320	1219.6	-0.349	1E-3
7340	1222.9	-0.357	1E-3
7360	1226.6	-0.365	1E-3
7380	1230.3	-0.374	1E-3
7400	1233.8	-0.383	1E-3
7420	1237.4	-0.392	1E-3
7440	1240.8	-0.402	1E-3
7460	1243.9	-0.413	1E-3
7480	1247.8	-0.425	1E-3
7500	1251.3	-0.438	1E-3
7520	1254.9	-0.451	1E-3
7540	1258.6	-0.466	1E-3
7560	1261.9	-0.481	1E-3
7580	1265.4	-0.497	1E-3
7600	1268.6	-0.516	1E-3
7620	1272.6	-0.535	1E-3
7640	1276.1	-0.56	1E-3
7660	1279.6	-0.59	1E-3
7680	1283.3	-0.631	1E-3
7700	1286.6	-0.686	1E-3
7720	1289.9	-0.755	1E-3
7740	1293.6	-0.84	1E-3
7760	1297.3	-0.949	1E-3
7780	1300.6	-1.078	1E-3
7800	1304.1	-1.211	1E-3
7820	1307.9	-1.332	1E-3
7840	1311.3	-1.43	1E-3
7860	1314.9	-1.509	1E-3
7880	1318.1	-1.587	1E-3
7900	1321.8	-1.671	1E-3
7920	1325.3	-1.781	1E-3
7940	1329.1	-1.893	1E-3
7960	1332.4	-2.029	1E-3
7980	1335.8	-2.164	1E-3
8000	1339.3	-2.295	1E-3
8020	1342.9	-2.421	1E-3
8040	1346.4	-2.523	1E-3
8060	1349.8	-2.646	1E-3
8080	1353.4	-2.726	1E-3
8100	1356.9	-2.818	1E-3
8120	1360.3	-2.894	1E-3
8140	1363.8	-2.982	1E-3
8160	1367.4	-3.06	1E-3
8180	1370.9	-3.126	1E-3
8200	1374.5	-3.197	1E-3
8220	1378	-3.25	1E-3
8240	1381.3	-3.311	1E-3
8260	1384.8	-3.366	1E-3
8300	1376.4	-3.448	1E-3
8320	1385.3	-3.501	1E-3
8340	1389.3	-3.56	1E-3
8360	1390.9	-3.6	1E-3
8380	1390.7	-3.626	1E-3
8400	1390	-3.644	1E-3
8420	1388.6	-3.66	1E-3
8440	1386.9	-3.677	1E-3
8460	1384.6	-3.696	1E-3
8480	1382	-3.708	1E-3
8500	1379.7	-3.718	1E-3
8520	1376.9	-3.726	1E-3
8540	1373.9	-3.733	1E-3
8560	1370.8	-3.738	1E-3
8580	1367.6	-3.742	1E-3
8600	1364.3	-3.745	1E-3
8620	1361.3	-3.747	1E-3
8640	1358	-3.749	1E-3
8660	1355	-3.75	1E-3
8680	1351.7	-3.75	1E-3
8700	1348.7	-3.751	1E-3
8720	1345	-3.751	1E-3
8740	1341.9	-3.752	1E-3
8760	1338.6	-3.752	1E-3
8780	1335.3	-3.753	1E-3
8800	1332.1	-3.754	1E-3
8820	1328.8	-3.754	1E-3
8840	1325.6	-3.754	1E-3
8860	1322.1	-3.754	1E-3
8880	1319.1	-3.754	1E-3
8900	1315.7	-3.754	1E-3
8920	1312.5	-3.754	1E-3
8940	1309.5	-3.754	1E-3
8960	1306.2	-3.753	1E-3
8980	1303.1	-3.753	1E-3
9005	1298.8	-3.752	1E-3
9025	1295.5	-3.751	1E-3
9045	1292.2	-3.75	1E-3
9065	1289.4	-3.749	1E-3
9085	1286.3	-3.748	1E-3
9105	1282.8	-3.748	1E-3
9125	1279.6	-3.747	1E-3
9145	1276.3	-3.746	1E-3
9165	1273.1	-3.746	1E-3
9185	1269.8	-3.745	1E-3
9205	1266.6	-3.745	1E-3
9225	1263.5	-3.745	1E-3
9245	1260.2	-3.745	1E-3
9265	1256.8	-3.744	1E-3
9285	1253.5	-3.744	1E-3
9305	1250.4	-3.744	1E-3
9325	1247.2	-3.744	1E-3
9345	1244.3	-3.745	1E-3
9365	1240.9	-3.745	1E-3
9385	1237.8	-3.745	1E-3
9405	1234.4	-3.745	1E-3
9425	1231.1	-3.745	1E-3
9445	1227.6	-3.745	1E-3
9465	1224.5	-3.745	1E-3
9485	1221.3	-3.745	1E-3
9505	1218.3	-3.745	1E-3
9525	1215	-3.745	1E-3
9545	1211.7	-3.745	1E-3
9565	1208.7	-3.745	1E-3
9585	1205.4	-3.745	1E-3
9605	1202.3	-3.745	1E-3
9625	1198.9	-3.745	1E-3
9645	1195.9	-3.745	1E-3
9665	1192.6	-3.745	1E-3
9685	1189.5	-3.745	1E-3
9705	1186.3	-3.745	1E-3
9725	1182.8	-3.745	1E-3
9745	1179.5	-3.745	1E-3
9765	1176.7	-3.745	1E-3
9785	1173.4	-3.745	1E-3
9805	1170.1	-3.746	1E-3
9825	1166.9	-3.746	1E-3
9845	1163.8	-3.746	1E-3
9865	1160.4	-3.746	1E-3
9885	1157.5	-3.746	1E-3
9905	1154.5	-3.746	1E-3
9925	1151.1	-3.746	1E-3
9945	1147.8	-3.746	1E-3
9965	1144.7	-3.746	1E-3
9985	1141.3	-3.746	1E-3
10005	1138.2	-3.746	1E-3
10025	1135.4	-3.746	1E-3
10045	1132.1	-3.746	1E-3
10065	1128.8	-3.746	1E-3
10085	1125.4	-3.746	1E-3
10105	1122.4	-3.746	1E-3
10125	1119.1	-3.746	1E-3
10145	1116	-3.747	1E-3
10165	1113	-3.747	1E-3
10185	1110	-3.747	1E-3
10205	1106.5	-3.747	1E-3
10225	1103.2	-3.747	1E-3
10245	1100.2	-3.747	1E-3
10265	1096.7	-3.747	1E-3
10285	1093.6	-3.747	1E-3
10305	1090.8	-3.747	1E-3
10325	1087.4	-3.747	1E-3
10345	1084.3	-3.747	1E-3
10365	1081	-3.747	1E-3
10385	1077.8	-3.747	1E-3
10405	1074.5	-3.747	1E-3
10425	1071.5	-3.747	1E-3
10445	1068.4	-3.748	1E-3
10465	1065.1	-3.748	1E-3
10485	1062.1	-3.748	1E-3
10505	1058.9	-3.748	1E-3
10525	1055.6	-3.748	1E-3
10545	1052.3	-3.748	1E-3
10565	1049.3	-3.748	1E-3
10585	1046.2	-3.748	1E-3
10605	1042.8	-3.748	1E-3
10625	1039.8	-3.748	1E-3
10645	1036.5	-3.749	1E-3
10665	1033.4	-3.749	1E-3
10685	1030	-3.749	1E-3
10705	1027.1	-3.749	1E-3
10725	1024.3	-3.749	1E-3
10745	1021	-3.749	1E-3
10765	1017.4	-3.749	1E-3
10785	1014.3	-3.749	1E-3
10805	1011.1	-3.749	1E-3
10825	1008	-3.749	1E-3
10845	1004.8	-3.75	1E-3
10865	1001.9	-3.75	1E-3
10885	998.7	-3.75	1E-3
10905	995.6	-3.75	1E-3
10925	992.6	-3.75	1E-3
10945	989.3	-3.75	1E-3
10965	986.1	-3.75	1E-3
10985	983.2	-3.75	1E-3
11005	980.2	-3.75	1E-3
11025	976.8	-3.75	1E-3
11045	973.3	-3.75	1E-3
11065	970.4	-3.751	1E-3
11085	966.9	-3.751	1E-3
11105	963.9	-3.751	1E-3
11125	960.8	-3.751	1E-3
11145	957.4	-3.751	1E-3
11165	954.5	-3.751	1E-3
11185	951.5	-3.751	1E-3
11205	948.2	-3.751	1E-3
11225	945	-3.751	1E-3
11245	941.7	-3.752	1E-3
11265	938.5	-3.752	1E-3
11285	935.6	-3.752	1E-3
11305	932.6	-3.752	1E-3
11325	929.4	-3.752	1E-3
11345	926.1	-3.752	1E-3
11365	923	-3.752	1E-3
11385	920.1	-3.752	1E-3
11405	916.7	-3.753	1E-3
11425	913.5	-3.753	1E-3
11445	910.4	-3.753	1E-3
11465	907.2	-3.753	1E-3
11485	904.2	-3.753	1E-3
11505	901.1	-3.753	1E-3
11525	897.9	-3.753	1E-3
11545	894.6	-3.753	1E-3
11565	891.6	-3.754	1E-3
11585	888.8	-3.754	1E-3
11605	885.5	-3.754	1E-3
11625	882.5	-3.754	1E-3
11645	879.4	-3.754	1E-3
11665	876.2	-3.754	1E-3
11685	873.3	-3.754	1E-3
11705	869.8	-3.755	1E-3
11725	866.8	-3.755	1E-3
11745	863.6	-3.755	1E-3
11765	860.8	-3.755	1E-3
11785	857.3	-3.755	1E-3
11805	854.2	-3.755	1E-3
11825	851	-3.755	1E-3
11845	847.9	-3.756	1E-3
11865	844.7	-3.756	1E-3
11885	841.6	-3.756	1E-3
11905	838.6	-3.756	1E-3
11925	835.5	-3.756	1E-3
11945	832.3	-3.756	1E-3
11965	829.3	-3.756	1E-3
11985	825.8	-3.756	1E-3
12005	822.7	-3.757	1E-3
12025	819.7	-3.757	1E-3
12045	816.9	-3.757	1E-3
12065	813.8	-3.757	1E-3
12085	810.6	-3.757	1E-3
12105	807.3	-3.757	1E-3
12125	804.1	-3.757	1E-3
12145	801	-3.757	1E-3
12165	798.2	-3.757	1E-3
12185	795.2	-3.757	1E-3
12205	792	-3.758	1E-3
12225	788.9	-3.758	1E-3
12245	785.8	-3.758	1E-3
12265	782.8	-3.758	1E-3
12285	779.6	-3.758	1E-3
12305	776.7	-3.758	1E-3
12325	773.5	-3.758	1E-3
12345	770.7	-3.758	1E-3
12365	767.7	-3.758	1E-3
12385	764.8	-3.759	1E-3
12405	761.4	-3.759	1E-3
12425	758.5	-3.759	1E-3
12445	755.3	-3.759	1E-3
12465	752.2	-3.759	1E-3
12485	749	-3.759	1E-3
12505	746.2	-3.759	1E-3
12525	743	-3.759	1E-3
12545	739.9	-3.759	1E-3
12565	736.7	-3.759	1E-3
12585	733.6	-3.759	1E-3
12605	730.6	-3.759	1E-3
12625	727.7	-3.759	1E-3
12645	724.5	-3.76	1E-3
12665	721.5	-3.76	1E-3
12685	718.5	-3.76	1E-3
12705	715.6	-3.76	1E-3
12725	712.6	-3.76	1E-3
12745	709.6	-3.76	1E-3
12765	706.7	-3.76	1E-3
12785	703.7	-3.76	1E-3
12805	700.7	-3.76	1E-3
12825	697.9	-3.76	1E-3
12845	694.9	-3.76	1E-3
12865	692	-3.761	1E-3
12885	689.2	-3.761	1E-3
12905	686.4	-3.761	1E-3
12925	683.4	-3.761	1E-3
12945	680.9	-3.761	1E-3
12965	678.1	-3.761	1E-3
12985	675.5	-3.761	1E-3
13005	672.7	-3.761	1E-3
13025	669.9	-3.761	1E-3
13045	667.3	-3.761	1E-3
13065	664.5	-3.762	1E-3
13085	661.8	-3.762	1E-3
13105	659.2	-3.762	1E-3
13125	656.6	-3.762	1E-3
13145	654	-3.762	1E-3
13165	651.5	-3.762	1E-3
13185	648.6	-3.762	1E-3
13205	646.1	-3.762	1E-3
13225	643.5	-3.762	1E-3
13245	640.8	-3.762	1E-3
13265	638.2	-3.763	1E-3
13285	635.6	-3.763	1E-3
13305	633.3	-3.763	1E-3
13325	630.9	-3.763	1E-3
13345	628.4	-3.763	1E-3
13365	625.6	-3.763	1E-3
13385	623.3	-3.763	1E-3
13405	620.7	-3.763	1E-3
13425	618.3	-3.764	1E-3
13445	615.8	-3.764	1E-3
13465	613.4	-3.764	1E-3
13485	611.1	-3.764	1E-3
13505	608.6	-3.764	1E-3
13525	606.4	-3.764	1E-3
13545	603.9	-3.764	1E-3
13565	601.7	-3.765	1E-3
13585	599.5	-3.765	1E-3
13605	596.9	-3.765	1E-3
13625	594.7	-3.765	1E-3
13645	592.5	-3.765	1E-3
13665	590.1	-3.765	1E-3
13685	587.8	-3.765	1E-3
13705	585.7	-3.765	1E-3
13725	583.6	-3.765	1E-3
13745	581.4	-3.765	1E-3
13765	579.2	-3.765	1E-3
13785	577	-3.766	1E-3
13805	574.9	-3.766	1E-3
13825	572.4	-3.766	1E-3
13845	570.3	-3.766	1E-3
13865	568.2	-3.766	1E-3
13885	566	-3.766	1E-3
13905	563.8	-3.766	1E-3
13925	561.7	-3.766	1E-3
13945	559.8	-3.767	1E-3
13965	557.9	-3.767	1E-3
13985	555.6	-3.767	1E-3
14005	553.4	-3.767	1E-3
14025	551.4	-3.767	1E-3
14045	549.1	-3.767	1E-3
14065	547.1	-3.767	1E-3
14085	545	-3.767	1E-3
14105	542.7	-3.767	1E-3
14125	540.6	-3.767	1E-3
14145	538.5	-3.768	1E-3
14165	536.7	-3.768	1E-3
14185	534.8	-3.768	1E-3
14205	532.7	-3.768	1E-3
14225	530.6	-3.768	1E-3
14245	528.3	-3.768	1E-3
14265	526.6	-3.768	1E-3
14285	524.5	-3.768	1E-3
14305	522.2	-3.768	1E-3
14325	520.1	-3.768	1E-3
14345	518.4	-3.769	1E-3
14365	516.4	-3.769	1E-3
14385	514.5	-3.769	1E-3
14405	512.6	-3.769	1E-3
14425	510.6	-3.769	1E-3
14445	508.7	-3.769	1E-3
14465	506.8	-3.769	1E-3
14485	504.9	-3.769	1E-3
14505	502.8	-3.769	1E-3
14525	501.2	-3.769	1E-3
14545	499.5	-3.769	1E-3
14565	497.5	-3.769	1E-3
14585	495.6	-3.77	1E-3
14605	493.7	-3.77	1E-3
14625	491.8	-3.77	1E-3
14645	490	-3.77	1E-3
14665	488.1	-3.77	1E-3
14685	486.1	-3.77	1E-3
14705	484.8	-3.77	1E-3
14725	482.6	-3.77	1E-3
14745	480.9	-3.77	1E-3
14765	479.5	-3.77	1E-3
14785	477.4	-3.77	1E-3
14805	475.8	-3.77	1E-3
14825	473.9	-3.77	1E-3
14845	472.2	-3.771	1E-3
14865	470.4	-3.771	1E-3
14885	468.6	-3.771	1E-3
14905	466.7	-3.771	1E-3
14925	465	-3.771	1E-3
14945	463.4	-3.771	1E-3
14965	461.8	-3.771	1E-3
14985	460.1	-3.771	1E-3
15005	458.1	-3.771	1E-3
15025	456.8	-3.771	1E-3
15045	455	-3.771	1E-3
15065	453.3	-3.771	1E-3
15085	451.7	-3.772	1E-3
15105	449.8	-3.772	1E-3
15125	448.2	-3.772	1E-3
15145	446.4	-3.772	1E-3
15165	444.7	-3.772	1E-3
15185	443.1	-3.772	1E-3
15205	441.4	-3.772	1E-3
15225	439.8	-3.772	1E-3
15245	438.2	-3.772	1E-3
15265	437	-3.772	1E-3
15285	434.9	-3.772	1E-3
15305	433.5	-3.772	1E-3
15325	431.7	-3.772	1E-3
15345	429.8	-3.772	1E-3
15365	428.6	-3.773	1E-3
15385	426.6	-3.773	1E-3
15405	425.1	-3.773	1E-3
15425	423.5	-3.773	1E-3
15445	421.8	-3.773	1E-3
15465	420	-3.773	1E-3
15485	418.4	-3.773	1E-3
15505	417	-3.773	1E-3
15525	415.1	-3.773	1E-3
15580	411.3	-3.773	1E-3
15600	409.9	-3.773	1E-3
15620	408.1	-3.773	1E-3
15640	406.5	-3.774	1E-3
15660	405.1	-3.774	1E-3
15680	403.5	-3.774	1E-3
15700	402	-3.774	1E-3
15720	400.2	-3.774	1E-3
15740	399	-3.774	1E-3
15760	397.4	-3.774	1E-3
15780	395.9	-3.774	1E-3
15800	394.3	-3.774	1E-3
15820	392.7	-3.774	1E-3
15840	391.5	-3.774	1E-3
15860	389.7	-3.774	1E-3
15880	388.5	-3.774	1E-3
15900	387.1	-3.775	1E-3
15920	385.7	-3.775	1E-3
15940	384.3	-3.775	1E-3
15960	382.9	-3.775	1E-3
15980	381.3	-3.775	1E-3
16000	379.9	-3.775	1E-3
16020	378.4	-3.775	1E-3
16040	377	-3.775	1E-3
16060	375.5	-3.775	1E-3
16080	374	-3.775	1E-3
16100	372.8	-3.775	1E-3
16120	371.3	-3.775	1E-3
16140	369.9	-3.775	1E-3
16160	368.4	-3.775	1E-3
16180	367.1	-3.775	1E-3
16200	365.6	-3.776	1E-3
16220	364.3	-3.776	1E-3
16240	362.9	-3.776	1E-3
16260	361.9	-3.776	1E-3
16280	360.5	-3.776	1E-3
16300	359.1	-3.776	1E-3
16320	357.5	-3.776	1E-3
16341	356.3	-3.776	1E-3
16361	355.3	-3.776	1E-3
16385	353.5	-3.776	1E-3
16406	352.1	-3.776	1E-3
16431	350.5	-3.776	1E-3
16456	348.6	-3.776	1E-3
16481	346.9	-3.776	1E-3
16505	345.3	-3.776	1E-3
16525	343.9	-3.776	1E-3
16545	342.7	-3.776	1E-3
16566	341.3	-3.777	1E-3
16591	339.5	-3.777	1E-3
16615	337.9	-3.777	1E-3
16635	336.7	-3.777	1E-3
16655	335.3	-3.777	1E-3
16676	334.1	-3.777	1E-3
16701	332.7	-3.777	1E-3
16725	330.9	-3.777	1E-3
16745	329.5	-3.777	1E-3
16765	328.5	-3.777	1E-3
16786	327.1	-3.777	1E-3
16810	325.3	-3.777	1E-3
16830	324.3	-3.777	1E-3
16850	322.9	-3.777	1E-3
16870	321.6	-3.777	1E-3
16890	320.4	-3.778	1E-3
16911	319.2	-3.778	1E-3
16935	317.6	-3.778	1E-3
16956	316.2	-3.778	1E-3
16976	315	-3.778	1E-3
17001	313.2	-3.778	1E-3
17021	312.4	-3.778	1E-3
17041	311.1	-3.778	1E-3
17066	309.8	-3.778	1E-3
17086	308.5	-3.778	1E-3
17106	307.3	-3.778	1E-3
17130	305.9	-3.778	1E-3
17151	304.7	-3.778	1E-3
17171	303.5	-3.778	1E-3
17196	302	-3.778	1E-3
17221	300.6	-3.778	1E-3
17241	299.3	-3.778	1E-3
17266	297.9	-3.778	1E-3
17291	296.5	-3.778	1E-3
17311	295.4	-3.778	1E-3
17331	294.4	-3.778	1E-3
17355	292.8	-3.779	1E-3
17376	291.4	-3.779	1E-3
17400	290.3	-3.779	1E-3
17421	289.3	-3.779	1E-3
17441	288	-3.779	1E-3
17461	287	-3.779	1E-3
17481	285.9	-3.779	1E-3
17501	285.1	-3.779	1E-3
17521	284	-3.779	1E-3
17541	282.8	-3.779	1E-3
17561	281.8	-3.779	1E-3
17581	280.9	-3.779	1E-3
17601	279.6	-3.779	1E-3
17621	278.4	-3.779	1E-3
17641	277.6	-3.779	1E-3
17661	276.3	-3.779	1E-3
17681	275.1	-3.779	1E-3
17701	274.2	-3.779	1E-3
17721	273	-3.779	1E-3
17741	271.8	-3.779	1E-3
17761	270.9	-3.779	1E-3
17781	269.9	-3.779	1E-3
17801	268.8	-3.779	1E-3
17821	267.8	-3.78	1E-3
17841	266.7	-3.78	1E-3
17861	265.7	-3.78	1E-3
17881	264.6	-3.78	1E-3
17901	263.4	-3.78	1E-3
17921	262.5	-3.78	1E-3
17941	261.4	-3.78	1E-3
17961	260.4	-3.78	1E-3
17981	259.3	-3.78	1E-3
18001	258.6	-3.78	1E-3
18021	257.4	-3.78	1E-3
18041	256.2	-3.78	1E-3
18061	255.3	-3.78	1E-3
18081	254.3	-3.78	1E-3
18101	253.2	-3.78	1E-3
18121	252.3	-3.78	1E-3
18141	251.1	-3.78	1E-3
18161	250.3	-3.78	1E-3
18182	249.4	-3.78	1E-3
18202	248	-3.78	1E-3
18222	246.9	-3.78	1E-3
18242	246.1	-3.78	1E-3
18262	245.2	-3.78	1E-3
18282	243.9	-3.78	1E-3
18302	242.9	-3.78	1E-3
18323	242.2	-3.781	1E-3
18347	241	-3.781	1E-3
18367	239.9	-3.781	1E-3
18388	239.1	-3.781	1E-3
18408	238	-3.781	1E-3
18428	236.8	-3.781	1E-3
18448	236.1	-3.781	1E-3
18468	235.2	-3.781	1E-3
18488	234.1	-3.781	1E-3
18508	233.6	-3.781	1E-3
18528	232.8	-3.781	1E-3
18548	231.7	-3.781	1E-3
18568	231	-3.782	1E-3
18588	230	-3.782	1E-3
18608	229.3	-3.782	1E-3
18628	227.8	-3.782	1E-3
18648	227.3	-3.782	1E-3
18668	226.1	-3.782	1E-3
18688	225.2	-3.783	1E-3
18708	224.3	-3.783	1E-3
18728	223.7	-3.783	1E-3
18748	222.6	-3.783	1E-3
18768	222.1	-3.783	1E-3
18788	221	-3.783	1E-3
18808	220.1	-3.783	1E-3
18828	219.3	-3.784	1E-3
18848	218.2	-3.784	1E-3
18868	217.7	-3.784	1E-3
18888	216.7	-3.784	1E-3
18908	216	-3.784	1E-3
18928	214.7	-3.784	1E-3
18948	214	-3.784	1E-3
18968	213	-3.784	1E-3
18988	212.3	-3.784	1E-3
19008	211.4	-3.784	1E-3
19028	210.7	-3.784	1E-3
19048	209.6	-3.784	1E-3
19068	209.1	-3.784	1E-3
19088	208.2	-3.784	1E-3
19108	207.5	-3.784	1E-3
19128	206.5	-3.784	1E-3
19148	206.1	-3.784	1E-3
19168	204.9	-3.784	1E-3
19188	204.4	-3.784	1E-3
19208	203.5	-3.784	1E-3
19228	202.6	-3.784	1E-3
19248	201.9	-3.784	1E-3
19268	201.3	-3.784	1E-3
19288	200	-3.784	1E-3
19308	199	-3.784	1E-3
19328	198.5	-3.784	1E-3
19348	197.4	-3.784	1E-3
19368	197.1	-3.784	1E-3
19388	196	-3.784	1E-3
19408	194.9	-3.784	1E-3
19428	194.4	-3.784	1E-3
19448	193.6	-3.784	1E-3
19468	192.7	-3.784	1E-3
19488	192	-3.784	1E-3
19508	191.3	-3.784	1E-3
19528	190.4	-3.784	1E-3
19548	189.5	-3.784	1E-3
19568	188.6	-3.784	1E-3
19588	187.9	-3.784	1E-3
19608	187.1	-3.784	1E-3
19628	186.6	-3.784	1E-3
19648	185.5	-3.784	1E-3
19668	184.6	-3.784	1E-3
19688	184.1	-3.784	1E-3
19708	183.2	-3.784	1E-3
19728	182.5	-3.784	1E-3
19748	181.8	-3.784	1E-3
19768	181.3	-3.784	1E-3
19788	180.6	-3.784	1E-3
19808	179.9	-3.784	1E-3
19828	179.2	-3.784	1E-3
19848	178.5	-3.784	1E-3
19868	178	-3.784	1E-3
19888	177.1	-3.784	1E-3
19908	176.4	-3.784	1E-3
19928	175.7	-3.784	1E-3
19948	175	-3.784	1E-3
19968	174.3	-3.784	1E-3
19988	173.6	-3.784	1E-3
20008	172.9	-3.784	1E-3
20028	172.2	-3.784	1E-3
20048	171.5	-3.784	1E-3
20068	171	-3.784	1E-3
20088	169.7	-3.784	1E-3
20108	169.4	-3.784	1E-3
20128	168.5	-3.784	1E-3
20148	167.6	-3.784	1E-3
20168	167.3	-3.784	1E-3
20188	166.8	-3.784	1E-3
20208	166.1	-3.784	1E-3
20228	165.4	-3.784	1E-3
20248	164.7	-3.784	1E-3
20268	164	-3.784	1E-3
20288	163.3	-3.784	1E-3
20308	162.9	-3.784	1E-3
20328	162.1	-3.784	1E-3
20348	161.4	-3.784	1E-3
20368	160.7	-3.784	1E-3
20388	160.3	-3.784	1E-3
20408	159.4	-3.784	1E-3
20428	158.9	-3.784	1E-3
20448	158.6	-3.784	1E-3
20468	157.9	-3.784	1E-3
20488	157.1	-3.784	1E-3
20508	156.4	-3.784	1E-3
20528	155.2	-3.784	1E-3
20548	155	-3.784	1E-3
20568	154.7	-3.784	1E-3
20588	154	-3.784	1E-3
20608	153.5	-3.784	1E-3
20628	152.9	-3.784	1E-3
20648	152.4	-3.784	1E-3
20668	151.9	-3.784	1E-3
20688	151.4	-3.784	1E-3
20708	150.5	-3.784	1E-3
20728	150	-3.784	1E-3
20748	149.4	-3.784	1E-3
20768	148.9	-3.784	1E-3
20788	148.6	-3.784	1E-3
20808	147.7	-3.784	1E-3
20828	147	-3.784	1E-3
20848	146.5	-3.784	1E-3
20868	145.6	-3.784	1E-3
20888	145.1	-3.784	1E-3
20908	144.4	-3.784	1E-3
20928	144	-3.784	1E-3
20948	143.3	-3.784	1E-3
20968	142.8	-3.784	1E-3
20988	142.5	-3.784	1E-3
21008	141.6	-3.784	1E-3
21028	141.1	-3.784	1E-3
21048	140.7	-3.784	1E-3
21068	140	-3.784	1E-3
21088	139.5	-3.784	1E-3
21108	138.8	-3.784	1E-3
21128	137.7	-3.784	1E-3
21148	137.6	-3.784	1E-3
21168	137.2	-3.784	1E-3
21188	136.3	-3.784	1E-3
21208	135.8	-3.784	1E-3
21228	135.3	-3.784	1E-3
21248	135.1	-3.784	1E-3
21268	134.4	-3.784	1E-3
21288	133.9	-3.784	1E-3
21308	133.2	-3.784	1E-3
21328	132.3	-3.784	1E-3
21348	132.3	-3.784	1E-3
21368	131.8	-3.784	1E-3
21388	131.1	-3.784	1E-3
21408	130.6	-3.784	1E-3
21428	130	-3.784	1E-3
21448	129.5	-3.784	1E-3
21468	129	-3.784	1E-3
21488	128.3	-3.784	1E-3
21508	127.9	-3.784	1E-3
21528	127.4	-3.784	1E-3
21548	126.9	-3.784	1E-3
21568	126.5	-3.784	1E-3
21588	126	-3.784	1E-3
21608	125.5	-3.784	1E-3
21628	125	-3.784	1E-3
21648	124.8	-3.784	1E-3
21668	124.3	-3.784	1E-3
21688	123.6	-3.784	1E-3
21708	123.4	-3.784	1E-3
21728	122.7	-3.784	1E-3
21748	122.3	-3.784	1E-3
21768	121.8	-3.784	1E-3
21788	121.4	-3.784	1E-3
21808	120.9	-3.784	1E-3
21828	120.4	-3.784	1E-3
21848	120.2	-3.784	1E-3
21868	119.3	-3.784	1E-3
21888	119.2	-3.784	1E-3
21908	118.3	-3.784	1E-3
21928	118.1	-3.784	1E-3
21948	117.8	-3.784	1E-3
21968	117.4	-3.784	1E-3
21988	116.9	-3.784	1E-3
22008	116.7	-3.784	1E-3
22028	116	-3.784	1E-3
22048	115.7	-3.784	1E-3
22068	115	-3.784	1E-3
22088	114.6	-3.784	1E-3
22108	114.3	-3.784	1E-3
22128	113.7	-3.784	1E-3
22148	113.2	-3.784	1E-3
22168	113.2	-3.784	1E-3
22188	112.3	-3.784	1E-3
22208	112	-3.784	1E-3
22228	111.7	-3.784	1E-3
22248	111.3	-3.784	1E-3
22268	110.9	-3.784	1E-3
22288	110.3	-3.784	1E-3
22308	109.7	-3.784	1E-3
22328	109.4	-3.784	1E-3
22348	109	-3.784	1E-3
22368	108.5	-3.784	1E-3
22388	108	-3.784	1E-3
22408	107.8	-3.784	1E-3
22428	107.3	-3.784	1E-3
22448	106.9	-3.784	1E-3
22468	106.6	-3.784	1E-3
22488	106	-3.784	1E-3
22508	105.5	-3.784	1E-3
22528	105.3	-3.784	1E-3
22548	104.8	-3.784	1E-3
22568	104.7	-3.784	1E-3
22588	104.5	-3.784	1E-3
22608	103.8	-3.784	1E-3
22628	103.4	-3.784	1E-3
22648	102.9	-3.784	1E-3
22668	102.6	-3.784	1E-3
22688	101.7	-3.784	1E-3
22708	101.7	-3.784	1E-3
22728	100.8	-3.784	1E-3
22748	101.2	-3.784	1E-3
22768	100.4	-3.784	1E-3
22788	99.9	-3.784	1E-3
22808	99.7	-3.784	1E-3
22828	99.4	-3.784	1E-3
22848	99	-3.784	1E-3
22868	98.7	-3.784	1E-3
22888	98	-3.784	1E-3
22908	98	-3.784	1E-3
22928	97.6	-3.784	1E-3
22948	96.9	-3.784	1E-3
22968	96.3	-3.784	1E-3
22988	96.4	-3.784	1E-3
23008	95.9	-3.784	1E-3
23028	95.2	-3.784	1E-3
23048	95	-3.784	1E-3
23068	95	-3.784	1E-3
23088	94.7	-3.784	1E-3
23108	94.2	-3.784	1E-3
23128	93.6	-3.784	1E-3
23148	93.3	-3.784	1E-3
23168	92.9	-3.784	1E-3
23188	92.6	-3.784	1E-3
23208	92.6	-3.784	1E-3
23228	92.2	-3.784	1E-3
23248	91.7	-3.784	1E-3
23268	91.5	-3.784	1E-3
23288	91.2	-3.784	1E-3
23308	90.6	-3.784	1E-3
23328	90.3	-3.784	1E-3
23348	90.1	-3.784	1E-3
23368	89.8	-3.784	1E-3
23388	89.4	-3.784	1E-3
23408	89.1	-3.785	1E-3
23428	88.7	-3.785	1E-3
23448	88.4	-3.785	1E-3
23468	88	-3.785	1E-3
23488	87.8	-3.785	1E-3
23508	87.5	-3.785	1E-3
23528	87	-3.785	1E-3
23548	86.5	-3.785	1E-3
23568	86.1	-3.785	1E-3
23588	85.9	-3.785	1E-3
23608	85.6	-3.785	1E-3
23628	85.4	-3.785	1E-3
23648	85.1	-3.785	1E-3
23668	84.7	-3.785	1E-3
23688	84.7	-3.785	1E-3
23708	84.2	-3.785	1E-3
23728	84	-3.785	1E-3
23748	83.5	-3.785	1E-3
23768	83.3	-3.785	1E-3
23788	83.1	-3.785	1E-3
23808	82.8	-3.785	1E-3
23828	82.4	-3.785	1E-3
23848	82.1	-3.785	1E-3
23868	81.7	-3.785	1E-3
23888	81.4	-3.785	1E-3
23908	80.8	-3.785	1E-3
23928	80.8	-3.785	1E-3
23948	80.7	-3.785	1E-3
23968	80.3	-3.785	1E-3
23988	79.8	-3.785	1E-3
24008	79.6	-3.785	1E-3
24028	79.6	-3.785	1E-3
24048	78.9	-3.785	1E-3
24068	78.8	-3.785	1E-3
24088	78.6	-3.785	1E-3
24108	78.2	-3.785	1E-3
24128	78.2	-3.785	1E-3
24148	77.5	-3.785	1E-3
24168	77.5	-3.785	1E-3
24188	77.2	-3.785	1E-3
24208	77	-3.785	1E-3
24228	76.7	-3.785	1E-3
24248	76.5	-3.785	1E-3
24268	76.3	-3.785	1E-3
24288	76	-3.785	1E-3
24308	75.8	-3.785	1E-3
24328	75.1	-3.785	1E-3
24348	75.1	-3.785	1E-3
24368	74.7	-3.785	1E-3
24388	74.6	-3.785	1E-3
24408	74.2	-3.785	1E-3
24428	74	-3.785	1E-3
24448	74	-3.785	1E-3
24468	73.7	-3.785	1E-3
24488	73.2	-3.785	1E-3
24508	73.2	-3.786	1E-3
24528	72.8	-3.786	1E-3
24548	72.5	-3.786	1E-3
24568	72.6	-3.786	1E-3
24588	71.7	-3.786	1E-3
24608	71.7	-3.786	1E-3
24628	71.6	-3.786	1E-3
24648	71.2	-3.786	1E-3
24668	70.9	-3.786	1E-3
24688	70.9	-3.786	1E-3
24708	70.3	-3.786	1E-3
24728	70.2	-3.786	1E-3
24748	69.8	-3.786	1E-3
24768	69.7	-3.786	1E-3
24788	69.5	-3.786	1E-3
24808	69.3	-3.786	1E-3
24828	69.1	-3.786	1E-3
24848	68.8	-3.786	1E-3
24868	68.8	-3.786	1E-3
24888	68.6	-3.786	1E-3
24908	68.3	-3.786	1E-3
24928	68.1	-3.786	1E-3
24948	67.7	-3.786	1E-3
24968	67.5	-3.786	1E-3
24988	67.2	-3.786	1E-3
25008	67	-3.786	1E-3
25028	66.7	-3.786	1E-3
25048	66.7	-3.786	1E-3
25068	66.5	-3.786	1E-3
25088	66.2	-3.786	1E-3
25108	66	-3.786	1E-3
25128	66	-3.786	1E-3
25148	65.6	-3.786	1E-3
25168	65.4	-3.786	1E-3
25188	64.8	-3.786	1E-3
25208	64.9	-3.786	1E-3
25228	64.6	-3.786	1E-3
25248	64.6	-3.786	1E-3
25268	64.2	-3.786	1E-3
25288	63.9	-3.786	1E-3
25308	63.9	-3.786	1E-3
25328	63.7	-3.786	1E-3
25348	63.9	-3.786	1E-3
25368	63.5	-3.786	1E-3
25388	63.3	-3.786	1E-3
25408	63.2	-3.786	1E-3
25428	62.8	-3.786	1E-3
25448	62.6	-3.786	1E-3
25468	62.5	-3.786	1E-3
25488	62.1	-3.786	1E-3
25508	62.1	-3.786	1E-3
25528	61.8	-3.786	1E-3
25548	61.6	-3.786	1E-3
25568	61.1	-3.786	1E-3
25588	61.1	-3.786	1E-3
25608	61.1	-3.786	1E-3
25628	60.9	-3.786	1E-3
25648	60.9	-3.786	1E-3
25668	60.4	-3.786	1E-3
25688	60.2	-3.786	1E-3
25708	59.9	-3.786	1E-3
25728	59.7	-3.786	1E-3
25748	59.7	-3.786	1E-3
25768	59.5	-3.786	1E-3
25788	59.5	-3.787	1E-3
25808	59.3	-3.787	1E-3
25828	59	-3.787	1E-3
25848	58.8	-3.787	1E-3
25868	58.8	-3.787	1E-3
25888	58.4	-3.787	1E-3
25908	58.4	-3.787	1E-3
25928	57.9	-3.787	1E-3
25948	58.1	-3.787	1E-3
25968	57.9	-3.787	1E-3
25988	57.8	-3.787	1E-3
26008	57.4	-3.787	1E-3
26028	57.4	-3.787	1E-3
26048	57	-3.787	1E-3
26068	57.2	-3.787	1E-3
26088	56.9	-3.787	1E-3
26108	56.4	-3.787	1E-3
26128	56.4	-3.787	1E-3
26148	56.2	-3.787	1E-3
26168	56	-3.787	1E-3
26188	55.8	-3.787	1E-3
26208	55.7	-3.787	1E-3
26228	55.5	-3.787	1E-3
26248	55.3	-3.787	1E-3
26268	55.3	-3.787	1E-3
26288	55.1	-3.787	1E-3
26308	54.8	-3.787	1E-3
26328	54.8	-3.787	1E-3
26348	54.8	-3.787	1E-3
26368	54.6	-3.787	1E-3
26388	54.4	-3.787	1E-3
26408	54.1	-3.787	1E-3
26428	53.7	-3.787	1E-3
26448	53.5	-3.787	1E-3
26468	53.4	-3.787	1E-3
26488	53.4	-3.787	1E-3
26508	53	-3.787	1E-3
26528	52.8	-3.787	1E-3
26548	52.7	-3.787	1E-3
26568	52.8	-3.787	1E-3
26588	52.5	-3.787	1E-3
26608	52.3	-3.787	1E-3
26628	52.3	-3.787	1E-3
26648	52.1	-3.787	1E-3
26668	52.1	-3.787	1E-3
26688	51.8	-3.787	1E-3
26708	51.6	-3.787	1E-3
26728	51.6	-3.787	1E-3
26748	51.3	-3.787	1E-3
26768	51.1	-3.787	1E-3
26788	51.1	-3.787	1E-3
26808	51.1	-3.787	1E-3
26828	50.8	-3.787	1E-3
26848	50.6	-3.787	1E-3
26868	50.4	-3.787	1E-3
26888	50	-3.787	1E-3
26908	50	-3.787	1E-3
26928	50	-3.787	1E-3
26948	50	-3.787	1E-3
26968	49.9	-3.787	1E-3
26988	49.5	-3.787	1E-3
27008	49.3	-3.787	1E-3
27028	49	-3.787	1E-3
27048	49.2	-3.787	1E-3
27068	48.8	-3.787	1E-3
27088	48.8	-3.787	1E-3
27108	48.6	-3.788	1E-3
27128	48.6	-3.788	1E-3
27148	48.5	-3.788	1E-3
27168	48.6	-3.788	1E-3
27188	48.5	-3.788	1E-3
27208	48	-3.788	1E-3
27228	47.8	-3.788	1E-3
27248	48	-3.788	1E-3
27268	47.6	-3.788	1E-3
27288	47.3	-3.788	1E-3
27308	47.4	-3.788	1E-3
27328	47.3	-3.788	1E-3
27348	47.3	-3.788	1E-3
27368	47.1	-3.788	1E-3
27388	46.7	-3.788	1E-3
27408	46.9	-3.788	1E-3
27428	46.7	-3.788	1E-3
27448	46.7	-3.788	1E-3
27468	46.4	-3.788	1E-3
27488	46.2	-3.788	1E-3
27508	46.2	-3.788	1E-3
27528	46	-3.788	1E-3
27548	46	-3.788	1E-3
27568	46	-3.788	1E-3
27588	45.5	-3.788	1E-3
27608	45.5	-3.788	1E-3
27628	45.5	-3.788	1E-3
27648	45.3	-3.788	1E-3
27668	45.3	-3.788	1E-3
27688	45.1	-3.788	1E-3
27708	45.1	-3.788	1E-3
27728	44.8	-3.788	1E-3
27748	44.6	-3.788	1E-3
27768	44.8	-3.788	1E-3
27788	44.6	-3.788	1E-3
27808	44.3	-3.788	1E-3
27828	44.3	-3.788	1E-3
27848	44.3	-3.788	1E-3
27868	44.3	-3.788	1E-3
27888	44.1	-3.788	1E-3
27908	43.9	-3.788	1E-3
27928	43.6	-3.788	1E-3
27948	43.8	-3.788	1E-3
27968	43.4	-3.788	1E-3
27988	43.2	-3.788	1E-3
28008	43.4	-3.788	1E-3
28028	43.2	-3.788	1E-3
28048	43.1	-3.788	1E-3
28068	43.1	-3.788	1E-3
28088	42.5	-3.788	1E-3
28108	42.7	-3.788	1E-3
28128	42.5	-3.788	1E-3
28148	42.5	-3.788	1E-3
28168	42.5	-3.788	1E-3
28188	42.3	-3.788	1E-3
28208	42.3	-3.788	1E-3
28228	42	-3.788	1E-3
28248	42.2	-3.788	1E-3
28268	41.8	-3.788	1E-3
28288	41.8	-3.788	1E-3
28308	41.7	-3.788	1E-3
28328	41.7	-3.788	1E-3
28348	41.7	-3.788	1E-3
28368	41.7	-3.788	1E-3
28388	41.5	-3.788	1E-3
28408	41.3	-3.788	1E-3
28428	41.1	-3.788	1E-3
28448	41.1	-3.788	1E-3
28468	41	-3.788	1E-3
28488	41.1	-3.788	1E-3
28508	41	-3.788	1E-3
28528	41	-3.788	1E-3
28548	40.6	-3.788	1E-3
28568	40.6	-3.788	1E-3
28588	40.6	-3.788	1E-3
28608	40.3	-3.788	1E-3
28628	40.1	-3.788	1E-3
28648	40.4	-3.788	1E-3
28668	39.9	-3.788	1E-3
28688	40.1	-3.788	1E-3
28708	39.9	-3.788	1E-3
28728	39.6	-3.788	1E-3
28748	39.4	-3.788	1E-3
28768	39.6	-3.788	1E-3
28788	39.7	-3.788	1E-3
28808	39.4	-3.788	1E-3
28828	39.6	-3.788	1E-3
28848	39.2	-3.788	1E-3
28868	39.2	-3.788	1E-3
28888	39.2	-3.788	1E-3
28908	38.8	-3.788	1E-3
28928	38.7	-3.788	1E-3
28948	39	-3.788	1E-3
28968	38.8	-3.788	1E-3
28988	38.8	-3.788	1E-3
29008	38.7	-3.788	1E-3
29028	38.7	-3.788	1E-3
29048	38.5	-3.788	1E-3
29068	38.3	-3.789	1E-3
29088	38.2	-3.789	1E-3
29108	38.2	-3.789	1E-3
29128	38.2	-3.789	1E-3
29148	38	-3.789	1E-3
29168	38.3	-3.789	1E-3
29188	37.6	-3.789	1E-3
29208	37.8	-3.789	1E-3
29228	37.8	-3.789	1E-3
29248	37.5	-3.789	1E-3
29268	37.6	-3.789	1E-3
29288	37.8	-3.789	1E-3
29308	37.5	-3.789	1E-3
29328	37.3	-3.789	1E-3
29348	37.3	-3.789	1E-3
29368	37.1	-3.789	1E-3
29388	37.3	-3.789	1E-3
29408	36.9	-3.789	1E-3
29428	36.9	-3.789	1E-3
29448	36.9	-3.789	1E-3
29468	36.9	-3.789	1E-3
29488	36.9	-3.789	1E-3
29508	36.6	-3.789	1E-3
29528	36.6	-3.789	1E-3
29548	36.6	-3.789	1E-3
29568	36.6	-3.789	1E-3
29588	36.8	-3.789	1E-3
29608	36.8	-3.789	1E-3
29628	36.4	-3.789	1E-3
29648	36.2	-3.789	1E-3
29668	36	-3.789	1E-3
29688	36	-3.789	1E-3
29708	35.9	-3.789	1E-3
29728	36	-3.789	1E-3
29748	36.2	-3.789	1E-3
29768	35.9	-3.789	1E-3
29788	35.7	-3.789	1E-3
29808	35.9	-3.789	1E-3
29828	35.9	-3.789	1E-3
29848	35.7	-3.789	1E-3
29868	35.7	-3.789	1E-3
29888	35.5	-3.789	1E-3
29908	35.3	-3.789	1E-3
29928	35.5	-3.789	1E-3
29948	35.5	-3.789	1E-3
29968	35.3	-3.789	1E-3
29988	35.2	-3.789	1E-3
30008	35.2	-3.789	1E-3
30028	35	-3.789	1E-3
30048	35	-3.789	1E-3
30068	35.2	-3.789	1E-3
30088	35	-3.789	1E-3
30108	35	-3.789	1E-3
30128	35	-3.789	1E-3
30148	34.7	-3.789	1E-3
30168	35	-3.789	1E-3
30188	34.5	-3.789	1E-3
30208	34.3	-3.789	1E-3
30228	34.8	-3.789	1E-3
30248	34.5	-3.789	1E-3
30268	34.1	-3.789	1E-3
30288	34.1	-3.789	1E-3
30308	34.1	-3.789	1E-3
30328	34.3	-3.789	1E-3
30348	34	-3.789	1E-3
30368	33.8	-3.789	1E-3
30388	34	-3.789	1E-3
30408	34	-3.789	1E-3
30428	33.8	-3.789	1E-3
30448	34	-3.789	1E-3
30468	34	-3.789	1E-3
30488	33.8	-3.789	1E-3
30508	33.6	-3.789	1E-3
30528	33.4	-3.789	1E-3
30548	33.6	-3.789	1E-3
30568	33.4	-3.789	1E-3
30588	33.6	-3.789	1E-3
30608	33.6	-3.789	1E-3
30628	33.4	-3.789	1E-3
30648	33.1	-3.789	1E-3
30668	32.9	-3.789	1E-3
30688	33.3	-3.789	1E-3
30708	33.3	-3.789	1E-3
30728	33.3	-3.789	1E-3
30748	33.1	-3.789	1E-3
30768	32.9	-3.789	1E-3
30788	32.9	-3.789	1E-3
30808	32.7	-3.789	1E-3
30828	32.7	-3.789	1E-3
30848	32.7	-3.789	1E-3
30868	32.7	-3.789	1E-3
30888	32.5	-3.789	1E-3
30908	33.1	-3.789	1E-3
30928	32.7	-3.789	1E-3
30948	32.5	-3.789	1E-3
30968	32.7	-3.789	1E-3
30988	32.5	-3.789	1E-3
31008	32.4	-3.789	1E-3
31028	32.5	-3.789	1E-3
31048	32.4	-3.789	1E-3
31068	32.4	-3.789	1E-3
31088	32.2	-3.789	1E-3
31108	32.2	-3.789	1E-3
31128	32.2	-3.789	1E-3
31148	32	-3.789	1E-3
31168	32.2	-3.789	1E-3
31188	31.9	-3.789	1E-3
31208	31.7	-3.789	1E-3
31228	31.9	-3.789	1E-3
31248	32.2	-3.789	1E-3
31268	32	-3.789	1E-3
31288	31.9	-3.789	1E-3
31308	31.7	-3.789	1E-3
31328	32	-3.789	1E-3
31348	31.7	-3.789	1E-3
31368	31.5	-3.789	1E-3
31388	31.5	-3.789	1E-3
31408	31.7	-3.789	1E-3
31428	31.5	-3.789	1E-3
31448	31.3	-3.789	1E-3
31468	31.1	-3.789	1E-3
31488	31.3	-3.789	1E-3
31508	31.1	-3.789	1E-3
31528	31.3	-3.789	1E-3
31548	31.1	-3.789	1E-3
31568	31.5	-3.789	1E-3
