0	13.6	0	1E-3
20	13.6	0	1E-3
40	13.3	0	1E-3
60	13.6	0	1E-3
80	13.6	0	1E-3
100	13.8	0	1E-3
120	13.6	0	1E-3
140	13.6	0	1E-3
160	13.6	0	1E-3
180	13.6	0	1E-3
200	13.6	0	1E-3
220	13.5	0	1E-3
240	13.3	0	1E-3
260	13.3	0	1E-3
280	13.8	0	1E-3
300	13.6	0	1E-3
320	13.3	-1E-3	1E-3
341	13.5	-1E-3	1E-3
365	13.3	-1E-3	1E-3
385	13.3	-1E-3	1E-3
405	13.6	-1E-3	1E-3
425	13.6	-1E-3	1E-3
445	13.6	-1E-3	1E-3
465	13.6	-1E-3	1E-3
485	14.4	-1E-3	1E-3
505	13.6	-1E-3	1E-3
525	14.2	-1E-3	1E-3
546	14.4	-1E-3	1E-3
570	14.4	-1E-3	1E-3
590	15.1	-1E-3	1E-3
610	15.1	-1E-3	1E-3
631	15.2	-1E-3	1E-3
651	15.4	-1E-3	1E-3
671	15.2	-0.002	1E-3
691	16.3	-0.002	1E-3
712	16.4	-0.002	1E-3
732	16.4	-0.002	1E-3
753	16.8	-0.002	1E-3
773	16.8	-0.002	1E-3
793	17.3	-0.002	1E-3
813	17.3	-0.002	1E-3
833	17.5	-0.002	1E-3
853	18.2	-0.002	1E-3
873	18.5	-0.002	1E-3
893	18.9	-0.002	1E-3
913	18.9	-0.002	1E-3
934	19.6	-0.002	1E-3
958	20.1	-0.002	1E-3
978	20.3	-0.002	1E-3
998	20.8	-0.002	1E-3
1018	21.4	-0.002	1E-3
1038	21.7	-0.003	1E-3
1058	22	-0.003	1E-3
1078	22.4	-0.003	1E-3
1098	22.9	-0.003	1E-3
1118	23.6	-0.003	1E-3
1138	23.8	-0.003	1E-3
1158	24.5	-0.003	1E-3
1178	24.7	-0.003	1E-3
1200	25.2	-0.003	1E-3
1223	25.9	-0.003	1E-3
1243	26.4	-0.003	1E-3
1263	27.1	-0.003	1E-3
1284	27.3	-0.003	1E-3
1304	27.8	-0.003	1E-3
1325	28.5	-0.003	1E-3
1345	28.9	-0.003	1E-3
1365	29	-0.003	1E-3
1385	29.8	-0.004	1E-3
1405	30.3	-0.004	1E-3
1425	30.5	-0.004	1E-3
1445	31.3	-0.004	1E-3
1465	31.7	-0.004	1E-3
1485	32.2	-0.004	1E-3
1505	32.7	-0.004	1E-3
1525	33.3	-0.004	1E-3
1545	34	-0.004	1E-3
1565	34.3	-0.004	1E-3
1585	35	-0.004	1E-3
1605	35.9	-0.004	1E-3
1625	36.2	-0.004	1E-3
1645	36.6	-0.004	1E-3
1665	37.5	-0.004	1E-3
1686	38	-0.004	1E-3
1706	38.3	-0.005	1E-3
1726	39.2	-0.005	1E-3
1746	39.9	-0.005	1E-3
1766	40.6	-0.005	1E-3
1786	41.1	-0.005	1E-3
1806	41.8	-0.005	1E-3
1826	42.5	-0.005	1E-3
1846	43.1	-0.005	1E-3
1866	43.9	-0.005	1E-3
1886	44.5	-0.005	1E-3
1906	45.1	-0.005	1E-3
1926	45.7	-0.005	1E-3
1946	46.4	-0.005	1E-3
1966	47.3	-0.005	1E-3
1986	47.8	-0.005	1E-3
2006	48.6	-0.005	1E-3
2026	49.5	-0.005	1E-3
2046	50.2	-0.005	1E-3
2066	51.1	-0.006	1E-3
2086	51.6	-0.006	1E-3
2106	52.5	-0.006	1E-3
2126	52.8	-0.006	1E-3
2146	53.9	-0.006	1E-3
2166	54.6	-0.006	1E-3
2186	55.3	-0.006	1E-3
2206	56.2	-0.006	1E-3
2226	57	-0.006	1E-3
2246	57.8	-0.007	1E-3
2266	58.6	-0.007	1E-3
2286	59.7	-0.007	1E-3
2306	60.4	-0.007	1E-3
2326	61.1	-0.007	1E-3
2346	61.8	-0.007	1E-3
2366	62.6	-0.008	1E-3
2386	63.3	-0.008	1E-3
2406	63.9	-0.008	1E-3
2426	64.6	-0.008	1E-3
2446	65.4	-0.009	1E-3
2466	66.2	-0.009	1E-3
2486	66.8	-0.009	1E-3
2506	67.5	-0.01	1E-3
2526	68.4	-0.01	1E-3
2546	69.3	-0.01	1E-3
2566	70.2	-0.011	1E-3
2586	70.9	-0.011	1E-3
2606	71.9	-0.011	1E-3
2626	72.6	-0.012	1E-3
2646	73.3	-0.012	1E-3
2666	74	-0.013	1E-3
2686	74.9	-0.013	1E-3
2706	76	-0.013	1E-3
2726	76.8	-0.014	1E-3
2746	77.5	-0.014	1E-3
2766	78.4	-0.015	1E-3
2786	79.5	-0.015	1E-3
2806	80.3	-0.016	1E-3
2826	81.2	-0.016	1E-3
2846	82.1	-0.017	1E-3
2866	82.9	-0.018	1E-3
2886	84	-0.018	1E-3
2906	84.9	-0.019	1E-3
2926	85.8	-0.02	1E-3
2946	86.6	-0.021	1E-3
2966	87.3	-0.021	1E-3
2986	88.6	-0.022	1E-3
3006	89.3	-0.023	1E-3
3026	90.3	-0.024	1E-3
3046	91.5	-0.025	1E-3
3066	92.2	-0.026	1E-3
3086	93.1	-0.027	1E-3
3106	94.2	-0.028	1E-3
3126	95	-0.03	1E-3
3146	95.9	-0.031	1E-3
3166	96.9	-0.032	1E-3
3186	97.8	-0.034	1E-3
3206	98.9	-0.035	1E-3
3226	99.7	-0.036	1E-3
3246	100.8	-0.038	1E-3
3266	102	-0.04	1E-3
3286	103.1	-0.042	1E-3
3306	103.9	-0.044	1E-3
3326	104.8	-0.045	1E-3
3346	105.9	-0.046	1E-3
3366	106.9	-0.048	1E-3
3386	107.8	-0.05	1E-3
3406	108.8	-0.052	1E-3
3426	110.1	-0.053	1E-3
3446	110.9	-0.055	1E-3
3466	112	-0.056	1E-3
3486	112.9	-0.058	1E-3
3506	113.9	-0.059	1E-3
3526	115.1	-0.061	1E-3
3546	115.8	-0.062	1E-3
3566	117.1	-0.064	1E-3
3586	118.1	-0.066	1E-3
3606	119.2	-0.068	1E-3
3626	120.2	-0.07	1E-3
3646	121.1	-0.072	1E-3
3666	122.5	-0.074	1E-3
3686	123.4	-0.076	1E-3
3706	124.6	-0.078	1E-3
3726	125.8	-0.081	1E-3
3746	126.3	-0.083	1E-3
3766	127.6	-0.085	1E-3
3786	128.8	-0.087	1E-3
3806	129.5	-0.089	1E-3
3826	130.7	-0.091	1E-3
3846	131.8	-0.094	1E-3
3866	132.7	-0.095	1E-3
3886	134.1	-0.097	1E-3
3906	135.1	-0.099	1E-3
3926	136.3	-0.101	1E-3
3946	137.7	-0.103	1E-3
3966	138.8	-0.105	1E-3
3986	139.7	-0.107	1E-3
4006	141.2	-0.11	1E-3
4026	142.1	-0.113	1E-3
4046	143.5	-0.116	1E-3
4066	144.7	-0.119	1E-3
4086	145.8	-0.123	1E-3
4106	146.8	-0.126	1E-3
4126	148.2	-0.129	1E-3
4146	149.4	-0.132	1E-3
4166	150.8	-0.134	1E-3
4186	151.9	-0.137	1E-3
4206	153.1	-0.139	1E-3
4226	153.8	-0.14	1E-3
4246	154.9	-0.142	1E-3
4266	155.9	-0.144	1E-3
4286	157	-0.145	1E-3
4306	158.2	-0.146	1E-3
4326	159.4	-0.148	1E-3
4346	160.3	-0.15	1E-3
4366	161.5	-0.151	1E-3
4386	162.6	-0.152	1E-3
4406	163.6	-0.154	1E-3
4426	164.9	-0.155	1E-3
4446	166.1	-0.156	1E-3
4466	167.1	-0.158	1E-3
4486	168	-0.159	1E-3
4506	169.4	-0.161	1E-3
4526	170.4	-0.163	1E-3
4546	171.3	-0.164	1E-3
4566	172.7	-0.165	1E-3
4586	174.1	-0.166	1E-3
4606	175	-0.167	1E-3
4626	176.2	-0.169	1E-3
4646	177.5	-0.17	1E-3
4666	178.7	-0.172	1E-3
4686	179.6	-0.173	1E-3
4706	180.9	-0.174	1E-3
4726	181.8	-0.175	1E-3
4746	183.1	-0.177	1E-3
4766	183.8	-0.178	1E-3
4786	185.3	-0.179	1E-3
4806	186	-0.181	1E-3
4826	187.4	-0.182	1E-3
4846	188.3	-0.183	1E-3
4866	190.1	-0.185	1E-3
4886	190.8	-0.186	1E-3
4906	192.1	-0.188	1E-3
4926	193.4	-0.19	1E-3
4946	194.3	-0.192	1E-3
4966	195.5	-0.193	1E-3
4986	196.7	-0.195	1E-3
5006	197.8	-0.197	1E-3
5026	198.8	-0.199	1E-3
5046	200.4	-0.202	1E-3
5066	201.3	-0.204	1E-3
5086	202.5	-0.205	1E-3
5106	203.5	-0.207	1E-3
5126	204.8	-0.209	1E-3
5146	206.1	-0.211	1E-3
5166	207.4	-0.213	1E-3
5186	208.1	-0.215	1E-3
5206	209.1	-0.217	1E-3
5226	210.2	-0.218	1E-3
5246	211.1	-0.22	1E-3
5266	212.3	-0.222	1E-3
5286	213.3	-0.224	1E-3
5306	214.7	-0.226	1E-3
5326	215.8	-0.228	1E-3
5346	216.8	-0.231	1E-3
5366	217.9	-0.233	1E-3
5386	219.3	-0.235	1E-3
5406	220.1	-0.238	1E-3
5426	221.4	-0.241	1E-3
5446	222.4	-0.244	1E-3
5466	223.7	-0.246	1E-3
5486	225.1	-0.248	1E-3
5506	226.3	-0.251	1E-3
5526	227.3	-0.254	1E-3
5546	228.6	-0.256	1E-3
5566	229.6	-0.258	1E-3
5586	230.6	-0.261	1E-3
5606	232.2	-0.263	1E-3
5626	233.1	-0.265	1E-3
5646	234.1	-0.268	1E-3
5666	235.2	-0.271	1E-3
5686	236.4	-0.273	1E-3
5706	237.5	-0.276	1E-3
5726	238.7	-0.279	1E-3
5746	240.1	-0.283	1E-3
5766	241	-0.285	1E-3
5786	241.9	-0.287	1E-3
5806	243.3	-0.29	1E-3
5826	244.5	-0.292	1E-3
5846	245.7	-0.295	1E-3
5866	246.8	-0.297	1E-3
5886	248	-0.299	1E-3
5906	249.2	-0.301	1E-3
5926	250.4	-0.304	1E-3
5946	251.5	-0.306	1E-3
5966	252.9	-0.308	1E-3
5986	253.9	-0.311	1E-3
6021	256.2	-0.315	1E-3
6051	257.9	-0.32	1E-3
6071	259.2	-0.323	1E-3
6091	260.4	-0.325	1E-3
6111	261.6	-0.327	1E-3
6131	262.5	-0.33	1E-3
6151	263.7	-0.333	1E-3
6171	264.8	-0.335	1E-3
6191	266	-0.337	1E-3
6211	267.1	-0.34	1E-3
6231	268.5	-0.342	1E-3
6251	269.3	-0.344	1E-3
6271	270.7	-0.346	1E-3
6291	271.8	-0.349	1E-3
6311	272.6	-0.352	1E-3
6331	273.7	-0.354	1E-3
6351	274.6	-0.356	1E-3
6371	275.6	-0.359	1E-3
6391	276.7	-0.362	1E-3
6411	277.6	-0.364	1E-3
6431	278.4	-0.366	1E-3
6451	279.3	-0.368	1E-3
6471	280.2	-0.37	1E-3
6491	281	-0.372	1E-3
6511	281.8	-0.374	1E-3
6531	282.6	-0.376	1E-3
6551	283.5	-0.378	1E-3
6571	284	-0.38	1E-3
6591	284.9	-0.381	1E-3
6636	286.5	-0.385	1E-3
6656	287.5	-0.386	1E-3
6676	288.2	-0.388	1E-3
6696	288.9	-0.391	1E-3
6716	289.8	-0.393	1E-3
6736	290.7	-0.396	1E-3
6756	291.4	-0.399	1E-3
6776	292.3	-0.402	1E-3
6796	293.7	-0.405	1E-3
6816	294.5	-0.407	1E-3
6836	295.6	-0.41	1E-3
6856	296.8	-0.413	1E-3
6876	297.7	-0.416	1E-3
6896	299.1	-0.419	1E-3
6916	300.1	-0.422	1E-3
6936	301.5	-0.425	1E-3
6956	302.6	-0.428	1E-3
6976	304	-0.432	1E-3
6996	305	-0.436	1E-3
7016	306.6	-0.441	1E-3
7036	308	-0.445	1E-3
7056	309.6	-0.449	1E-3
7076	310.8	-0.453	1E-3
7096	312.4	-0.457	1E-3
7116	314	-0.46	1E-3
7136	315.4	-0.464	1E-3
7156	316.9	-0.468	1E-3
7176	318.7	-0.473	1E-3
7196	320.1	-0.478	1E-3
7216	322	-0.484	1E-3
7236	323.6	-0.488	1E-3
7256	325.3	-0.493	1E-3
7276	327.1	-0.498	1E-3
7296	329	-0.502	1E-3
7316	330.8	-0.507	1E-3
7336	332.5	-0.513	1E-3
7356	334.6	-0.519	1E-3
7376	336.3	-0.525	1E-3
7396	338.1	-0.531	1E-3
7416	340	-0.536	1E-3
7436	341.8	-0.541	1E-3
7456	343.9	-0.547	1E-3
7476	346.2	-0.553	1E-3
7496	347.9	-0.56	1E-3
7516	350	-0.566	1E-3
7536	351.9	-0.573	1E-3
7556	354	-0.578	1E-3
7576	356.1	-0.584	1E-3
7596	358	-0.59	1E-3
7616	360.3	-0.597	1E-3
7636	362.1	-0.605	1E-3
7656	364.2	-0.611	1E-3
7676	366.1	-0.617	1E-3
7696	368.2	-0.623	1E-3
7716	370.3	-0.63	1E-3
7736	372.6	-0.638	1E-3
7756	374.7	-0.646	1E-3
7776	376.8	-0.653	1E-3
7796	379	-0.66	1E-3
7816	381	-0.667	1E-3
7836	383.4	-0.675	1E-3
7856	385.7	-0.684	1E-3
7876	387.8	-0.692	1E-3
7896	389.9	-0.699	1E-3
7916	392	-0.707	1E-3
7936	394.5	-0.715	1E-3
7956	396.5	-0.725	1E-3
7976	399	-0.733	1E-3
7996	401.1	-0.741	1E-3
8016	403.4	-0.75	1E-3
8036	406	-0.759	1E-3
8056	408.3	-0.768	1E-3
8076	410.5	-0.777	1E-3
8096	412.6	-0.785	1E-3
8116	415.1	-0.795	1E-3
8136	417.4	-0.805	1E-3
8156	419.8	-0.814	1E-3
8176	421.9	-0.823	1E-3
8196	424.4	-0.832	1E-3
8216	426.6	-0.844	1E-3
8236	428.9	-0.853	1E-3
8256	431.6	-0.862	1E-3
8276	434	-0.873	1E-3
8296	436.5	-0.884	1E-3
8316	438.5	-0.894	1E-3
8336	440.6	-0.903	1E-3
8356	442.9	-0.914	1E-3
8377	445.5	-0.925	1E-3
8401	448.5	-0.938	1E-3
8421	450.6	-0.947	1E-3
8442	453.1	-0.959	1E-3
8466	456.2	-0.973	1E-3
8486	458.7	-0.983	1E-3
8506	460.9	-0.994	1E-3
8526	462.7	-1.006	1E-3
8546	465	-1.017	1E-3
8566	467.3	-1.027	1E-3
8586	469.7	-1.039	1E-3
8606	471.8	-1.05	1E-3
8626	474.4	-1.061	1E-3
8646	476.7	-1.072	1E-3
8666	479	-1.084	1E-3
8686	481.4	-1.095	1E-3
8706	483.7	-1.105	1E-3
8726	486.1	-1.117	1E-3
8746	488.4	-1.129	1E-3
8766	490.4	-1.139	1E-3
8786	492.6	-1.15	1E-3
8807	495.1	-1.163	1E-3
8831	498.2	-1.176	1E-3
8851	500.3	-1.186	1E-3
8871	502.8	-1.197	1E-3
8891	505	-1.209	1E-3
8911	507.5	-1.219	1E-3
8931	509.6	-1.23	1E-3
8951	511.9	-1.242	1E-3
8971	514	-1.253	1E-3
8991	516.6	-1.263	1E-3
9011	518.9	-1.274	1E-3
9031	521.2	-1.286	1E-3
9051	523.6	-1.296	1E-3
9071	526	-1.306	1E-3
9091	528.2	-1.317	1E-3
9111	530.4	-1.328	1E-3
9131	532.9	-1.339	1E-3
9151	535.1	-1.348	1E-3
9171	537.1	-1.36	1E-3
9191	539.7	-1.37	1E-3
9211	541.8	-1.38	1E-3
9231	544.3	-1.39	1E-3
9251	546.5	-1.401	1E-3
9271	549	-1.411	1E-3
9291	551.3	-1.421	1E-3
9311	553.5	-1.43	1E-3
9331	556	-1.441	1E-3
9351	558.1	-1.451	1E-3
9371	560.2	-1.46	1E-3
9391	562.4	-1.469	1E-3
9411	564.5	-1.48	1E-3
9431	566.8	-1.49	1E-3
9451	569.1	-1.499	1E-3
9471	571.4	-1.508	1E-3
9491	573.6	-1.518	1E-3
9511	575.9	-1.528	1E-3
9531	578	-1.537	1E-3
9551	580.5	-1.546	1E-3
9571	582.4	-1.555	1E-3
9591	584.7	-1.566	1E-3
9612	586.8	-1.575	1E-3
9636	589.6	-1.585	1E-3
9656	591.8	-1.595	1E-3
9676	594.1	-1.605	1E-3
9696	595.9	-1.614	1E-3
9716	598.5	-1.622	1E-3
9736	600.6	-1.631	1E-3
9756	602.9	-1.641	1E-3
9776	605.2	-1.65	1E-3
9797	607.3	-1.659	1E-3
9817	609.2	-1.667	1E-3
9837	611.4	-1.677	1E-3
9857	613.5	-1.686	1E-3
9877	616	-1.695	1E-3
9897	618.3	-1.703	1E-3
9917	620.2	-1.713	1E-3
9937	622.8	-1.723	1E-3
9957	625.1	-1.732	1E-3
9977	627.4	-1.74	1E-3
9997	629.3	-1.749	1E-3
10017	631.4	-1.758	1E-3
10037	633.7	-1.768	1E-3
10057	635.8	-1.777	1E-3
10077	637.9	-1.785	1E-3
10097	640.3	-1.795	1E-3
10117	642.6	-1.805	1E-3
10137	644.9	-1.814	1E-3
10157	647.3	-1.822	1E-3
10177	649.4	-1.831	1E-3
10197	651.5	-1.842	1E-3
10217	653.6	-1.851	1E-3
10237	655.9	-1.86	1E-3
10257	657.8	-1.869	1E-3
10277	660.1	-1.879	1E-3
10297	662.2	-1.888	1E-3
10317	664.3	-1.897	1E-3
10337	666.6	-1.906	1E-3
10357	668.8	-1.916	1E-3
10377	671	-1.926	1E-3
10397	672.9	-1.935	1E-3
10417	675.2	-1.943	1E-3
10437	677.1	-1.953	1E-3
10457	679.2	-1.964	1E-3
10477	681.4	-1.973	1E-3
10497	683.6	-1.981	1E-3
10517	685.7	-1.99	1E-3
10537	687.8	-2	1E-3
10557	689.8	-2.01	1E-3
10577	692.1	-2.018	1E-3
10597	694.2	-2.027	1E-3
10617	696.3	-2.036	1E-3
10637	698.4	-2.047	1E-3
10657	700.5	-2.056	1E-3
10677	702.6	-2.064	1E-3
10697	704.5	-2.073	1E-3
10717	706.7	-2.084	1E-3
10737	708.9	-2.093	1E-3
10757	710.8	-2.101	1E-3
10777	713.1	-2.111	1E-3
10797	715	-2.121	1E-3
10817	717.1	-2.13	1E-3
10837	719.4	-2.138	1E-3
10857	721.4	-2.147	1E-3
10877	723.5	-2.156	1E-3
10897	725.2	-2.166	1E-3
10917	727.5	-2.175	1E-3
10937	729.8	-2.183	1E-3
10957	731.8	-2.192	1E-3
10977	733.9	-2.202	1E-3
10997	736.1	-2.211	1E-3
11017	738.2	-2.219	1E-3
11037	740.2	-2.228	1E-3
11057	742.3	-2.237	1E-3
11077	744.6	-2.247	1E-3
11097	746.7	-2.256	1E-3
11117	748.7	-2.263	1E-3
11137	750.6	-2.273	1E-3
11157	752.7	-2.283	1E-3
11177	755	-2.292	1E-3
11197	757	-2.3	1E-3
11217	759.3	-2.308	1E-3
11237	761.4	-2.318	1E-3
11257	763.3	-2.327	1E-3
11277	765.5	-2.336	1E-3
11297	767.5	-2.344	1E-3
11317	769.5	-2.353	1E-3
11337	771.6	-2.363	1E-3
11357	773.3	-2.372	1E-3
11377	775.6	-2.381	1E-3
11397	777.5	-2.389	1E-3
11417	779.8	-2.398	1E-3
11437	781.7	-2.408	1E-3
11457	784	-2.417	1E-3
11477	786.1	-2.425	1E-3
11497	788	-2.434	1E-3
11517	789.9	-2.444	1E-3
11537	791.9	-2.453	1E-3
11557	794	-2.461	1E-3
11577	796.1	-2.47	1E-3
11597	797.8	-2.48	1E-3
11617	800.3	-2.489	1E-3
11637	802.2	-2.498	1E-3
11657	804.1	-2.506	1E-3
11677	806.2	-2.515	1E-3
11697	808.3	-2.526	1E-3
11717	810.4	-2.535	1E-3
11737	812.5	-2.543	1E-3
11757	814.5	-2.552	1E-3
11777	816.4	-2.563	1E-3
11797	818.5	-2.572	1E-3
11817	820.4	-2.581	1E-3
11837	822.5	-2.589	1E-3
11857	824.4	-2.599	1E-3
11877	826.9	-2.609	1E-3
11897	828.6	-2.618	1E-3
11917	831.1	-2.626	1E-3
11937	832.8	-2.636	1E-3
11957	835.1	-2.646	1E-3
11977	837.2	-2.656	1E-3
11997	838.9	-2.664	1E-3
12017	840.9	-2.672	1E-3
12037	842.8	-2.685	1E-3
12057	845.1	-2.694	1E-3
12077	847.2	-2.702	1E-3
12097	849.3	-2.712	1E-3
12117	851.2	-2.722	1E-3
12137	853.5	-2.732	1E-3
12157	855.4	-2.74	1E-3
12177	857.3	-2.749	1E-3
12197	859.6	-2.759	1E-3
12217	861.9	-2.769	1E-3
12237	863.5	-2.778	1E-3
12257	865.7	-2.786	1E-3
12277	867.7	-2.796	1E-3
12297	869.6	-2.806	1E-3
12317	871.7	-2.815	1E-3
12337	873.6	-2.823	1E-3
12357	875.9	-2.832	1E-3
12377	878	-2.842	1E-3
12397	880.1	-2.851	1E-3
12417	882.3	-2.859	1E-3
12437	884.5	-2.867	1E-3
12457	886.4	-2.876	1E-3
12477	888.1	-2.885	1E-3
12497	890.2	-2.894	1E-3
12517	892.2	-2.901	1E-3
12537	894.4	-2.909	1E-3
12557	896.3	-2.918	1E-3
12577	898.5	-2.926	1E-3
12597	900.5	-2.935	1E-3
12617	902.3	-2.942	1E-3
12637	904.4	-2.949	1E-3
12657	906.7	-2.957	1E-3
12677	908.4	-2.965	1E-3
12697	910.5	-2.973	1E-3
12717	912.4	-2.98	1E-3
12737	914.4	-2.986	1E-3
12757	916.5	-2.994	1E-3
12777	918.7	-3.002	1E-3
12797	920.5	-3.008	1E-3
12817	922.6	-3.015	1E-3
12837	924.7	-3.021	1E-3
12857	926.8	-3.027	1E-3
12877	928.7	-3.034	1E-3
12897	930.8	-3.041	1E-3
12917	932.6	-3.047	1E-3
12937	934.8	-3.053	1E-3
12957	937	-3.059	1E-3
12977	938.7	-3.064	1E-3
12997	941.2	-3.07	1E-3
13017	942.9	-3.075	1E-3
13037	945.3	-3.082	1E-3
13057	947.1	-3.087	1E-3
13077	949	-3.093	1E-3
13097	951	-3.098	1E-3
13117	953	-3.102	1E-3
13137	955	-3.107	1E-3
13157	957.3	-3.112	1E-3
13177	959.2	-3.117	1E-3
13197	960.9	-3.123	1E-3
13217	963.2	-3.127	1E-3
13237	965.3	-3.132	1E-3
13257	967.2	-3.136	1E-3
13277	969.3	-3.14	1E-3
13297	971.6	-3.144	1E-3
13317	973.5	-3.148	1E-3
13337	975.6	-3.153	1E-3
13357	977.4	-3.156	1E-3
13377	979.5	-3.161	1E-3
13397	981.6	-3.165	1E-3
13417	983.7	-3.169	1E-3
13437	986	-3.173	1E-3
13457	987.9	-3.176	1E-3
13477	990	-3.179	1E-3
13497	992.1	-3.183	1E-3
13517	994.2	-3.185	1E-3
13537	995.9	-3.189	1E-3
13557	997.9	-3.193	1E-3
13577	999.8	-3.196	1E-3
13597	1001.9	-3.2	1E-3
13617	1004	-3.203	1E-3
13637	1005.9	-3.206	1E-3
13657	1008.2	-3.209	1E-3
13677	1010.1	-3.212	1E-3
13697	1012.2	-3.215	1E-3
13718	1014.3	-3.217	1E-3
13740	1016.4	-3.22	1E-3
13761	1018.8	-3.223	1E-3
13781	1020.6	-3.225	1E-3
13802	1022.5	-3.228	1E-3
13824	1025	-3.231	1E-3
13848	1027.4	-3.234	1E-3
13868	1029.5	-3.236	1E-3
13888	1031.6	-3.239	1E-3
13908	1033.6	-3.242	1E-3
13929	1035.8	-3.244	1E-3
13949	1037.8	-3.246	1E-3
13969	1039.8	-3.248	1E-3
13989	1041.6	-3.251	1E-3
14009	1043.5	-3.253	1E-3
14029	1045.8	-3.255	1E-3
14049	1047.9	-3.257	1E-3
14069	1049.8	-3.258	1E-3
14089	1051.9	-3.26	1E-3
14109	1054	-3.262	1E-3
14129	1056.1	-3.263	1E-3
14149	1058.1	-3.265	1E-3
14169	1060	-3.267	1E-3
14189	1062.3	-3.269	1E-3
14209	1064.3	-3.27	1E-3
14229	1065.9	-3.272	1E-3
14249	1068.2	-3.274	1E-3
14269	1070.3	-3.275	1E-3
14289	1072.2	-3.277	1E-3
14309	1074.3	-3.279	1E-3
14329	1076.3	-3.281	1E-3
14349	1078.5	-3.282	1E-3
14369	1080.6	-3.284	1E-3
14389	1082.4	-3.285	1E-3
14409	1084.6	-3.286	1E-3
14429	1086.8	-3.288	1E-3
14449	1088.7	-3.289	1E-3
14469	1090.8	-3.29	1E-3
14489	1092.5	-3.292	1E-3
14509	1095	-3.293	1E-3
14529	1097.1	-3.294	1E-3
14549	1099	-3.295	1E-3
14569	1101.3	-3.296	1E-3
14589	1103.2	-3.297	1E-3
14609	1105.3	-3.298	1E-3
14629	1107.4	-3.299	1E-3
14649	1109.3	-3.3	1E-3
14669	1111.4	-3.301	1E-3
14689	1113.5	-3.302	1E-3
14709	1115.6	-3.303	1E-3
14729	1117.7	-3.304	1E-3
14749	1120	-3.305	1E-3
14769	1121.8	-3.306	1E-3
14789	1123.8	-3.307	1E-3
14809	1125.9	-3.308	1E-3
14829	1127.9	-3.309	1E-3
14849	1130	-3.31	1E-3
14869	1132.1	-3.311	1E-3
14889	1133.8	-3.312	1E-3
14909	1136.1	-3.313	1E-3
14929	1138.2	-3.313	1E-3
14949	1140.5	-3.314	1E-3
14969	1142.4	-3.315	1E-3
14989	1144.5	-3.315	1E-3
15009	1146.6	-3.316	1E-3
15029	1148.7	-3.317	1E-3
15049	1150.4	-3.318	1E-3
15069	1152.7	-3.319	1E-3
15089	1154.5	-3.32	1E-3
15109	1156.4	-3.321	1E-3
15129	1158.7	-3.322	1E-3
15149	1160.8	-3.322	1E-3
15169	1162.9	-3.323	1E-3
15189	1165.2	-3.324	1E-3
15209	1167.3	-3.324	1E-3
15229	1169.2	-3.325	1E-3
15249	1171.5	-3.325	1E-3
15269	1173.4	-3.326	1E-3
15289	1175.5	-3.326	1E-3
15309	1177.4	-3.327	1E-3
15329	1179.7	-3.328	1E-3
15349	1181.6	-3.328	1E-3
15369	1183.7	-3.329	1E-3
15389	1185.8	-3.329	1E-3
15409	1187.7	-3.33	1E-3
15429	1190.2	-3.331	1E-3
15449	1192.1	-3.331	1E-3
15469	1194.4	-3.332	1E-3
15489	1196.3	-3.332	1E-3
15509	1198.2	-3.333	1E-3
15529	1200.2	-3.333	1E-3
15549	1202.6	-3.334	1E-3
15571	1204.5	-3.334	1E-3
15595	1207.2	-3.335	1E-3
15616	1209.4	-3.335	1E-3
15636	1211.5	-3.335	1E-3
15656	1213.6	-3.336	1E-3
15676	1215.7	-3.336	1E-3
15696	1217.8	-3.336	1E-3
15716	1219.8	-3.337	1E-3
15736	1221.7	-3.337	1E-3
15756	1224	-3.338	1E-3
15776	1225.9	-3.338	1E-3
15796	1228	-3.338	1E-3
15816	1230.1	-3.339	1E-3
15836	1232.2	-3.339	1E-3
15856	1234.4	-3.339	1E-3
15876	1236.6	-3.34	1E-3
15896	1238.5	-3.34	1E-3
15916	1240.6	-3.34	1E-3
15936	1242.3	-3.341	1E-3
15956	1244.6	-3.341	1E-3
15976	1246.7	-3.341	1E-3
15997	1248.6	-3.342	1E-3
16021	1251.1	-3.342	1E-3
16041	1253.4	-3.342	1E-3
16061	1255.4	-3.342	1E-3
16082	1257.6	-3.343	1E-3
16106	1260.2	-3.343	1E-3
16126	1262.5	-3.343	1E-3
16146	1264.4	-3.344	1E-3
16166	1266.5	-3.344	1E-3
16186	1268.6	-3.344	1E-3
16206	1270.7	-3.344	1E-3
16226	1272.8	-3.344	1E-3
16246	1274.7	-3.345	1E-3
16266	1276.8	-3.345	1E-3
16286	1279.1	-3.345	1E-3
16306	1281	-3.345	1E-3
16326	1282.9	-3.346	1E-3
16346	1284.8	-3.346	1E-3
16366	1287	-3.346	1E-3
16386	1288.9	-3.346	1E-3
16406	1291	-3.347	1E-3
16426	1293.1	-3.347	1E-3
16446	1295.2	-3.347	1E-3
16466	1297.3	-3.348	1E-3
16486	1299.4	-3.348	1E-3
16506	1301.5	-3.348	1E-3
16526	1303.6	-3.349	1E-3
16546	1305.7	-3.349	1E-3
16566	1307.6	-3.349	1E-3
16586	1309.7	-3.35	1E-3
16606	1311.8	-3.35	1E-3
16626	1313.7	-3.35	1E-3
16646	1315.8	-3.35	1E-3
16666	1317.8	-3.351	1E-3
16686	1320	-3.351	1E-3
16706	1322.1	-3.351	1E-3
16727	1324.4	-3.351	1E-3
16747	1326.3	-3.352	1E-3
16767	1328.6	-3.352	1E-3
16787	1330.5	-3.352	1E-3
16807	1332.4	-3.352	1E-3
16827	1334.6	-3.353	1E-3
16847	1336.5	-3.353	1E-3
16867	1338.6	-3.353	1E-3
16887	1340.7	-3.353	1E-3
16907	1342.4	-3.354	1E-3
16927	1343.8	-3.354	1E-3
16947	1345	-3.354	1E-3
16967	1346.1	-3.354	1E-3
17012	1335.4	-3.358	1E-3
17032	1343.1	-3.354	1E-3
17052	1344.9	-3.355	1E-3
17072	1344.7	-3.355	1E-3
17092	1343.5	-3.356	1E-3
17112	1341.7	-3.356	1E-3
17132	1339.6	-3.356	1E-3
17152	1337.3	-3.356	1E-3
17172	1334.9	-3.356	1E-3
17192	1332.3	-3.357	1E-3
17212	1329.7	-3.357	1E-3
17232	1326.5	-3.357	1E-3
17252	1323.5	-3.357	1E-3
17272	1320.5	-3.357	1E-3
17292	1317.2	-3.357	1E-3
17312	1313.9	-3.357	1E-3
17332	1310.9	-3.357	1E-3
17352	1307.9	-3.357	1E-3
17372	1304.6	-3.357	1E-3
17392	1301.5	-3.357	1E-3
17412	1298	-3.357	1E-3
17432	1295	-3.358	1E-3
17452	1291.7	-3.358	1E-3
17472	1288.4	-3.358	1E-3
17492	1285.4	-3.358	1E-3
17512	1282.1	-3.358	1E-3
17532	1278.9	-3.358	1E-3
17552	1275.6	-3.359	1E-3
17572	1272.3	-3.359	1E-3
17592	1268.9	-3.359	1E-3
17612	1265.9	-3.359	1E-3
17632	1262.8	-3.359	1E-3
17652	1259.3	-3.359	1E-3
17672	1256.1	-3.36	1E-3
17692	1252.7	-3.36	1E-3
17712	1249.5	-3.36	1E-3
17732	1246.2	-3.36	1E-3
17753	1242.8	-3.36	1E-3
17777	1239.2	-3.361	1E-3
17797	1236	-3.361	1E-3
17817	1232.7	-3.361	1E-3
17837	1229.4	-3.361	1E-3
17857	1226	-3.361	1E-3
17877	1222.9	-3.361	1E-3
17897	1219.8	-3.362	1E-3
17917	1216.6	-3.362	1E-3
17937	1213.3	-3.362	1E-3
17957	1210.1	-3.362	1E-3
17977	1206.8	-3.362	1E-3
17997	1203.5	-3.362	1E-3
18017	1200.3	-3.363	1E-3
18037	1197.2	-3.363	1E-3
18057	1194	-3.363	1E-3
18077	1190.7	-3.363	1E-3
18097	1187.4	-3.363	1E-3
18117	1184.1	-3.363	1E-3
18137	1180.9	-3.364	1E-3
18157	1177.8	-3.364	1E-3
18177	1174.6	-3.364	1E-3
18197	1171.5	-3.364	1E-3
18217	1168.1	-3.364	1E-3
18237	1165	-3.364	1E-3
18257	1161.8	-3.365	1E-3
18277	1158.3	-3.365	1E-3
18297	1155.3	-3.365	1E-3
18317	1152.2	-3.365	1E-3
18337	1149.1	-3.365	1E-3
18357	1145.9	-3.365	1E-3
18377	1142.6	-3.365	1E-3
18397	1139.4	-3.366	1E-3
18417	1136.1	-3.366	1E-3
18437	1132.8	-3.366	1E-3
18457	1130	-3.366	1E-3
18477	1126.6	-3.366	1E-3
18497	1123.3	-3.366	1E-3
18517	1120.2	-3.367	1E-3
18537	1117	-3.367	1E-3
18557	1113.7	-3.367	1E-3
18577	1110.7	-3.367	1E-3
18597	1107.6	-3.367	1E-3
18617	1104.4	-3.367	1E-3
18637	1101.1	-3.368	1E-3
18657	1097.6	-3.368	1E-3
18677	1094.4	-3.368	1E-3
18697	1091.3	-3.368	1E-3
18717	1088.2	-3.369	1E-3
18737	1085.2	-3.369	1E-3
18757	1081.8	-3.369	1E-3
18777	1078.5	-3.369	1E-3
18797	1075.4	-3.369	1E-3
18817	1072	-3.369	1E-3
18837	1068.9	-3.37	1E-3
18857	1065.8	-3.37	1E-3
18877	1062.6	-3.37	1E-3
18897	1059.5	-3.37	1E-3
18917	1056.3	-3.371	1E-3
18937	1053	-3.371	1E-3
18957	1049.8	-3.371	1E-3
18977	1046.5	-3.371	1E-3
18997	1043.5	-3.371	1E-3
19017	1040.4	-3.372	1E-3
19037	1037.2	-3.372	1E-3
19057	1033.9	-3.372	1E-3
19077	1030.8	-3.372	1E-3
19097	1027.4	-3.372	1E-3
19117	1024.4	-3.373	1E-3
19137	1021.1	-3.373	1E-3
19157	1018.1	-3.373	1E-3
19177	1015	-3.373	1E-3
19197	1011.7	-3.373	1E-3
19217	1008.5	-3.374	1E-3
19238	1005.4	-3.374	1E-3
19263	1001.3	-3.374	1E-3
19288	997.5	-3.374	1E-3
19308	994.5	-3.374	1E-3
19332	990.5	-3.374	1E-3
19353	987.2	-3.375	1E-3
19373	984.2	-3.375	1E-3
19398	980.2	-3.375	1E-3
19418	976.8	-3.375	1E-3
19438	973.7	-3.375	1E-3
19458	970.7	-3.376	1E-3
19478	967.4	-3.376	1E-3
19498	964.3	-3.376	1E-3
19518	961.1	-3.376	1E-3
19538	957.8	-3.376	1E-3
19558	954.6	-3.376	1E-3
19578	951.8	-3.377	1E-3
19598	948.5	-3.377	1E-3
19618	945.3	-3.377	1E-3
19638	942	-3.377	1E-3
19658	938.9	-3.377	1E-3
19678	935.6	-3.377	1E-3
19698	932.4	-3.378	1E-3
19718	929.4	-3.378	1E-3
19738	926.5	-3.378	1E-3
19758	923.3	-3.378	1E-3
19778	920	-3.378	1E-3
19798	916.8	-3.378	1E-3
19818	913.5	-3.379	1E-3
19838	910.5	-3.379	1E-3
19858	907.4	-3.379	1E-3
19878	904.4	-3.379	1E-3
19898	901.1	-3.379	1E-3
19918	898.1	-3.379	1E-3
19938	894.9	-3.38	1E-3
19958	892	-3.38	1E-3
19978	888.5	-3.38	1E-3
19998	885.7	-3.38	1E-3
20018	882.5	-3.38	1E-3
20038	879.5	-3.381	1E-3
20058	876.4	-3.381	1E-3
20078	873.1	-3.381	1E-3
20098	869.8	-3.381	1E-3
20118	866.8	-3.381	1E-3
20138	863.8	-3.381	1E-3
20158	860.7	-3.382	1E-3
20178	857.3	-3.382	1E-3
20198	854	-3.382	1E-3
20218	851.2	-3.382	1E-3
20238	847.9	-3.382	1E-3
20258	844.7	-3.382	1E-3
20278	841.6	-3.383	1E-3
20298	838.6	-3.383	1E-3
20318	835.6	-3.383	1E-3
20338	832.5	-3.383	1E-3
20358	829.2	-3.383	1E-3
20378	826	-3.383	1E-3
20398	822.8	-3.384	1E-3
20418	819.7	-3.384	1E-3
20438	816.7	-3.384	1E-3
20458	813.6	-3.384	1E-3
20478	810.4	-3.384	1E-3
20498	807.1	-3.384	1E-3
20518	804.1	-3.384	1E-3
20538	800.8	-3.384	1E-3
20558	797.8	-3.385	1E-3
20578	794.7	-3.385	1E-3
20598	791.9	-3.385	1E-3
20618	788.7	-3.385	1E-3
20638	785.6	-3.385	1E-3
20658	782.4	-3.385	1E-3
20678	779.3	-3.386	1E-3
20698	776.3	-3.386	1E-3
20718	773.2	-3.386	1E-3
20738	770.2	-3.386	1E-3
20758	767.4	-3.387	1E-3
20778	764	-3.387	1E-3
20798	760.9	-3.387	1E-3
20818	757.9	-3.387	1E-3
20838	754.6	-3.387	1E-3
20858	751.5	-3.387	1E-3
20878	748.5	-3.388	1E-3
20898	745.2	-3.388	1E-3
20918	742.2	-3.388	1E-3
20938	739.4	-3.388	1E-3
20958	736.1	-3.388	1E-3
20978	733.1	-3.389	1E-3
20998	729.9	-3.389	1E-3
21018	726.8	-3.389	1E-3
21038	723.8	-3.389	1E-3
21058	720.8	-3.39	1E-3
21078	717.7	-3.39	1E-3
21098	714.7	-3.39	1E-3
21118	711.7	-3.39	1E-3
21138	708.6	-3.39	1E-3
21158	705.8	-3.391	1E-3
21178	702.6	-3.391	1E-3
21198	700	-3.391	1E-3
21218	697	-3.391	1E-3
21238	694.2	-3.391	1E-3
21258	691.3	-3.392	1E-3
21278	688.3	-3.392	1E-3
21298	685.5	-3.392	1E-3
21318	682.5	-3.392	1E-3
21338	679.9	-3.392	1E-3
21358	677.1	-3.392	1E-3
21378	674.5	-3.393	1E-3
21398	671.7	-3.393	1E-3
21418	669	-3.393	1E-3
21438	666	-3.393	1E-3
21458	663.6	-3.393	1E-3
21478	660.8	-3.394	1E-3
21498	658.2	-3.394	1E-3
21518	655.5	-3.394	1E-3
21538	652.9	-3.394	1E-3
21558	650.3	-3.394	1E-3
21578	647.7	-3.394	1E-3
21598	644.9	-3.394	1E-3
21618	642.3	-3.395	1E-3
21638	639.8	-3.395	1E-3
21658	637.2	-3.395	1E-3
21678	634.7	-3.395	1E-3
21698	631.9	-3.395	1E-3
21718	629.6	-3.396	1E-3
21738	627.2	-3.396	1E-3
21758	624.6	-3.396	1E-3
21778	622	-3.396	1E-3
21798	619.5	-3.396	1E-3
21818	616.7	-3.397	1E-3
21838	614.6	-3.397	1E-3
21858	612	-3.397	1E-3
21878	609.7	-3.397	1E-3
21898	607.3	-3.397	1E-3
21918	605.2	-3.398	1E-3
21938	602.7	-3.398	1E-3
21958	600.4	-3.398	1E-3
21978	597.8	-3.398	1E-3
21998	595.5	-3.399	1E-3
22018	593.3	-3.399	1E-3
22039	590.8	-3.399	1E-3
22063	587.8	-3.399	1E-3
22083	585.4	-3.4	1E-3
22103	583.3	-3.4	1E-3
22124	581.4	-3.4	1E-3
22149	578.6	-3.4	1E-3
22173	575.9	-3.4	1E-3
22193	573.6	-3.4	1E-3
22213	571.4	-3.401	1E-3
22233	569.1	-3.401	1E-3
22253	567	-3.401	1E-3
22273	565.1	-3.401	1E-3
22293	562.6	-3.402	1E-3
22314	560.7	-3.402	1E-3
22338	558.3	-3.402	1E-3
22358	556	-3.402	1E-3
22379	553.9	-3.402	1E-3
22399	551.6	-3.402	1E-3
22424	549	-3.403	1E-3
22444	546.7	-3.403	1E-3
22464	544.6	-3.403	1E-3
22484	542.5	-3.403	1E-3
22504	540.4	-3.403	1E-3
22524	538.1	-3.403	1E-3
22544	536	-3.403	1E-3
22564	534.1	-3.404	1E-3
22584	532.2	-3.404	1E-3
22604	530.3	-3.404	1E-3
22624	528	-3.404	1E-3
22644	526.2	-3.404	1E-3
22664	524.1	-3.404	1E-3
22684	522	-3.404	1E-3
22704	519.9	-3.405	1E-3
22724	518	-3.405	1E-3
22744	515.9	-3.405	1E-3
22764	513.8	-3.405	1E-3
22784	511.9	-3.405	1E-3
22804	509.9	-3.405	1E-3
22824	508.2	-3.405	1E-3
22844	506.5	-3.405	1E-3
22864	504.5	-3.406	1E-3
22884	502.6	-3.406	1E-3
22904	500.7	-3.406	1E-3
22924	498.4	-3.406	1E-3
22944	496.8	-3.406	1E-3
22964	494.7	-3.406	1E-3
22984	493	-3.406	1E-3
23004	491	-3.406	1E-3
23024	488.9	-3.406	1E-3
23044	487.2	-3.407	1E-3
23064	485.6	-3.407	1E-3
23084	483.7	-3.407	1E-3
23104	482	-3.407	1E-3
23124	480	-3.407	1E-3
23144	478.5	-3.407	1E-3
23164	476.3	-3.407	1E-3
23184	474.6	-3.407	1E-3
23205	472.7	-3.408	1E-3
23229	470.6	-3.408	1E-3
23249	468.8	-3.408	1E-3
23269	466.9	-3.408	1E-3
23289	465.1	-3.408	1E-3
23350	460.2	-3.409	1E-3
23374	458	-3.409	1E-3
23394	456.4	-3.409	1E-3
23414	454.6	-3.409	1E-3
23434	452.9	-3.409	1E-3
23454	451.2	-3.409	1E-3
23474	449.6	-3.409	1E-3
23494	447.8	-3.409	1E-3
23514	446.1	-3.41	1E-3
23534	444.5	-3.41	1E-3
23555	442.4	-3.41	1E-3
23575	441	-3.41	1E-3
23595	439.4	-3.41	1E-3
23615	437.7	-3.41	1E-3
23635	435.8	-3.411	1E-3
23655	434.4	-3.411	1E-3
23675	432.8	-3.411	1E-3
23695	430.9	-3.411	1E-3
23715	429.3	-3.411	1E-3
23735	427.7	-3.411	1E-3
23755	426	-3.411	1E-3
23776	424.2	-3.412	1E-3
23800	421.9	-3.412	1E-3
23821	420.4	-3.412	1E-3
23846	418.3	-3.412	1E-3
23871	416.3	-3.412	1E-3
23891	414.8	-3.412	1E-3
23911	413.2	-3.412	1E-3
23931	411.8	-3.412	1E-3
23951	410.4	-3.413	1E-3
23971	408.8	-3.413	1E-3
23991	407.1	-3.413	1E-3
24011	405.6	-3.413	1E-3
24031	403.7	-3.413	1E-3
24051	402.3	-3.413	1E-3
24071	400.8	-3.413	1E-3
24091	399.2	-3.413	1E-3
24111	397.4	-3.413	1E-3
24131	395.9	-3.414	1E-3
24151	394.6	-3.414	1E-3
24171	392.9	-3.414	1E-3
24191	391.5	-3.414	1E-3
24211	389.9	-3.414	1E-3
24231	388.5	-3.414	1E-3
24251	387.1	-3.414	1E-3
24271	385.9	-3.414	1E-3
24291	384.1	-3.414	1E-3
24311	382.9	-3.415	1E-3
24331	381.3	-3.415	1E-3
24351	379.9	-3.415	1E-3
24371	378.2	-3.415	1E-3
24391	376.8	-3.415	1E-3
24411	375.4	-3.415	1E-3
24431	373.8	-3.415	1E-3
24451	372.6	-3.415	1E-3
24471	371.2	-3.415	1E-3
24491	369.6	-3.415	1E-3
24511	368	-3.416	1E-3
24531	366.8	-3.416	1E-3
24551	365.4	-3.416	1E-3
24571	363.8	-3.416	1E-3
24591	362.6	-3.416	1E-3
24611	361.4	-3.416	1E-3
24632	360.1	-3.416	1E-3
24652	358.6	-3.416	1E-3
24672	357.2	-3.416	1E-3
24692	355.8	-3.416	1E-3
24712	354.6	-3.416	1E-3
24732	353	-3.417	1E-3
24752	351.6	-3.417	1E-3
24772	350.2	-3.417	1E-3
24792	349	-3.417	1E-3
24812	347.4	-3.417	1E-3
24832	346.2	-3.417	1E-3
24852	344.6	-3.417	1E-3
24872	343.4	-3.417	1E-3
24892	341.8	-3.417	1E-3
24912	340.7	-3.417	1E-3
24932	339.3	-3.417	1E-3
24952	337.9	-3.418	1E-3
24972	336.9	-3.418	1E-3
24992	335.5	-3.418	1E-3
25012	334.3	-3.418	1E-3
25032	332.5	-3.418	1E-3
25052	331.5	-3.418	1E-3
25072	330.2	-3.418	1E-3
25092	328.6	-3.418	1E-3
25112	328	-3.418	1E-3
25132	326.2	-3.418	1E-3
25152	325	-3.418	1E-3
25172	323.6	-3.418	1E-3
25192	322.2	-3.418	1E-3
25212	321	-3.419	1E-3
25232	319.6	-3.419	1E-3
25252	318.3	-3.419	1E-3
25272	316.9	-3.419	1E-3
25292	315.9	-3.419	1E-3
25312	314.5	-3.419	1E-3
25332	313.4	-3.419	1E-3
25352	312	-3.419	1E-3
25373	311.1	-3.419	1E-3
25393	309.9	-3.419	1E-3
25417	308.4	-3.42	1E-3
25438	307.1	-3.42	1E-3
25458	305.7	-3.42	1E-3
25478	304.7	-3.42	1E-3
25498	303.5	-3.42	1E-3
25522	302	-3.42	1E-3
25543	300.8	-3.42	1E-3
25568	299.3	-3.42	1E-3
25592	297.5	-3.42	1E-3
25612	296.5	-3.42	1E-3
25633	295.2	-3.42	1E-3
25657	293.7	-3.421	1E-3
25678	292.6	-3.421	1E-3
25698	291.6	-3.421	1E-3
25718	290.5	-3.421	1E-3
25738	289.1	-3.421	1E-3
25758	288	-3.421	1E-3
25778	287	-3.421	1E-3
25798	286.1	-3.421	1E-3
25818	284.9	-3.421	1E-3
25838	283.8	-3.421	1E-3
25858	282.4	-3.421	1E-3
25878	281.4	-3.421	1E-3
25898	280.5	-3.422	1E-3
25918	279.1	-3.422	1E-3
25938	277.9	-3.422	1E-3
25958	277.2	-3.422	1E-3
25978	276	-3.422	1E-3
25998	275.1	-3.422	1E-3
26018	274	-3.422	1E-3
26038	273	-3.422	1E-3
26058	271.4	-3.422	1E-3
26078	270.2	-3.422	1E-3
26098	269.3	-3.422	1E-3
26118	268.1	-3.422	1E-3
26138	267.1	-3.422	1E-3
26158	266.2	-3.422	1E-3
26178	265	-3.422	1E-3
26198	263.9	-3.423	1E-3
26218	263	-3.423	1E-3
26238	261.8	-3.423	1E-3
26258	260.7	-3.423	1E-3
26278	259.9	-3.423	1E-3
26298	258.5	-3.423	1E-3
26318	257.6	-3.423	1E-3
26338	256.5	-3.423	1E-3
26358	255.5	-3.423	1E-3
26379	254.3	-3.423	1E-3
26404	253.1	-3.423	1E-3
26428	251.5	-3.423	1E-3
26448	250.4	-3.423	1E-3
26468	249.6	-3.424	1E-3
26488	248.5	-3.424	1E-3
26508	247.5	-3.424	1E-3
26528	246.4	-3.424	1E-3
26548	245.4	-3.424	1E-3
26568	244.3	-3.424	1E-3
26588	243.3	-3.424	1E-3
26608	242.2	-3.424	1E-3
26628	241.3	-3.424	1E-3
26648	240.1	-3.424	1E-3
26668	239.4	-3.424	1E-3
26688	238.2	-3.424	1E-3
26708	237.3	-3.424	1E-3
26728	236.4	-3.424	1E-3
26748	235.6	-3.425	1E-3
26768	234.7	-3.425	1E-3
26788	233.6	-3.425	1E-3
26808	232.8	-3.425	1E-3
26828	231.7	-3.425	1E-3
26848	230.6	-3.425	1E-3
26868	230	-3.425	1E-3
26888	228.7	-3.425	1E-3
26908	228.2	-3.425	1E-3
26928	227	-3.425	1E-3
26948	225.9	-3.425	1E-3
26968	225.2	-3.425	1E-3
26988	224.2	-3.425	1E-3
27008	223.3	-3.425	1E-3
27028	222.4	-3.425	1E-3
27048	221.5	-3.425	1E-3
27068	220.5	-3.426	1E-3
27088	219.5	-3.426	1E-3
27108	218.4	-3.426	1E-3
27128	217.9	-3.426	1E-3
27148	216.8	-3.426	1E-3
27168	215.8	-3.426	1E-3
27188	214.7	-3.426	1E-3
27208	214	-3.426	1E-3
27228	213.2	-3.426	1E-3
27248	212.5	-3.426	1E-3
27268	211.4	-3.426	1E-3
27288	210.5	-3.427	1E-3
27308	209.8	-3.427	1E-3
27328	208.9	-3.427	1E-3
27348	208.2	-3.427	1E-3
27368	207.4	-3.427	1E-3
27388	206.7	-3.427	1E-3
27408	205.8	-3.427	1E-3
27428	204.8	-3.427	1E-3
27448	204.1	-3.427	1E-3
27468	203.2	-3.427	1E-3
27488	202.1	-3.427	1E-3
27508	201.4	-3.427	1E-3
27528	200.6	-3.427	1E-3
27548	199.7	-3.427	1E-3
27568	198.8	-3.428	1E-3
27588	197.9	-3.428	1E-3
27608	197.1	-3.428	1E-3
27628	196.2	-3.428	1E-3
27648	195.5	-3.428	1E-3
27668	194.4	-3.428	1E-3
27688	193.7	-3.428	1E-3
27708	192.5	-3.428	1E-3
27728	192	-3.428	1E-3
27748	191.1	-3.428	1E-3
27768	190.2	-3.429	1E-3
27788	189.3	-3.429	1E-3
27808	188.5	-3.429	1E-3
27828	187.8	-3.429	1E-3
27848	186.9	-3.429	1E-3
27868	186.2	-3.429	1E-3
27888	185.5	-3.429	1E-3
27908	184.6	-3.429	1E-3
27928	183.8	-3.429	1E-3
27948	183.4	-3.429	1E-3
27968	182.5	-3.429	1E-3
27988	181.6	-3.429	1E-3
28008	180.9	-3.43	1E-3
28028	180.3	-3.43	1E-3
28048	179.4	-3.43	1E-3
28068	178.9	-3.43	1E-3
28088	177.8	-3.43	1E-3
28108	177.3	-3.43	1E-3
28128	176.4	-3.43	1E-3
28148	175.4	-3.43	1E-3
28168	174.8	-3.43	1E-3
28188	174.1	-3.43	1E-3
28208	173.4	-3.43	1E-3
28228	172.6	-3.43	1E-3
28248	171.7	-3.43	1E-3
28268	171	-3.43	1E-3
28288	170.3	-3.43	1E-3
28308	169.6	-3.43	1E-3
28328	168.9	-3.431	1E-3
28348	168.2	-3.431	1E-3
28368	167.1	-3.431	1E-3
28388	166.8	-3.431	1E-3
28408	166.1	-3.431	1E-3
28428	165.2	-3.431	1E-3
28448	164.3	-3.431	1E-3
28468	164	-3.431	1E-3
28488	163.1	-3.431	1E-3
28508	162.4	-3.431	1E-3
28528	161.7	-3.431	1E-3
28548	161	-3.431	1E-3
28568	160.3	-3.431	1E-3
28588	159.8	-3.431	1E-3
28608	158.9	-3.432	1E-3
28628	158	-3.432	1E-3
28648	157.9	-3.432	1E-3
28668	156.8	-3.432	1E-3
28688	156.3	-3.432	1E-3
28708	155.7	-3.432	1E-3
28728	155.2	-3.432	1E-3
28748	154.3	-3.432	1E-3
28768	153.8	-3.432	1E-3
28788	153.3	-3.432	1E-3
28808	152.6	-3.432	1E-3
28828	152.1	-3.432	1E-3
28848	151.6	-3.432	1E-3
28868	150.8	-3.432	1E-3
28888	150.1	-3.432	1E-3
28908	149.4	-3.432	1E-3
28928	148.8	-3.433	1E-3
28948	148.2	-3.433	1E-3
28968	147.5	-3.433	1E-3
28988	146.7	-3.433	1E-3
29008	146	-3.433	1E-3
29028	145.3	-3.433	1E-3
29048	144.7	-3.433	1E-3
29068	144.2	-3.433	1E-3
29088	143.7	-3.433	1E-3
29108	142.8	-3.433	1E-3
29128	142.1	-3.433	1E-3
29148	141.6	-3.433	1E-3
29168	140.7	-3.433	1E-3
29188	140.2	-3.433	1E-3
29208	139.7	-3.433	1E-3
29228	139	-3.433	1E-3
29248	138.3	-3.433	1E-3
29268	137.7	-3.433	1E-3
29288	137.2	-3.433	1E-3
29308	136.5	-3.434	1E-3
29328	135.8	-3.434	1E-3
29348	135.3	-3.434	1E-3
29368	134.6	-3.434	1E-3
29388	134.4	-3.434	1E-3
29409	133.2	-3.434	1E-3
29433	132.7	-3.434	1E-3
29453	131.9	-3.434	1E-3
29474	131.6	-3.434	1E-3
29494	131.1	-3.434	1E-3
29514	130.4	-3.434	1E-3
29534	129.9	-3.434	1E-3
29554	129.3	-3.434	1E-3
29574	129	-3.434	1E-3
29594	128.3	-3.434	1E-3
29614	127.4	-3.434	1E-3
29634	127.1	-3.434	1E-3
29654	126.7	-3.434	1E-3
29674	126	-3.434	1E-3
29694	125.7	-3.434	1E-3
29714	125.1	-3.434	1E-3
29734	124.1	-3.434	1E-3
29754	123.7	-3.434	1E-3
29774	123.6	-3.434	1E-3
29794	122.8	-3.434	1E-3
29814	122.3	-3.435	1E-3
29834	121.8	-3.435	1E-3
29854	121.3	-3.435	1E-3
29874	120.8	-3.435	1E-3
29894	120.2	-3.435	1E-3
29914	119.7	-3.435	1E-3
29934	119.3	-3.435	1E-3
29954	118.5	-3.435	1E-3
29974	118.1	-3.435	1E-3
29994	117.8	-3.435	1E-3
30014	117.4	-3.435	1E-3
30034	116.7	-3.435	1E-3
30054	116.2	-3.435	1E-3
30074	115.7	-3.435	1E-3
30094	115.3	-3.435	1E-3
30114	114.6	-3.435	1E-3
30134	114.1	-3.435	1E-3
30154	113.7	-3.435	1E-3
30174	112.9	-3.435	1E-3
30194	112.7	-3.435	1E-3
30214	112.2	-3.435	1E-3
30234	111.8	-3.436	1E-3
30254	111.1	-3.436	1E-3
30274	110.8	-3.436	1E-3
30294	110.3	-3.436	1E-3
30314	109.6	-3.436	1E-3
30334	109	-3.436	1E-3
30354	108.8	-3.436	1E-3
30374	108.3	-3.436	1E-3
30394	107.8	-3.436	1E-3
30414	107.4	-3.436	1E-3
30434	107.1	-3.436	1E-3
30454	106.4	-3.436	1E-3
30474	106	-3.436	1E-3
30494	105.7	-3.436	1E-3
30514	105.2	-3.436	1E-3
30534	104.8	-3.436	1E-3
30554	104.3	-3.436	1E-3
30574	103.6	-3.436	1E-3
30594	103.3	-3.436	1E-3
30614	103.1	-3.436	1E-3
30634	102.6	-3.437	1E-3
30654	102.2	-3.437	1E-3
30674	101.7	-3.437	1E-3
30694	101	-3.437	1E-3
30714	100.4	-3.437	1E-3
30734	100.3	-3.437	1E-3
30754	99.7	-3.437	1E-3
30774	99.4	-3.437	1E-3
30794	99	-3.437	1E-3
30814	98.3	-3.437	1E-3
30834	98	-3.437	1E-3
30854	97.6	-3.437	1E-3
30874	96.9	-3.437	1E-3
30894	96.6	-3.437	1E-3
30914	96.3	-3.437	1E-3
30934	95.9	-3.437	1E-3
30954	95.6	-3.437	1E-3
30974	94.8	-3.437	1E-3
30994	94.7	-3.437	1E-3
31014	94.3	-3.437	1E-3
31034	94	-3.437	1E-3
31054	93.5	-3.438	1E-3
31074	92.9	-3.438	1E-3
31094	92.9	-3.438	1E-3
31114	92.6	-3.438	1E-3
31134	91.7	-3.438	1E-3
31154	91.3	-3.438	1E-3
31174	91	-3.438	1E-3
31194	90.5	-3.438	1E-3
31214	90.1	-3.438	1E-3
31234	89.8	-3.438	1E-3
31254	89.4	-3.438	1E-3
31274	88.9	-3.438	1E-3
31294	88.6	-3.438	1E-3
31314	88.4	-3.438	1E-3
31334	87.8	-3.438	1E-3
31354	87.5	-3.438	1E-3
31374	87	-3.438	1E-3
31394	86.8	-3.438	1E-3
31414	85.9	-3.439	1E-3
31434	85.9	-3.439	1E-3
31454	85.4	-3.439	1E-3
31474	85.2	-3.439	1E-3
31494	84.7	-3.439	1E-3
31514	84.5	-3.439	1E-3
31534	84.2	-3.439	1E-3
31554	83.7	-3.439	1E-3
31574	83.1	-3.439	1E-3
31594	82.8	-3.439	1E-3
31614	82.8	-3.439	1E-3
31634	82.3	-3.439	1E-3
31654	81.9	-3.439	1E-3
31674	81.9	-3.439	1E-3
31694	81.2	-3.44	1E-3
31714	80.8	-3.44	1E-3
31734	80.5	-3.44	1E-3
31754	80.3	-3.44	1E-3
31774	79.8	-3.44	1E-3
31794	79.5	-3.44	1E-3
31814	78.9	-3.44	1E-3
31834	78.6	-3.44	1E-3
31854	78.4	-3.44	1E-3
31874	78	-3.44	1E-3
31894	77.7	-3.44	1E-3
31914	77.5	-3.44	1E-3
31934	77.2	-3.44	1E-3
31954	76.7	-3.44	1E-3
31974	76.7	-3.44	1E-3
31994	76.1	-3.44	1E-3
32014	75.8	-3.441	1E-3
32034	75.4	-3.441	1E-3
32054	74.9	-3.441	1E-3
32074	74.7	-3.441	1E-3
32094	74.4	-3.441	1E-3
32114	74	-3.441	1E-3
32134	73.7	-3.441	1E-3
32154	73.5	-3.441	1E-3
32174	73.3	-3.441	1E-3
32194	72.8	-3.441	1E-3
32214	72.8	-3.441	1E-3
32234	72.5	-3.441	1E-3
32254	71.9	-3.441	1E-3
32274	71.9	-3.441	1E-3
32294	71.2	-3.441	1E-3
32314	71.2	-3.441	1E-3
32334	70.9	-3.441	1E-3
32355	70.5	-3.441	1E-3
32379	70.3	-3.441	1E-3
32399	69.8	-3.441	1E-3
32420	69.7	-3.441	1E-3
32440	69.3	-3.441	1E-3
32460	69.1	-3.441	1E-3
32484	68.8	-3.441	1E-3
32504	68.3	-3.441	1E-3
32525	68.3	-3.441	1E-3
32550	68.1	-3.441	1E-3
32574	67.5	-3.441	1E-3
32594	67.2	-3.441	1E-3
32615	66.8	-3.441	1E-3
32639	66.8	-3.442	1E-3
32659	66.2	-3.442	1E-3
32679	66.2	-3.442	1E-3
32699	66	-3.442	1E-3
32719	66.2	-3.442	1E-3
32740	65.4	-3.442	1E-3
32760	64.9	-3.442	1E-3
32785	64.9	-3.442	1E-3
32805	64.8	-3.442	1E-3
32825	64.4	-3.442	1E-3
32845	64.2	-3.442	1E-3
32865	63.9	-3.442	1E-3
32885	63.9	-3.442	1E-3
32905	63.2	-3.442	1E-3
32925	63.2	-3.442	1E-3
32945	63.2	-3.442	1E-3
32965	62.8	-3.442	1E-3
32985	62.6	-3.442	1E-3
33005	62.6	-3.442	1E-3
33025	62.3	-3.442	1E-3
33045	61.8	-3.442	1E-3
33065	61.6	-3.442	1E-3
33085	61.6	-3.442	1E-3
33105	61.1	-3.442	1E-3
33125	61.1	-3.442	1E-3
33145	60.7	-3.442	1E-3
33165	60.4	-3.442	1E-3
33185	60.4	-3.442	1E-3
33205	59.9	-3.442	1E-3
33225	59.5	-3.442	1E-3
33245	59.5	-3.442	1E-3
33265	59.2	-3.442	1E-3
33285	59	-3.442	1E-3
33305	58.6	-3.442	1E-3
33325	58.3	-3.442	1E-3
33345	57.9	-3.442	1E-3
33365	57.8	-3.442	1E-3
33385	57.6	-3.442	1E-3
33405	57.2	-3.442	1E-3
33425	57.2	-3.442	1E-3
33445	57	-3.442	1E-3
33465	56.9	-3.442	1E-3
33485	56.2	-3.442	1E-3
33505	55.8	-3.442	1E-3
33525	56.2	-3.442	1E-3
33545	55.8	-3.442	1E-3
33565	55.8	-3.442	1E-3
33585	55.3	-3.442	1E-3
33605	55.3	-3.442	1E-3
33626	55	-3.442	1E-3
33646	54.8	-3.442	1E-3
33666	54.6	-3.442	1E-3
33686	54.1	-3.442	1E-3
33706	53.9	-3.442	1E-3
33726	53.9	-3.442	1E-3
33746	53.4	-3.442	1E-3
33766	52.8	-3.442	1E-3
33786	52.8	-3.442	1E-3
33806	52.8	-3.442	1E-3
33826	52.3	-3.442	1E-3
33846	52.1	-3.442	1E-3
33866	52.3	-3.442	1E-3
33886	52.1	-3.442	1E-3
33906	52.1	-3.442	1E-3
33926	51.5	-3.442	1E-3
33946	51.6	-3.442	1E-3
33966	51.1	-3.442	1E-3
33986	51.3	-3.442	1E-3
34006	50.9	-3.442	1E-3
34026	50.8	-3.442	1E-3
34046	50.4	-3.442	1E-3
34066	50.4	-3.442	1E-3
34086	50.2	-3.442	1E-3
34106	50	-3.443	1E-3
34126	49.9	-3.443	1E-3
34146	49.7	-3.443	1E-3
34166	49.2	-3.443	1E-3
34186	49.3	-3.443	1E-3
34206	49.2	-3.443	1E-3
34226	48.8	-3.443	1E-3
34246	48.6	-3.443	1E-3
34266	48.1	-3.443	1E-3
34286	48.6	-3.443	1E-3
34306	48.1	-3.443	1E-3
34326	48	-3.443	1E-3
34346	47.8	-3.443	1E-3
34366	47.6	-3.443	1E-3
34386	46.9	-3.443	1E-3
34406	47.1	-3.443	1E-3
34426	47.1	-3.443	1E-3
34446	46.7	-3.443	1E-3
34466	46.7	-3.443	1E-3
34486	46.2	-3.443	1E-3
34506	46.4	-3.443	1E-3
34526	46.2	-3.443	1E-3
34546	46	-3.443	1E-3
34566	45.7	-3.443	1E-3
34586	45.8	-3.443	1E-3
34606	45.3	-3.443	1E-3
34626	45.5	-3.443	1E-3
34646	45	-3.443	1E-3
34666	45.1	-3.443	1E-3
34686	44.5	-3.443	1E-3
34706	44.8	-3.443	1E-3
34726	44.5	-3.443	1E-3
34746	44.3	-3.443	1E-3
34766	44.1	-3.443	1E-3
34786	44.1	-3.443	1E-3
34806	43.9	-3.443	1E-3
34826	43.9	-3.443	1E-3
34846	43.8	-3.443	1E-3
34866	43.6	-3.443	1E-3
34886	43.2	-3.443	1E-3
34906	43.1	-3.443	1E-3
34926	43.1	-3.443	1E-3
34946	42.7	-3.443	1E-3
34966	42.7	-3.443	1E-3
34986	42.5	-3.443	1E-3
35006	42.2	-3.443	1E-3
35026	42.2	-3.443	1E-3
35048	42	-3.443	1E-3
35073	42.2	-3.443	1E-3
35096	41.7	-3.443	1E-3
35117	41.5	-3.443	1E-3
35137	41.3	-3.443	1E-3
35161	41	-3.443	1E-3
35181	40.6	-3.443	1E-3
35201	41.1	-3.443	1E-3
35221	40.8	-3.443	1E-3
35241	40.6	-3.443	1E-3
35262	40.4	-3.443	1E-3
35283	40.1	-3.443	1E-3
35303	40.3	-3.443	1E-3
35324	39.9	-3.443	1E-3
35344	39.9	-3.443	1E-3
35366	39.9	-3.443	1E-3
35387	39.7	-3.443	1E-3
35409	39.7	-3.443	1E-3
35431	39.6	-3.443	1E-3
35452	39.4	-3.443	1E-3
35472	38.8	-3.443	1E-3
35492	39	-3.443	1E-3
35513	38.8	-3.443	1E-3
35537	38.7	-3.443	1E-3
35557	38.7	-3.443	1E-3
35577	38.5	-3.443	1E-3
35597	38.3	-3.443	1E-3
35617	38.3	-3.443	1E-3
35638	38	-3.443	1E-3
35658	37.8	-3.443	1E-3
35682	37.8	-3.443	1E-3
35702	37.6	-3.443	1E-3
35722	37.6	-3.444	1E-3
35742	37.1	-3.444	1E-3
35763	37.3	-3.444	1E-3
35783	37.1	-3.444	1E-3
35803	36.9	-3.444	1E-3
35823	36.8	-3.444	1E-3
35843	36.8	-3.444	1E-3
35863	36.4	-3.444	1E-3
35883	36.4	-3.444	1E-3
35903	36.4	-3.444	1E-3
35923	36.4	-3.444	1E-3
35943	36.4	-3.444	1E-3
35963	36	-3.444	1E-3
35983	36.4	-3.444	1E-3
36003	36.2	-3.444	1E-3
36023	35.9	-3.444	1E-3
36043	35.9	-3.444	1E-3
36063	35.7	-3.444	1E-3
36083	35.3	-3.444	1E-3
36103	35.5	-3.444	1E-3
36123	35.2	-3.444	1E-3
36143	35.2	-3.444	1E-3
36163	35.2	-3.444	1E-3
36183	34.8	-3.444	1E-3
36203	34.8	-3.444	1E-3
36223	34.8	-3.444	1E-3
36243	34.5	-3.444	1E-3
36263	34.7	-3.444	1E-3
36283	34.7	-3.444	1E-3
36303	34.1	-3.444	1E-3
36323	34.3	-3.444	1E-3
36343	34.1	-3.444	1E-3
36363	34	-3.444	1E-3
36383	34.1	-3.444	1E-3
36403	33.6	-3.444	1E-3
36423	33.6	-3.444	1E-3
36443	33.8	-3.444	1E-3
36463	33.6	-3.444	1E-3
36483	33.8	-3.444	1E-3
36503	33.4	-3.444	1E-3
36523	33.3	-3.444	1E-3
36543	33.3	-3.444	1E-3
36563	32.9	-3.444	1E-3
36583	33.1	-3.444	1E-3
36603	32.9	-3.444	1E-3
36623	33.1	-3.444	1E-3
36643	32.7	-3.444	1E-3
36663	32.7	-3.444	1E-3
36683	32.7	-3.444	1E-3
36703	32.5	-3.444	1E-3
36723	32.4	-3.444	1E-3
36743	32.5	-3.444	1E-3
36763	32.2	-3.444	1E-3
36783	32.4	-3.444	1E-3
36803	32.2	-3.444	1E-3
36823	32.4	-3.444	1E-3
36843	32	-3.444	1E-3
36863	31.5	-3.444	1E-3
36883	32	-3.444	1E-3
36903	31.7	-3.444	1E-3
36923	31.5	-3.444	1E-3
36943	32	-3.444	1E-3
36963	31.5	-3.444	1E-3
36983	31.1	-3.444	1E-3
37003	31	-3.444	1E-3
37023	31.3	-3.444	1E-3
37043	30.6	-3.444	1E-3
37063	31	-3.444	1E-3
37083	31.1	-3.444	1E-3
37103	31	-3.444	1E-3
37123	30.8	-3.444	1E-3
37143	31.1	-3.444	1E-3
37163	30.6	-3.444	1E-3
37184	30.8	-3.444	1E-3
37208	30.5	-3.444	1E-3
37228	30.5	-3.444	1E-3
37249	30.8	-3.444	1E-3
37273	30.3	-3.444	1E-3
37293	30.1	-3.444	1E-3
37313	30.1	-3.444	1E-3
37333	30.1	-3.444	1E-3
37353	29.9	-3.444	1E-3
37373	29.6	-3.444	1E-3
37393	30.1	-3.444	1E-3
37413	29.8	-3.444	1E-3
37433	29.8	-3.444	1E-3
37453	29.8	-3.444	1E-3
37473	29.6	-3.444	1E-3
37493	29.8	-3.444	1E-3
37513	29.2	-3.444	1E-3
37533	29.6	-3.444	1E-3
37553	29.6	-3.444	1E-3
37573	29.2	-3.444	1E-3
37593	29.4	-3.444	1E-3
37613	29	-3.444	1E-3
37633	29	-3.444	1E-3
37653	29	-3.444	1E-3
37673	28.9	-3.444	1E-3
37693	28.7	-3.445	1E-3
37713	29	-3.445	1E-3
37733	28.9	-3.445	1E-3
37753	28.5	-3.445	1E-3
37773	28.5	-3.445	1E-3
37793	28.5	-3.445	1E-3
37813	28.5	-3.445	1E-3
37833	28.4	-3.445	1E-3
37854	28.4	-3.445	1E-3
37878	28.5	-3.445	1E-3
37898	28.2	-3.445	1E-3
37918	28.5	-3.445	1E-3
37938	28.5	-3.445	1E-3
37958	28.2	-3.445	1E-3
37978	27.8	-3.445	1E-3
37998	27.8	-3.445	1E-3
38018	28	-3.445	1E-3
38038	27.7	-3.445	1E-3
38058	27.7	-3.445	1E-3
38078	27.7	-3.445	1E-3
38098	27.7	-3.445	1E-3
38118	27.5	-3.445	1E-3
38138	27.5	-3.445	1E-3
38158	27.3	-3.445	1E-3
38178	27.5	-3.445	1E-3
38198	27.5	-3.445	1E-3
38218	27.5	-3.445	1E-3
38238	27.1	-3.445	1E-3
38258	27.1	-3.445	1E-3
38278	27	-3.445	1E-3
38298	27.1	-3.445	1E-3
38319	27.1	-3.445	1E-3
38343	27	-3.445	1E-3
38363	26.6	-3.445	1E-3
38384	26.6	-3.445	1E-3
38404	27	-3.445	1E-3
38424	26.6	-3.445	1E-3
38444	26.4	-3.445	1E-3
38464	26.6	-3.445	1E-3
38484	26.4	-3.445	1E-3
38504	26.4	-3.445	1E-3
38524	26.4	-3.445	1E-3
38544	26.4	-3.445	1E-3
38564	25.9	-3.445	1E-3
38584	26.1	-3.445	1E-3
38604	26.1	-3.445	1E-3
38624	26.1	-3.445	1E-3
38644	25.9	-3.445	1E-3
38664	25.7	-3.445	1E-3
38684	25.9	-3.445	1E-3
38704	25.7	-3.445	1E-3
38724	25.6	-3.445	1E-3
38744	25.6	-3.445	1E-3
38764	25.4	-3.445	1E-3
38784	25.4	-3.445	1E-3
38804	25.4	-3.445	1E-3
38824	25.2	-3.445	1E-3
38844	25	-3.445	1E-3
38864	25	-3.445	1E-3
38884	25	-3.445	1E-3
38904	24.8	-3.445	1E-3
38924	25.2	-3.445	1E-3
38944	25	-3.445	1E-3
38964	25	-3.445	1E-3
38984	25	-3.445	1E-3
39004	24.7	-3.445	1E-3
39024	25	-3.445	1E-3
39044	24.7	-3.445	1E-3
39064	24.5	-3.445	1E-3
39084	24.7	-3.445	1E-3
39104	24.5	-3.445	1E-3
39124	24.5	-3.445	1E-3
39144	24.1	-3.445	1E-3
39164	24.1	-3.445	1E-3
39184	24.3	-3.445	1E-3
39204	24.3	-3.445	1E-3
39224	24.1	-3.445	1E-3
39244	24.3	-3.445	1E-3
39264	24.3	-3.445	1E-3
39284	24.1	-3.445	1E-3
39304	23.8	-3.445	1E-3
39324	24	-3.445	1E-3
39344	23.6	-3.445	1E-3
39364	23.8	-3.445	1E-3
39384	23.8	-3.445	1E-3
39404	23.6	-3.445	1E-3
39424	23.5	-3.445	1E-3
39444	23.6	-3.445	1E-3
39464	23.6	-3.445	1E-3
39484	23.5	-3.445	1E-3
39504	23.5	-3.445	1E-3
39524	23.5	-3.445	1E-3
39544	23.5	-3.445	1E-3
39564	23.5	-3.445	1E-3
39584	23.3	-3.445	1E-3
39604	23.5	-3.445	1E-3
39624	23.6	-3.445	1E-3
39644	23.3	-3.445	1E-3
39664	23.3	-3.445	1E-3
39684	23.3	-3.445	1E-3
39704	23.3	-3.445	1E-3
39724	22.7	-3.445	1E-3
39744	23.3	-3.445	1E-3
39764	23.1	-3.445	1E-3
39784	23.1	-3.445	1E-3
39804	23.1	-3.445	1E-3
39824	23.1	-3.445	1E-3
39844	22.9	-3.445	1E-3
39864	22.9	-3.445	1E-3
39884	22.7	-3.445	1E-3
39904	23.1	-3.445	1E-3
39924	22.7	-3.445	1E-3
39944	22.6	-3.445	1E-3
39964	22.4	-3.445	1E-3
39984	22.6	-3.445	1E-3
40004	22.4	-3.445	1E-3
40024	22.6	-3.445	1E-3
40044	22.4	-3.445	1E-3
40064	22.4	-3.445	1E-3
40084	21.9	-3.445	1E-3
40104	22.4	-3.445	1E-3
40124	22	-3.445	1E-3
40144	22.4	-3.445	1E-3
40164	22	-3.445	1E-3
40184	22.2	-3.445	1E-3
40204	22.2	-3.445	1E-3
40224	21.7	-3.445	1E-3
40244	22	-3.445	1E-3
40264	22	-3.445	1E-3
40284	22	-3.445	1E-3
40304	21.7	-3.445	1E-3
40324	21.9	-3.445	1E-3
40344	21.7	-3.445	1E-3
40364	21.5	-3.445	1E-3
40384	21.5	-3.445	1E-3
40404	21.7	-3.445	1E-3
40424	21.5	-3.445	1E-3
40444	21.2	-3.445	1E-3
40464	21.5	-3.445	1E-3
40484	21.5	-3.445	1E-3
40504	21.7	-3.445	1E-3
40524	21.2	-3.445	1E-3
40544	21.4	-3.445	1E-3
40564	21.4	-3.445	1E-3
40584	21.7	-3.445	1E-3
40604	21.7	-3.445	1E-3
40624	21.5	-3.445	1E-3
40644	21.2	-3.445	1E-3
40664	21.2	-3.445	1E-3
40684	21.2	-3.445	1E-3
40704	21.2	-3.445	1E-3
40724	21	-3.445	1E-3
40744	21.2	-3.445	1E-3
40769	21	-3.445	1E-3
40789	21	-3.445	1E-3
40809	21	-3.445	1E-3
40829	20.8	-3.445	1E-3
40849	21	-3.445	1E-3
40869	20.8	-3.445	1E-3
40889	21	-3.445	1E-3
40909	20.8	-3.445	1E-3
40929	21	-3.445	1E-3
40949	21	-3.445	1E-3
40969	20.5	-3.445	1E-3
40989	21	-3.445	1E-3
41009	20.5	-3.445	1E-3
41030	20.5	-3.445	1E-3
41055	20.6	-3.445	1E-3
41079	20.6	-3.445	1E-3
41100	20.5	-3.445	1E-3
41120	20.3	-3.445	1E-3
41140	20.5	-3.445	1E-3
41161	20.6	-3.445	1E-3
41183	20.5	-3.445	1E-3
41206	20.5	-3.445	1E-3
41226	20.5	-3.445	1E-3
41246	20.1	-3.445	1E-3
41266	20.3	-3.445	1E-3
41286	20.3	-3.445	1E-3
41306	20.3	-3.445	1E-3
41326	20	-3.445	1E-3
41347	20.3	-3.445	1E-3
41371	20.3	-3.445	1E-3
41391	20	-3.445	1E-3
41411	20.1	-3.445	1E-3
41431	20.3	-3.445	1E-3
41451	20	-3.445	1E-3
41471	20.1	-3.445	1E-3
41491	20.1	-3.445	1E-3
41511	20	-3.445	1E-3
41531	20	-3.445	1E-3
41551	20	-3.445	1E-3
41571	20	-3.445	1E-3
41591	20	-3.445	1E-3
41612	20	-3.445	1E-3
41636	19.6	-3.445	1E-3
41656	19.8	-3.445	1E-3
41676	19.8	-3.445	1E-3
41697	19.8	-3.445	1E-3
41721	19.8	-3.445	1E-3
41741	19.6	-3.445	1E-3
41761	19.6	-3.445	1E-3
41781	19.8	-3.445	1E-3
41801	19.6	-3.445	1E-3
41822	19.6	-3.445	1E-3
41847	19.6	-3.445	1E-3
41872	19.6	-3.445	1E-3
41897	19.4	-3.445	1E-3
41918	19.4	-3.445	1E-3
41942	19.6	-3.445	1E-3
41962	19.4	-3.445	1E-3
41982	19.4	-3.445	1E-3
42002	19.6	-3.445	1E-3
42022	19.4	-3.445	1E-3
42042	19.1	-3.445	1E-3
42062	19.3	-3.445	1E-3
42082	19.1	-3.445	1E-3
42102	19.1	-3.445	1E-3
42122	18.9	-3.445	1E-3
42142	19.6	-3.445	1E-3
42162	19.3	-3.445	1E-3
42182	18.9	-3.445	1E-3
42202	19.4	-3.445	1E-3
42222	18.9	-3.445	1E-3
42242	19.3	-3.445	1E-3
42262	18.9	-3.446	1E-3
42282	18.9	-3.446	1E-3
42302	19.3	-3.446	1E-3
42322	18.7	-3.446	1E-3
42342	19.1	-3.446	1E-3
42362	18.9	-3.446	1E-3
42382	18.9	-3.446	1E-3
42402	18.5	-3.446	1E-3
42422	19.3	-3.446	1E-3
42442	18.9	-3.446	1E-3
42462	18.5	-3.446	1E-3
42482	18.9	-3.446	1E-3
42502	18.5	-3.446	1E-3
42522	18.9	-3.446	1E-3
42542	18.7	-3.446	1E-3
42562	18.4	-3.446	1E-3
42582	18.7	-3.446	1E-3
42602	18.5	-3.446	1E-3
42622	18.5	-3.446	1E-3
42643	18.2	-3.446	1E-3
42663	18.4	-3.446	1E-3
42683	18.5	-3.446	1E-3
42703	18.4	-3.446	1E-3
42723	18.4	-3.446	1E-3
42743	18.5	-3.446	1E-3
42763	18.5	-3.446	1E-3
42783	18.2	-3.446	1E-3
42803	18.9	-3.446	1E-3
42823	18.4	-3.446	1E-3
42843	18.7	-3.446	1E-3
42863	18.7	-3.446	1E-3
42883	18.4	-3.446	1E-3
42903	18.2	-3.446	1E-3
42923	18.2	-3.446	1E-3
42943	18.4	-3.446	1E-3
42963	18.4	-3.446	1E-3
42983	18.2	-3.446	1E-3
43003	18.4	-3.446	1E-3
43023	18.2	-3.446	1E-3
43043	18.2	-3.446	1E-3
43063	18.2	-3.446	1E-3
43083	18.2	-3.446	1E-3
43103	18.2	-3.446	1E-3
43123	18.4	-3.446	1E-3
43143	18.2	-3.446	1E-3
43163	18.2	-3.446	1E-3
43183	18.2	-3.446	1E-3
43203	18.2	-3.446	1E-3
43223	18.2	-3.446	1E-3
43243	18.2	-3.446	1E-3
43263	18	-3.446	1E-3
43283	18	-3.446	1E-3
43303	18.2	-3.446	1E-3
43323	18.2	-3.446	1E-3
43343	18.2	-3.446	1E-3
43363	17.8	-3.446	1E-3
43383	18.2	-3.446	1E-3
43403	18	-3.446	1E-3
43423	18	-3.446	1E-3
43444	18	-3.446	1E-3
43468	17.8	-3.446	1E-3
43488	18.2	-3.446	1E-3
43508	17.8	-3.446	1E-3
43529	18	-3.446	1E-3
43553	17.7	-3.446	1E-3
43573	18	-3.446	1E-3
43593	18.2	-3.446	1E-3
43613	17.7	-3.446	1E-3
43633	17.8	-3.446	1E-3
43654	18.2	-3.446	1E-3
43679	17.7	-3.446	1E-3
43703	17.5	-3.446	1E-3
43723	17.8	-3.446	1E-3
43743	17.8	-3.446	1E-3
43763	17.5	-3.446	1E-3
43784	17.7	-3.446	1E-3
43808	17.8	-3.446	1E-3
43828	17.5	-3.446	1E-3
43848	17.5	-3.446	1E-3
43868	17.5	-3.446	1E-3
43888	17.5	-3.446	1E-3
43908	18	-3.446	1E-3
43928	17.5	-3.446	1E-3
43949	17.7	-3.446	1E-3
43973	17.5	-3.446	1E-3
43994	17.5	-3.446	1E-3
44014	17.5	-3.446	1E-3
44034	17.7	-3.446	1E-3
44054	17.5	-3.446	1E-3
44075	17.1	-3.446	1E-3
44099	17.5	-3.446	1E-3
44119	17.8	-3.446	1E-3
44139	17.5	-3.446	1E-3
44159	17.5	-3.446	1E-3
44179	17.5	-3.446	1E-3
44199	17.5	-3.446	1E-3
44219	17.7	-3.446	1E-3
44239	17.5	-3.446	1E-3
44259	17.3	-3.446	1E-3
44279	17.3	-3.446	1E-3
44300	17.3	-3.446	1E-3
44324	17.3	-3.446	1E-3
44344	17.1	-3.446	1E-3
44365	17.3	-3.446	1E-3
44389	17.1	-3.446	1E-3
44409	17.5	-3.446	1E-3
44429	17.1	-3.446	1E-3
44449	17	-3.446	1E-3
44469	17.5	-3.446	1E-3
44489	17.1	-3.446	1E-3
44509	17.1	-3.446	1E-3
44529	17	-3.446	1E-3
44549	17.3	-3.446	1E-3
44569	17.3	-3.446	1E-3
44589	17	-3.446	1E-3
44609	17.5	-3.446	1E-3
44629	17.1	-3.446	1E-3
44649	17	-3.446	1E-3
44669	17.5	-3.446	1E-3
44689	17.3	-3.446	1E-3
44709	17.1	-3.446	1E-3
44729	17.1	-3.446	1E-3
44749	17.3	-3.446	1E-3
44769	17.1	-3.446	1E-3
44789	17.1	-3.446	1E-3
44809	17	-3.446	1E-3
44829	17.1	-3.446	1E-3
44850	17.1	-3.446	1E-3
44870	17.1	-3.446	1E-3
44890	17	-3.446	1E-3
44910	17.3	-3.446	1E-3
44930	17.3	-3.446	1E-3
44950	17	-3.446	1E-3
44970	17.1	-3.446	1E-3
44990	17.1	-3.446	1E-3
45010	16.8	-3.446	1E-3
45030	17	-3.446	1E-3
45050	17	-3.446	1E-3
45070	17.1	-3.446	1E-3
45091	17	-3.446	1E-3
45116	17	-3.446	1E-3
45140	17	-3.446	1E-3
45161	17	-3.446	1E-3
45185	17	-3.446	1E-3
45206	17.1	-3.446	1E-3
45226	17	-3.446	1E-3
45251	17	-3.446	1E-3
45275	17	-3.446	1E-3
45295	17	-3.446	1E-3
45315	16.6	-3.446	1E-3
45336	17	-3.446	1E-3
45356	17	-3.446	1E-3
45376	17	-3.446	1E-3
45396	17	-3.446	1E-3
45421	17	-3.446	1E-3
45441	16.8	-3.446	1E-3
45461	17	-3.446	1E-3
45481	17	-3.446	1E-3
45501	17	-3.446	1E-3
45521	17	-3.446	1E-3
45541	17	-3.446	1E-3
45561	17	-3.446	1E-3
45581	16.8	-3.446	1E-3
45601	17	-3.446	1E-3
45621	17	-3.446	1E-3
45641	16.6	-3.446	1E-3
45661	17	-3.446	1E-3
45681	16.8	-3.446	1E-3
45701	16.8	-3.446	1E-3
45721	16.8	-3.446	1E-3
45741	16.8	-3.446	1E-3
45761	16.8	-3.446	1E-3
45782	16.8	-3.446	1E-3
45806	16.6	-3.446	1E-3
45826	16.8	-3.446	1E-3
45846	16.8	-3.446	1E-3
45866	16.6	-3.446	1E-3
45886	16.8	-3.446	1E-3
45906	16.4	-3.446	1E-3
45926	16.4	-3.446	1E-3
45946	16.8	-3.446	1E-3
45966	17	-3.446	1E-3
45986	16.8	-3.446	1E-3
46006	16.8	-3.446	1E-3
46026	17	-3.446	1E-3
46046	16.6	-3.446	1E-3
46066	16.6	-3.446	1E-3
46086	16.6	-3.446	1E-3
46106	16.4	-3.446	1E-3
46126	16.4	-3.446	1E-3
46146	16.4	-3.446	1E-3
46166	16.6	-3.446	1E-3
46186	16.6	-3.446	1E-3
46206	16.6	-3.446	1E-3
46226	16.4	-3.446	1E-3
46246	16.4	-3.446	1E-3
46266	16.3	-3.446	1E-3
46286	16.4	-3.446	1E-3
46306	16.4	-3.446	1E-3
46326	16.4	-3.446	1E-3
46346	16.4	-3.446	1E-3
46366	16.3	-3.446	1E-3
46386	16.4	-3.446	1E-3
46406	16.6	-3.446	1E-3
46426	16.4	-3.446	1E-3
46446	16.8	-3.446	1E-3
46466	16.3	-3.446	1E-3
46486	16.3	-3.446	1E-3
46507	16.4	-3.446	1E-3
46531	16.4	-3.446	1E-3
46551	16.6	-3.446	1E-3
46572	16.4	-3.446	1E-3
46592	16.3	-3.446	1E-3
46616	16.6	-3.446	1E-3
46637	16.4	-3.446	1E-3
46657	16.3	-3.446	1E-3
46677	16.8	-3.446	1E-3
46697	16.4	-3.446	1E-3
46717	16.3	-3.446	1E-3
46737	16.3	-3.446	1E-3
46757	16.3	-3.446	1E-3
46781	16.3	-3.446	1E-3
46802	16.4	-3.446	1E-3
46822	16.3	-3.446	1E-3
46843	16.3	-3.446	1E-3
46863	16.4	-3.446	1E-3
46884	16.3	-3.446	1E-3
46907	16.3	-3.446	1E-3
46928	16.3	-3.446	1E-3
46948	16.4	-3.446	1E-3
46968	16.3	-3.446	1E-3
46988	16.3	-3.446	1E-3
47009	16.3	-3.446	1E-3
47033	16.1	-3.446	1E-3
47054	16.3	-3.446	1E-3
47079	16.3	-3.446	1E-3
47099	16.3	-3.446	1E-3
47119	16.3	-3.446	1E-3
47139	16.3	-3.446	1E-3
47159	16.3	-3.446	1E-3
47180	16.1	-3.446	1E-3
47200	16.1	-3.446	1E-3
47220	16.1	-3.446	1E-3
47244	16.1	-3.446	1E-3
47265	16.3	-3.446	1E-3
47290	16.3	-3.446	1E-3
47314	16.3	-3.446	1E-3
47335	16.3	-3.446	1E-3
47360	16.1	-3.446	1E-3
47384	16.3	-3.446	1E-3
47404	16.3	-3.446	1E-3
47424	16.1	-3.446	1E-3
47446	16.3	-3.446	1E-3
47470	16.1	-3.446	1E-3
47490	16.1	-3.446	1E-3
47510	16.1	-3.446	1E-3
47530	15.9	-3.446	1E-3
47550	16.1	-3.446	1E-3
47570	16.3	-3.446	1E-3
47590	16.3	-3.446	1E-3
47610	15.9	-3.446	1E-3
47630	16.1	-3.446	1E-3
47650	16.3	-3.446	1E-3
47670	15.9	-3.446	1E-3
47690	15.9	-3.446	1E-3
47710	15.7	-3.446	1E-3
47730	16.3	-3.446	1E-3
47750	16.1	-3.446	1E-3
47770	16.1	-3.446	1E-3
47790	15.7	-3.446	1E-3
47810	15.7	-3.446	1E-3
47830	16.1	-3.446	1E-3
47850	16.1	-3.446	1E-3
47870	16.4	-3.446	1E-3
47890	15.9	-3.446	1E-3
47910	16.3	-3.446	1E-3
47930	16.3	-3.446	1E-3
47950	15.7	-3.446	1E-3
47970	16.3	-3.446	1E-3
47990	16.1	-3.446	1E-3
48010	15.9	-3.446	1E-3
48030	16.3	-3.446	1E-3
48050	16.3	-3.446	1E-3
48070	16.1	-3.446	1E-3
48090	15.7	-3.446	1E-3
48110	16.1	-3.446	1E-3
48130	16.1	-3.446	1E-3
48150	15.9	-3.446	1E-3
48170	15.6	-3.446	1E-3
48190	16.1	-3.446	1E-3
48210	15.7	-3.446	1E-3
48230	15.7	-3.446	1E-3
48250	16.1	-3.446	1E-3
48270	15.9	-3.446	1E-3
48290	15.9	-3.446	1E-3
48311	16.3	-3.446	1E-3
48331	15.6	-3.446	1E-3
48351	15.7	-3.446	1E-3
48371	15.7	-3.446	1E-3
48392	16.1	-3.446	1E-3
48416	15.6	-3.446	1E-3
48436	15.9	-3.446	1E-3
48456	15.7	-3.446	1E-3
48476	15.9	-3.446	1E-3
48496	15.7	-3.446	1E-3
48516	15.6	-3.446	1E-3
48536	15.9	-3.446	1E-3
48556	15.6	-3.446	1E-3
48576	15.7	-3.446	1E-3
48597	16.3	-3.446	1E-3
48617	16.1	-3.446	1E-3
48642	15.9	-3.446	1E-3
48662	15.7	-3.446	1E-3
48682	15.9	-3.446	1E-3
48702	15.9	-3.446	1E-3
48722	15.9	-3.446	1E-3
48742	15.7	-3.446	1E-3
48762	15.7	-3.446	1E-3
48782	15.7	-3.446	1E-3
48802	15.6	-3.446	1E-3
48822	16.1	-3.446	1E-3
48842	15.6	-3.446	1E-3
48862	15.9	-3.446	1E-3
48882	15.7	-3.446	1E-3
48902	15.7	-3.446	1E-3
48922	15.7	-3.446	1E-3
48942	15.9	-3.446	1E-3
48962	15.6	-3.446	1E-3
48983	15.7	-3.446	1E-3
49007	15.7	-3.446	1E-3
49027	15.9	-3.446	1E-3
49047	15.7	-3.446	1E-3
49069	15.7	-3.446	1E-3
49089	15.7	-3.446	1E-3
49113	15.6	-3.446	1E-3
49133	15.7	-3.446	1E-3
49153	16.1	-3.446	1E-3
49173	15.6	-3.446	1E-3
49193	15.7	-3.446	1E-3
49213	15.7	-3.446	1E-3
49233	16.1	-3.446	1E-3
49253	15.7	-3.446	1E-3
49273	15.6	-3.446	1E-3
49293	15.6	-3.446	1E-3
49313	15.7	-3.446	1E-3
49333	15.6	-3.446	1E-3
49353	15.7	-3.446	1E-3
49373	15.6	-3.446	1E-3
49393	15.7	-3.446	1E-3
49413	15.6	-3.446	1E-3
49433	15.7	-3.446	1E-3
49454	15.6	-3.446	1E-3
49475	15.7	-3.446	1E-3
49499	15.6	-3.446	1E-3
49519	15.6	-3.446	1E-3
49539	15.6	-3.446	1E-3
49559	15.6	-3.446	1E-3
49579	15.6	-3.446	1E-3
49599	15.6	-3.446	1E-3
49619	15.6	-3.446	1E-3
49639	15.6	-3.446	1E-3
49659	15.6	-3.446	1E-3
49679	15.6	-3.446	1E-3
49700	15.6	-3.446	1E-3
49724	15.6	-3.446	1E-3
49744	15.6	-3.446	1E-3
49764	15.6	-3.446	1E-3
49784	15.6	-3.446	1E-3
49804	15.6	-3.446	1E-3
49824	15.6	-3.446	1E-3
49844	15.6	-3.446	1E-3
49864	15.6	-3.446	1E-3
49884	15.4	-3.446	1E-3
49904	15.6	-3.446	1E-3
49924	15.6	-3.446	1E-3
49944	15.6	-3.446	1E-3
49964	15.6	-3.446	1E-3
49984	15.6	-3.446	1E-3
50005	15.9	-3.446	1E-3
50029	15.4	-3.446	1E-3
50049	15.6	-3.446	1E-3
50069	15.6	-3.446	1E-3
50089	15.4	-3.446	1E-3
50109	15.6	-3.446	1E-3
50129	15.6	-3.446	1E-3
50150	15.6	-3.446	1E-3
50175	15.6	-3.446	1E-3
50199	15.6	-3.446	1E-3
50219	15.6	-3.446	1E-3
50240	15.6	-3.446	1E-3
50260	15.6	-3.446	1E-3
50280	15.4	-3.446	1E-3
50300	15.6	-3.446	1E-3
50320	15.6	-3.446	1E-3
50341	15.6	-3.446	1E-3
50365	15.9	-3.446	1E-3
50385	15.4	-3.446	1E-3
50405	15.6	-3.446	1E-3
50425	15.6	-3.446	1E-3
50445	15.6	-3.446	1E-3
50465	15.4	-3.446	1E-3
50485	15.6	-3.446	1E-3
50506	15.6	-3.446	1E-3
50526	15.4	-3.446	1E-3
50546	15.9	-3.446	1E-3
50566	15.6	-3.446	1E-3
50586	15.4	-3.446	1E-3
50607	15.6	-3.446	1E-3
50631	15.6	-3.446	1E-3
50651	15.2	-3.446	1E-3
50671	15.2	-3.446	1E-3
50691	15.6	-3.446	1E-3
50711	15.6	-3.446	1E-3
50731	15.4	-3.446	1E-3
50751	15.4	-3.446	1E-3
50771	15.6	-3.446	1E-3
50791	15.6	-3.446	1E-3
50811	15.6	-3.446	1E-3
50831	15.7	-3.446	1E-3
50851	15.4	-3.446	1E-3
50871	15.6	-3.446	1E-3
50891	15.6	-3.446	1E-3
50911	15.6	-3.446	1E-3
50931	15.9	-3.446	1E-3
50952	15.6	-3.446	1E-3
50976	15.6	-3.446	1E-3
50997	15.2	-3.446	1E-3
51017	15.6	-3.446	1E-3
51037	15.6	-3.446	1E-3
51057	14.9	-3.446	1E-3
51077	15.6	-3.446	1E-3
51097	15.6	-3.446	1E-3
51117	15.7	-3.446	1E-3
51137	15.6	-3.446	1E-3
51157	15.6	-3.446	1E-3
51177	15.7	-3.446	1E-3
51197	15.6	-3.446	1E-3
51217	15.6	-3.446	1E-3
51237	15.6	-3.446	1E-3
51257	15.7	-3.446	1E-3
51277	15.6	-3.446	1E-3
51297	15.6	-3.446	1E-3
51317	15.2	-3.446	1E-3
51337	15.6	-3.446	1E-3
51357	15.2	-3.446	1E-3
51377	15.1	-3.446	1E-3
51397	15.6	-3.446	1E-3
51417	15.2	-3.446	1E-3
51437	15.6	-3.446	1E-3
51457	15.2	-3.446	1E-3
51477	15.6	-3.446	1E-3
51497	15.4	-3.446	1E-3
51517	15.4	-3.446	1E-3
51538	15.2	-3.446	1E-3
51558	15.2	-3.446	1E-3
51582	15.4	-3.446	1E-3
51602	15.2	-3.446	1E-3
51622	15.2	-3.446	1E-3
51642	15.2	-3.446	1E-3
51663	15.6	-3.446	1E-3
51683	15.4	-3.446	1E-3
51707	15.4	-3.446	1E-3
51728	15.1	-3.446	1E-3
51748	15.1	-3.446	1E-3
51768	15.2	-3.446	1E-3
51788	15.2	-3.446	1E-3
51808	14.9	-3.446	1E-3
51828	15.4	-3.446	1E-3
51848	15.6	-3.446	1E-3
51868	15.4	-3.446	1E-3
51888	15.9	-3.446	1E-3
51908	15.4	-3.446	1E-3
51928	15.6	-3.446	1E-3
51948	15.1	-3.446	1E-3
51968	15.1	-3.446	1E-3
51988	15.4	-3.446	1E-3
52008	15.6	-3.446	1E-3
52028	15.4	-3.446	1E-3
52048	15.2	-3.446	1E-3
52068	15.4	-3.446	1E-3
52088	15.2	-3.446	1E-3
52108	15.1	-3.446	1E-3
52128	15.1	-3.446	1E-3
52148	15.6	-3.446	1E-3
52168	15.6	-3.446	1E-3
52188	15.2	-3.446	1E-3
52208	15.6	-3.446	1E-3
52228	15.2	-3.446	1E-3
52248	15.6	-3.446	1E-3
52268	15.4	-3.446	1E-3
52288	15.4	-3.446	1E-3
52308	15.4	-3.446	1E-3
52328	15.2	-3.446	1E-3
52349	15.4	-3.446	1E-3
52373	15.2	-3.446	1E-3
52393	15.6	-3.446	1E-3
52413	15.4	-3.446	1E-3
52433	15.1	-3.446	1E-3
52454	15.6	-3.446	1E-3
52474	15.1	-3.446	1E-3
52494	15.4	-3.446	1E-3
52514	15.2	-3.446	1E-3
52538	15.4	-3.446	1E-3
52558	15.6	-3.446	1E-3
52578	15.2	-3.446	1E-3
52598	14.9	-3.446	1E-3
52619	15.1	-3.446	1E-3
52639	15.2	-3.446	1E-3
52664	15.1	-3.446	1E-3
52684	15.2	-3.446	1E-3
52708	15.1	-3.446	1E-3
52728	15.4	-3.446	1E-3
52749	15.4	-3.446	1E-3
52774	15.4	-3.446	1E-3
52798	15.4	-3.446	1E-3
52819	15.4	-3.446	1E-3
52839	15.6	-3.446	1E-3
52859	15.7	-3.446	1E-3
52879	15.2	-3.446	1E-3
52899	14.9	-3.446	1E-3
52920	15.7	-3.446	1E-3
52944	15.2	-3.446	1E-3
52964	15.6	-3.446	1E-3
52984	14.9	-3.446	1E-3
53004	15.4	-3.446	1E-3
53024	15.1	-3.446	1E-3
53044	15.2	-3.446	1E-3
53064	15.4	-3.446	1E-3
53084	15.4	-3.446	1E-3
53104	15.1	-3.446	1E-3
53124	15.2	-3.446	1E-3
53145	15.1	-3.446	1E-3
53170	14.9	-3.446	1E-3
53195	15.4	-3.446	1E-3
53219	15.6	-3.446	1E-3
53239	15.6	-3.446	1E-3
53259	15.1	-3.446	1E-3
53280	15.1	-3.446	1E-3
53300	15.2	-3.446	1E-3
53320	15.1	-3.446	1E-3
53340	15.1	-3.446	1E-3
53360	14.9	-3.446	1E-3
53380	14.9	-3.446	1E-3
53400	15.2	-3.446	1E-3
53420	14.9	-3.446	1E-3
53440	15.4	-3.446	1E-3
53460	15.1	-3.446	1E-3
53480	15.2	-3.446	1E-3
53500	15.4	-3.446	1E-3
53520	14.9	-3.446	1E-3
53540	15.1	-3.446	1E-3
53560	15.1	-3.446	1E-3
53580	15.6	-3.446	1E-3
53600	15.4	-3.446	1E-3
53621	15.6	-3.446	1E-3
53645	15.6	-3.446	1E-3
53665	15.1	-3.446	1E-3
53686	15.4	-3.446	1E-3
53706	15.4	-3.446	1E-3
53726	15.1	-3.446	1E-3
53746	15.4	-3.446	1E-3
53766	15.4	-3.446	1E-3
53786	15.2	-3.446	1E-3
53806	15.2	-3.446	1E-3
53826	15.4	-3.446	1E-3
53846	15.2	-3.446	1E-3
53866	15.6	-3.446	1E-3
53886	14.9	-3.446	1E-3
53906	15.1	-3.446	1E-3
53926	15.2	-3.446	1E-3
53946	15.6	-3.446	1E-3
53966	14.9	-3.446	1E-3
53986	15.4	-3.446	1E-3
54006	15.6	-3.446	1E-3
54026	15.1	-3.446	1E-3
54046	15.1	-3.446	1E-3
54066	15.2	-3.446	1E-3
54086	15.1	-3.446	1E-3
54106	14.9	-3.446	1E-3
54126	15.2	-3.446	1E-3
54146	15.1	-3.446	1E-3
54166	15.4	-3.446	1E-3
54186	15.1	-3.446	1E-3
54206	15.4	-3.446	1E-3
54226	15.6	-3.446	1E-3
54246	14.9	-3.446	1E-3
54266	15.4	-3.446	1E-3
54286	15.1	-3.446	1E-3
54306	15.1	-3.446	1E-3
54326	15.1	-3.446	1E-3
54346	15.4	-3.446	1E-3
54366	15.4	-3.446	1E-3
54386	15.2	-3.446	1E-3
54406	15.1	-3.446	1E-3
54426	15.2	-3.446	1E-3
54446	15.6	-3.446	1E-3
54466	14.9	-3.446	1E-3
54486	15.4	-3.446	1E-3
54506	15.4	-3.446	1E-3
54526	15.1	-3.446	1E-3
54546	15.2	-3.446	1E-3
54566	15.4	-3.446	1E-3
54586	15.2	-3.446	1E-3
54606	15.4	-3.446	1E-3
54626	15.2	-3.446	1E-3
54646	15.2	-3.446	1E-3
54666	15.4	-3.446	1E-3
54687	15.4	-3.446	1E-3
54711	15.2	-3.446	1E-3
54731	15.2	-3.446	1E-3
54751	15.1	-3.446	1E-3
54771	15.6	-3.446	1E-3
54791	15.4	-3.446	1E-3
54811	15.1	-3.446	1E-3
54831	14.9	-3.446	1E-3
54851	15.1	-3.446	1E-3
54871	15.2	-3.446	1E-3
54891	15.2	-3.446	1E-3
54911	15.4	-3.446	1E-3
54931	15.4	-3.446	1E-3
54951	15.1	-3.446	1E-3
54971	15.1	-3.446	1E-3
54991	15.1	-3.446	1E-3
55011	15.2	-3.446	1E-3
55032	15.1	-3.446	1E-3
55056	15.2	-3.446	1E-3
55076	15.1	-3.446	1E-3
55096	15.1	-3.446	1E-3
55116	15.1	-3.446	1E-3
55137	15.2	-3.446	1E-3
55161	14.9	-3.446	1E-3
55181	15.4	-3.446	1E-3
55201	15.2	-3.446	1E-3
55222	15.1	-3.446	1E-3
55246	15.4	-3.446	1E-3
55266	15.1	-3.446	1E-3
55287	15.1	-3.446	1E-3
55307	15.1	-3.446	1E-3
55327	15.2	-3.446	1E-3
55347	14.9	-3.446	1E-3
55367	15.1	-3.446	1E-3
55387	15.2	-3.446	1E-3
55407	15.1	-3.446	1E-3
55427	15.4	-3.446	1E-3
55447	15.4	-3.446	1E-3
55467	14.9	-3.446	1E-3
55487	14.9	-3.446	1E-3
55507	14.9	-3.446	1E-3
55527	15.1	-3.446	1E-3
55547	15.1	-3.446	1E-3
55567	15.1	-3.446	1E-3
55587	15.1	-3.446	1E-3
55607	15.4	-3.446	1E-3
55627	14.9	-3.446	1E-3
55647	14.9	-3.446	1E-3
55667	15.1	-3.446	1E-3
55687	15.1	-3.446	1E-3
55707	15.4	-3.446	1E-3
55727	15.4	-3.446	1E-3
55747	15.4	-3.446	1E-3
55767	14.9	-3.446	1E-3
55787	15.2	-3.446	1E-3
55807	15.1	-3.446	1E-3
55827	15.1	-3.446	1E-3
55847	14.9	-3.446	1E-3
55867	15.4	-3.446	1E-3
55887	15.4	-3.446	1E-3
55907	14.9	-3.446	1E-3
55927	15.1	-3.446	1E-3
55947	15.1	-3.446	1E-3
55967	15.2	-3.446	1E-3
55987	14.9	-3.446	1E-3
56007	15.2	-3.446	1E-3
56027	15.1	-3.446	1E-3
56047	15.1	-3.446	1E-3
56067	14.9	-3.446	1E-3
56087	14.9	-3.446	1E-3
56107	14.9	-3.446	1E-3
56127	15.4	-3.446	1E-3
56147	15.1	-3.446	1E-3
56167	14.9	-3.446	1E-3
56187	15.1	-3.446	1E-3
56207	15.1	-3.446	1E-3
56227	14.9	-3.446	1E-3
56247	15.2	-3.446	1E-3
56267	15.1	-3.446	1E-3
56287	15.1	-3.446	1E-3
56307	15.1	-3.446	1E-3
56327	15.4	-3.446	1E-3
56347	15.2	-3.446	1E-3
56367	15.4	-3.446	1E-3
56387	15.1	-3.446	1E-3
56407	14.9	-3.446	1E-3
56427	15.2	-3.446	1E-3
56447	15.1	-3.446	1E-3
56467	15.1	-3.446	1E-3
56487	15.6	-3.446	1E-3
56507	15.2	-3.446	1E-3
56527	15.4	-3.446	1E-3
56547	15.4	-3.446	1E-3
56567	15.1	-3.446	1E-3
56587	14.9	-3.446	1E-3
56607	14.9	-3.446	1E-3
56627	15.4	-3.446	1E-3
56647	15.1	-3.446	1E-3
56667	14.9	-3.446	1E-3
56687	15.4	-3.446	1E-3
56707	14.9	-3.446	1E-3
56727	15.1	-3.446	1E-3
56747	15.4	-3.446	1E-3
56767	15.1	-3.446	1E-3
56787	15.4	-3.446	1E-3
56807	15.1	-3.446	1E-3
56827	14.9	-3.446	1E-3
56847	14.9	-3.446	1E-3
56867	14.9	-3.446	1E-3
56887	15.2	-3.446	1E-3
56907	15.1	-3.446	1E-3
56927	14.9	-3.446	1E-3
56947	15.4	-3.446	1E-3
56967	15.1	-3.446	1E-3
56987	15.4	-3.446	1E-3
57007	14.9	-3.446	1E-3
57027	15.2	-3.446	1E-3
57047	15.1	-3.446	1E-3
57067	15.2	-3.446	1E-3
57087	15.1	-3.446	1E-3
57107	14.9	-3.446	1E-3
57128	15.2	-3.446	1E-3
57148	14.9	-3.446	1E-3
57168	15.1	-3.446	1E-3
57188	15.1	-3.446	1E-3
57208	15.1	-3.446	1E-3
57228	15.2	-3.446	1E-3
57248	14.7	-3.446	1E-3
57268	15.1	-3.446	1E-3
57288	15.4	-3.446	1E-3
57313	14.9	-3.446	1E-3
57333	15.2	-3.446	1E-3
57353	15.4	-3.446	1E-3
57373	14.9	-3.446	1E-3
57393	14.9	-3.446	1E-3
57413	15.1	-3.446	1E-3
57433	15.1	-3.446	1E-3
57453	15.2	-3.446	1E-3
57473	14.9	-3.446	1E-3
57493	14.9	-3.446	1E-3
57513	15.1	-3.446	1E-3
57533	14.9	-3.446	1E-3
57553	14.9	-3.446	1E-3
57573	15.1	-3.446	1E-3
57593	15.4	-3.446	1E-3
57613	15.2	-3.446	1E-3
57633	15.1	-3.446	1E-3
57653	15.2	-3.446	1E-3
57673	15.4	-3.446	1E-3
57693	14.9	-3.446	1E-3
57713	15.2	-3.446	1E-3
57733	15.6	-3.446	1E-3
57753	14.9	-3.446	1E-3
57773	15.1	-3.446	1E-3
57793	14.9	-3.446	1E-3
57813	15.1	-3.446	1E-3
57833	15.1	-3.446	1E-3
57853	15.2	-3.446	1E-3
57873	15.2	-3.446	1E-3
57893	14.9	-3.446	1E-3
57913	14.9	-3.446	1E-3
57933	15.1	-3.446	1E-3
57953	15.1	-3.446	1E-3
57973	15.1	-3.446	1E-3
57993	15.1	-3.446	1E-3
58013	14.9	-3.446	1E-3
58033	15.6	-3.446	1E-3
58053	14.9	-3.446	1E-3
58073	15.2	-3.446	1E-3
58093	14.9	-3.446	1E-3
58113	15.2	-3.446	1E-3
58133	15.1	-3.446	1E-3
58153	15.1	-3.446	1E-3
58173	15.4	-3.446	1E-3
58193	15.1	-3.446	1E-3
58213	14.9	-3.446	1E-3
58233	15.4	-3.446	1E-3
58253	15.1	-3.446	1E-3
58273	14.9	-3.446	1E-3
58293	15.1	-3.446	1E-3
58313	15.1	-3.446	1E-3
58333	15.4	-3.446	1E-3
58353	14.9	-3.446	1E-3
58373	15.1	-3.446	1E-3
58393	15.2	-3.446	1E-3
58413	15.2	-3.446	1E-3
58433	15.6	-3.446	1E-3
58453	15.1	-3.446	1E-3
58473	15.1	-3.446	1E-3
58493	15.4	-3.446	1E-3
58513	15.1	-3.446	1E-3
58533	15.6	-3.446	1E-3
58553	14.9	-3.446	1E-3
58573	15.4	-3.446	1E-3
58593	15.2	-3.446	1E-3
58613	15.1	-3.446	1E-3
58633	15.6	-3.446	1E-3
58653	15.4	-3.446	1E-3
58673	15.1	-3.446	1E-3
58693	14.9	-3.446	1E-3
58713	15.2	-3.446	1E-3
58733	14.9	-3.446	1E-3
58753	15.4	-3.446	1E-3
58773	14.9	-3.446	1E-3
58793	15.1	-3.446	1E-3
58813	15.4	-3.446	1E-3
58833	15.2	-3.446	1E-3
58853	15.4	-3.446	1E-3
58873	15.2	-3.446	1E-3
58893	15.6	-3.446	1E-3
58913	15.2	-3.446	1E-3
58933	15.2	-3.446	1E-3
58953	15.1	-3.446	1E-3
58973	15.1	-3.446	1E-3
58993	15.2	-3.446	1E-3
59013	15.2	-3.446	1E-3
59033	15.1	-3.446	1E-3
59053	15.1	-3.446	1E-3
59073	15.2	-3.446	1E-3
59093	15.4	-3.446	1E-3
59113	14.9	-3.446	1E-3
59133	15.1	-3.446	1E-3
59153	15.2	-3.446	1E-3
59173	15.2	-3.446	1E-3
59193	15.1	-3.446	1E-3
59213	15.1	-3.446	1E-3
59233	14.9	-3.446	1E-3
59253	15.1	-3.446	1E-3
59273	15.6	-3.446	1E-3
59293	15.1	-3.446	1E-3
59313	15.2	-3.446	1E-3
59333	15.2	-3.446	1E-3
59353	15.4	-3.446	1E-3
59373	15.4	-3.446	1E-3
59393	14.9	-3.446	1E-3
59413	15.1	-3.446	1E-3
59433	14.9	-3.446	1E-3
59453	15.1	-3.446	1E-3
59473	15.4	-3.446	1E-3
59493	14.9	-3.446	1E-3
59513	15.4	-3.446	1E-3
59534	15.1	-3.446	1E-3
59558	15.1	-3.446	1E-3
59578	15.6	-3.446	1E-3
59598	15.2	-3.446	1E-3
59618	15.4	-3.446	1E-3
59638	15.4	-3.446	1E-3
59658	15.1	-3.446	1E-3
59678	15.4	-3.446	1E-3
59698	15.1	-3.446	1E-3
59719	14.9	-3.446	1E-3
59739	15.1	-3.446	1E-3
59763	15.1	-3.446	1E-3
59783	15.2	-3.446	1E-3
59803	15.1	-3.446	1E-3
59824	15.2	-3.446	1E-3
59844	15.2	-3.446	1E-3
59864	15.2	-3.446	1E-3
59884	14.9	-3.446	1E-3
59904	15.4	-3.446	1E-3
59924	15.1	-3.446	1E-3
59944	14.9	-3.446	1E-3
59964	15.2	-3.446	1E-3
59984	15.2	-3.446	1E-3
60004	15.4	-3.446	1E-3
60024	15.6	-3.446	1E-3
60044	15.2	-3.446	1E-3
60064	15.1	-3.446	1E-3
60084	15.1	-3.446	1E-3
60104	15.1	-3.446	1E-3
60124	15.4	-3.446	1E-3
60144	15.4	-3.446	1E-3
60164	15.1	-3.446	1E-3
60184	15.1	-3.446	1E-3
60204	15.2	-3.446	1E-3
60224	15.1	-3.446	1E-3
60244	15.2	-3.446	1E-3
60264	15.1	-3.446	1E-3
60284	15.1	-3.446	1E-3
60304	15.2	-3.446	1E-3
60324	15.1	-3.446	1E-3
60344	15.6	-3.446	1E-3
60364	14.9	-3.446	1E-3
60384	14.9	-3.446	1E-3
60404	15.4	-3.446	1E-3
60424	15.6	-3.446	1E-3
60444	15.1	-3.446	1E-3
60464	15.2	-3.446	1E-3
60484	15.1	-3.446	1E-3
60504	14.9	-3.446	1E-3
60525	15.2	-3.446	1E-3
60549	14.9	-3.446	1E-3
60569	15.1	-3.446	1E-3
60589	15.2	-3.446	1E-3
60609	15.4	-3.446	1E-3
60629	14.9	-3.446	1E-3
60649	15.1	-3.446	1E-3
60669	14.9	-3.446	1E-3
60689	14.9	-3.446	1E-3
60709	15.1	-3.446	1E-3
60729	14.9	-3.446	1E-3
60749	15.2	-3.446	1E-3
60769	14.7	-3.446	1E-3
60789	14.9	-3.446	1E-3
60809	15.4	-3.446	1E-3
60829	15.1	-3.446	1E-3
60849	15.2	-3.446	1E-3
60869	15.2	-3.446	1E-3
60889	15.1	-3.446	1E-3
60910	15.4	-3.446	1E-3
60934	15.2	-3.446	1E-3
60954	15.1	-3.446	1E-3
60974	14.7	-3.446	1E-3
60994	15.2	-3.446	1E-3
61014	15.1	-3.446	1E-3
61034	15.2	-3.446	1E-3
61054	15.2	-3.446	1E-3
61074	15.4	-3.446	1E-3
61094	15.2	-3.446	1E-3
61114	15.2	-3.446	1E-3
61134	15.4	-3.446	1E-3
61154	15.1	-3.446	1E-3
61174	15.4	-3.446	1E-3
61194	15.2	-3.446	1E-3
61215	15.1	-3.446	1E-3
61240	15.2	-3.446	1E-3
61260	15.1	-3.446	1E-3
61280	15.2	-3.446	1E-3
61300	15.2	-3.446	1E-3
61320	15.2	-3.446	1E-3
61340	15.2	-3.446	1E-3
61360	15.2	-3.446	1E-3
61380	15.2	-3.446	1E-3
61400	15.1	-3.446	1E-3
61420	15.2	-3.446	1E-3
61440	15.1	-3.446	1E-3
61460	14.9	-3.446	1E-3
61480	15.2	-3.446	1E-3
61500	15.1	-3.446	1E-3
61520	15.4	-3.446	1E-3
61540	15.1	-3.446	1E-3
61560	15.4	-3.446	1E-3
61580	15.1	-3.446	1E-3
61600	15.2	-3.446	1E-3
61620	15.4	-3.446	1E-3
61640	15.2	-3.446	1E-3
61660	14.9	-3.446	1E-3
61680	15.1	-3.446	1E-3
61700	15.1	-3.446	1E-3
61720	15.2	-3.446	1E-3
61740	14.9	-3.446	1E-3
61760	14.9	-3.446	1E-3
61780	15.1	-3.446	1E-3
61800	15.1	-3.446	1E-3
61820	15.2	-3.446	1E-3
61840	15.2	-3.446	1E-3
61860	15.4	-3.446	1E-3
61880	15.1	-3.446	1E-3
61900	15.4	-3.446	1E-3
61920	15.4	-3.446	1E-3
61940	15.4	-3.446	1E-3
61960	15.1	-3.446	1E-3
61980	15.2	-3.446	1E-3
62000	15.1	-3.446	1E-3
62020	15.1	-3.446	1E-3
62040	15.2	-3.446	1E-3
62060	15.6	-3.446	1E-3
62081	15.1	-3.446	1E-3
62105	15.2	-3.446	1E-3
62125	15.2	-3.446	1E-3
62145	15.4	-3.446	1E-3
62165	15.2	-3.446	1E-3
62185	15.2	-3.446	1E-3
62205	15.2	-3.446	1E-3
62225	15.2	-3.446	1E-3
62245	15.1	-3.446	1E-3
62265	15.4	-3.446	1E-3
62285	15.4	-3.446	1E-3
62305	15.1	-3.446	1E-3
62325	15.4	-3.446	1E-3
62346	14.9	-3.446	1E-3
62366	15.2	-3.446	1E-3
62390	15.6	-3.446	1E-3
62410	15.2	-3.446	1E-3
62430	15.1	-3.446	1E-3
62450	15.2	-3.446	1E-3
62470	15.1	-3.446	1E-3
62490	15.4	-3.446	1E-3
62510	15.4	-3.446	1E-3
62530	15.4	-3.446	1E-3
62550	15.1	-3.446	1E-3
62570	15.2	-3.446	1E-3
62591	15.2	-3.446	1E-3
62611	15.1	-3.446	1E-3
62636	15.1	-3.446	1E-3
62656	15.2	-3.446	1E-3
62680	15.1	-3.446	1E-3
62700	15.1	-3.446	1E-3
62720	15.2	-3.446	1E-3
62741	15.2	-3.446	1E-3
62765	15.2	-3.446	1E-3
62785	15.4	-3.446	1E-3
62805	15.2	-3.446	1E-3
62826	15.4	-3.446	1E-3
62850	15.2	-3.446	1E-3
62871	14.9	-3.446	1E-3
62891	15.1	-3.446	1E-3
62911	15.2	-3.446	1E-3
62936	15.2	-3.446	1E-3
62960	15.2	-3.446	1E-3
62980	15.1	-3.446	1E-3
63001	15.2	-3.446	1E-3
63021	15.2	-3.446	1E-3
63041	15.6	-3.446	1E-3
63061	15.1	-3.446	1E-3
63081	15.4	-3.446	1E-3
63101	15.4	-3.446	1E-3
63121	14.7	-3.446	1E-3
63141	15.4	-3.446	1E-3
63161	15.2	-3.446	1E-3
63181	15.2	-3.446	1E-3
63201	15.4	-3.446	1E-3
63221	15.1	-3.446	1E-3
63241	15.1	-3.446	1E-3
63261	15.2	-3.446	1E-3
63281	15.2	-3.446	1E-3
63301	15.4	-3.446	1E-3
63321	15.1	-3.446	1E-3
63341	15.4	-3.446	1E-3
63361	15.2	-3.446	1E-3
63381	15.1	-3.446	1E-3
63401	15.2	-3.446	1E-3
63421	15.1	-3.446	1E-3
63441	15.2	-3.446	1E-3
63461	15.1	-3.446	1E-3
63481	15.1	-3.446	1E-3
63501	15.2	-3.446	1E-3
63521	15.2	-3.446	1E-3
63541	15.2	-3.446	1E-3
63561	15.1	-3.446	1E-3
63581	15.2	-3.446	1E-3
63601	15.1	-3.446	1E-3
63621	14.9	-3.446	1E-3
63641	15.4	-3.446	1E-3
63661	15.1	-3.446	1E-3
63681	15.1	-3.446	1E-3
63701	15.1	-3.446	1E-3
63721	15.1	-3.446	1E-3
63741	15.1	-3.446	1E-3
63761	15.2	-3.446	1E-3
63781	15.2	-3.446	1E-3
63801	15.2	-3.446	1E-3
63821	15.1	-3.446	1E-3
63841	15.2	-3.446	1E-3
63861	15.4	-3.446	1E-3
63881	15.2	-3.446	1E-3
63901	15.1	-3.446	1E-3
63921	15.4	-3.446	1E-3
63941	15.2	-3.446	1E-3
63961	15.4	-3.446	1E-3
63981	15.4	-3.446	1E-3
64001	15.2	-3.446	1E-3
64021	15.2	-3.446	1E-3
64041	15.1	-3.446	1E-3
64061	15.1	-3.446	1E-3
64081	15.2	-3.446	1E-3
64101	15.1	-3.446	1E-3
64121	15.1	-3.446	1E-3
64141	15.1	-3.446	1E-3
64161	15.2	-3.446	1E-3
64181	15.6	-3.446	1E-3
64201	15.2	-3.446	1E-3
64221	15.1	-3.446	1E-3
64241	15.1	-3.446	1E-3
64261	15.4	-3.446	1E-3
64281	15.4	-3.446	1E-3
64301	15.2	-3.446	1E-3
64321	15.2	-3.446	1E-3
64341	15.2	-3.446	1E-3
64361	15.2	-3.446	1E-3
64381	15.1	-3.446	1E-3
64401	15.1	-3.446	1E-3
64421	15.1	-3.446	1E-3
64442	14.9	-3.446	1E-3
64466	14.7	-3.446	1E-3
64486	14.9	-3.446	1E-3
64506	14.9	-3.446	1E-3
64526	15.1	-3.446	1E-3
64546	15.2	-3.446	1E-3
64566	15.1	-3.446	1E-3
64586	15.4	-3.446	1E-3
64606	15.2	-3.446	1E-3
64626	15.1	-3.446	1E-3
64646	15.2	-3.446	1E-3
64666	15.4	-3.446	1E-3
64686	15.1	-3.446	1E-3
64706	15.1	-3.446	1E-3
64726	15.2	-3.446	1E-3
64746	15.4	-3.446	1E-3
64766	15.2	-3.446	1E-3
64786	15.1	-3.446	1E-3
64806	15.1	-3.446	1E-3
64826	15.4	-3.446	1E-3
64846	15.1	-3.446	1E-3
64866	15.1	-3.446	1E-3
64886	15.4	-3.446	1E-3
64906	15.4	-3.446	1E-3
64926	15.1	-3.446	1E-3
64946	15.4	-3.446	1E-3
64966	15.1	-3.446	1E-3
64986	14.9	-3.446	1E-3
65006	15.4	-3.446	1E-3
65026	15.2	-3.446	1E-3
65046	15.2	-3.446	1E-3
65066	15.4	-3.446	1E-3
65086	15.2	-3.446	1E-3
65107	15.2	-3.446	1E-3
65131	15.1	-3.446	1E-3
65151	15.2	-3.446	1E-3
65171	15.1	-3.446	1E-3
65191	15.2	-3.446	1E-3
65211	15.2	-3.446	1E-3
65232	15.2	-3.446	1E-3
65256	15.2	-3.446	1E-3
65276	15.2	-3.446	1E-3
65296	15.2	-3.446	1E-3
65316	15.4	-3.446	1E-3
65336	15.2	-3.446	1E-3
65356	15.1	-3.446	1E-3
65376	15.2	-3.446	1E-3
65396	15.2	-3.446	1E-3
65416	15.1	-3.446	1E-3
65437	15.4	-3.446	1E-3
65461	15.2	-3.446	1E-3
65481	15.4	-3.446	1E-3
65501	15.1	-3.446	1E-3
65521	15.2	-3.446	1E-3
65541	15.1	-3.446	1E-3
65561	15.2	-3.446	1E-3
65582	15.2	-3.446	1E-3
65606	15.1	-3.446	1E-3
65627	15.1	-3.446	1E-3
65652	15.1	-3.446	1E-3
65672	15.4	-3.446	1E-3
65692	15.2	-3.446	1E-3
65712	15.2	-3.446	1E-3
65732	15.4	-3.446	1E-3
65752	15.4	-3.446	1E-3
65772	15.6	-3.446	1E-3
65792	15.1	-3.446	1E-3
65812	15.2	-3.446	1E-3
65832	15.4	-3.446	1E-3
65852	15.1	-3.446	1E-3
65872	15.1	-3.446	1E-3
65892	15.2	-3.446	1E-3
65912	15.4	-3.446	1E-3
65932	15.2	-3.446	1E-3
65952	14.9	-3.446	1E-3
65972	15.2	-3.446	1E-3
65992	15.4	-3.446	1E-3
66012	15.1	-3.446	1E-3
66032	15.4	-3.446	1E-3
66052	15.4	-3.446	1E-3
66072	15.2	-3.446	1E-3
66092	15.4	-3.446	1E-3
66112	15.4	-3.446	1E-3
66132	15.2	-3.446	1E-3
66152	15.1	-3.446	1E-3
66172	15.4	-3.446	1E-3
66192	15.1	-3.446	1E-3
66212	15.2	-3.446	1E-3
66232	15.2	-3.446	1E-3
66252	15.2	-3.446	1E-3
66272	15.2	-3.446	1E-3
66292	15.2	-3.446	1E-3
66312	15.2	-3.446	1E-3
66332	15.2	-3.446	1E-3
66352	15.2	-3.446	1E-3
66372	15.1	-3.446	1E-3
66392	15.4	-3.446	1E-3
66412	15.2	-3.446	1E-3
66432	15.2	-3.446	1E-3
66452	15.2	-3.446	1E-3
66472	15.6	-3.446	1E-3
66492	15.2	-3.446	1E-3
66512	15.2	-3.446	1E-3
66532	15.2	-3.446	1E-3
66552	15.4	-3.446	1E-3
66572	15.1	-3.446	1E-3
66592	15.2	-3.446	1E-3
66612	15.1	-3.446	1E-3
66632	15.2	-3.446	1E-3
66652	15.2	-3.446	1E-3
66672	15.1	-3.446	1E-3
66692	15.4	-3.446	1E-3
66712	14.9	-3.446	1E-3
66732	15.1	-3.446	1E-3
66752	15.1	-3.446	1E-3
66772	15.4	-3.446	1E-3
66792	14.9	-3.446	1E-3
66812	15.1	-3.446	1E-3
66832	15.2	-3.446	1E-3
66852	15.2	-3.446	1E-3
66872	14.9	-3.446	1E-3
66892	15.1	-3.446	1E-3
66912	15.2	-3.446	1E-3
66932	15.2	-3.446	1E-3
66952	15.4	-3.446	1E-3
66972	15.4	-3.446	1E-3
66992	15.2	-3.446	1E-3
67012	15.1	-3.446	1E-3
67032	15.4	-3.446	1E-3
67052	15.4	-3.446	1E-3
67072	15.6	-3.446	1E-3
67092	15.1	-3.446	1E-3
67112	15.2	-3.446	1E-3
67132	15.1	-3.446	1E-3
67152	15.2	-3.446	1E-3
67173	15.6	-3.446	1E-3
67197	15.2	-3.446	1E-3
67217	15.1	-3.446	1E-3
67237	15.1	-3.446	1E-3
67257	15.2	-3.446	1E-3
67277	15.1	-3.446	1E-3
67297	15.2	-3.446	1E-3
67317	14.9	-3.446	1E-3
67337	15.1	-3.446	1E-3
67357	15.2	-3.446	1E-3
67378	15.6	-3.446	1E-3
67398	15.1	-3.446	1E-3
67418	15.4	-3.446	1E-3
67438	15.1	-3.446	1E-3
67458	15.4	-3.446	1E-3
67478	15.1	-3.446	1E-3
67498	14.9	-3.446	1E-3
67518	15.2	-3.446	1E-3
67538	15.2	-3.446	1E-3
67558	15.1	-3.446	1E-3
67578	15.1	-3.446	1E-3
67598	15.2	-3.446	1E-3
67618	15.2	-3.446	1E-3
67638	15.2	-3.446	1E-3
67658	15.1	-3.446	1E-3
67678	15.1	-3.446	1E-3
67698	15.2	-3.446	1E-3
67718	15.2	-3.446	1E-3
67738	15.2	-3.446	1E-3
67758	15.2	-3.446	1E-3
67778	15.4	-3.446	1E-3
67798	15.2	-3.446	1E-3
67818	15.2	-3.446	1E-3
67838	15.1	-3.446	1E-3
67858	15.2	-3.446	1E-3
67878	15.1	-3.446	1E-3
67898	15.2	-3.446	1E-3
67918	15.2	-3.446	1E-3
67938	15.2	-3.446	1E-3
67958	15.1	-3.446	1E-3
67978	15.1	-3.446	1E-3
67998	15.1	-3.446	1E-3
68018	15.2	-3.446	1E-3
68038	15.2	-3.446	1E-3
68058	15.2	-3.446	1E-3
68078	15.4	-3.446	1E-3
68098	15.2	-3.446	1E-3
68118	15.2	-3.446	1E-3
68138	15.2	-3.446	1E-3
68158	15.2	-3.446	1E-3
68178	15.4	-3.446	1E-3
68198	15.4	-3.446	1E-3
68218	15.1	-3.446	1E-3
68238	15.2	-3.446	1E-3
68258	15.2	-3.446	1E-3
68278	15.2	-3.446	1E-3
68298	15.2	-3.446	1E-3
68318	15.2	-3.446	1E-3
68338	15.4	-3.446	1E-3
68358	15.1	-3.446	1E-3
68378	15.1	-3.446	1E-3
68398	15.4	-3.446	1E-3
68418	15.6	-3.446	1E-3
68438	15.2	-3.446	1E-3
68458	15.1	-3.446	1E-3
68478	15.4	-3.446	1E-3
68498	15.4	-3.446	1E-3
68518	15.2	-3.446	1E-3
68539	15.2	-3.446	1E-3
68563	15.2	-3.446	1E-3
68583	15.2	-3.446	1E-3
68603	15.1	-3.446	1E-3
68623	15.1	-3.446	1E-3
68643	15.4	-3.446	1E-3
68663	15.1	-3.446	1E-3
68683	15.1	-3.446	1E-3
68703	15.2	-3.446	1E-3
68725	15.4	-3.446	1E-3
68749	15.4	-3.446	1E-3
68769	15.4	-3.446	1E-3
68789	15.2	-3.446	1E-3
68809	15.2	-3.446	1E-3
68829	15.2	-3.446	1E-3
68849	15.1	-3.446	1E-3
68869	15.1	-3.446	1E-3
68890	15.2	-3.446	1E-3
68910	15.4	-3.446	1E-3
68930	15.2	-3.446	1E-3
68950	15.2	-3.446	1E-3
68971	15.1	-3.446	1E-3
68995	15.2	-3.446	1E-3
69015	15.1	-3.446	1E-3
69035	15.2	-3.446	1E-3
69055	15.4	-3.446	1E-3
69075	15.1	-3.446	1E-3
69095	15.1	-3.446	1E-3
69115	15.4	-3.446	1E-3
69135	15.1	-3.446	1E-3
69155	15.2	-3.446	1E-3
69175	15.2	-3.446	1E-3
69195	15.2	-3.446	1E-3
69215	15.4	-3.446	1E-3
69235	15.4	-3.446	1E-3
69256	15.2	-3.446	1E-3
69280	15.2	-3.446	1E-3
69300	15.1	-3.446	1E-3
69320	15.4	-3.446	1E-3
69340	15.1	-3.446	1E-3
69360	15.2	-3.446	1E-3
69380	15.2	-3.446	1E-3
69400	15.2	-3.446	1E-3
69420	15.1	-3.446	1E-3
69440	15.1	-3.446	1E-3
69461	15.4	-3.446	1E-3
69485	15.1	-3.446	1E-3
69505	15.1	-3.446	1E-3
69525	15.6	-3.446	1E-3
69546	15.2	-3.446	1E-3
69570	15.1	-3.446	1E-3
69591	15.1	-3.446	1E-3
69615	15.2	-3.446	1E-3
69635	15.2	-3.446	1E-3
69656	15.1	-3.446	1E-3
69680	15.4	-3.446	1E-3
69701	15.1	-3.446	1E-3
69725	15.2	-3.446	1E-3
69745	15.1	-3.446	1E-3
69765	15.2	-3.446	1E-3
69785	15.1	-3.446	1E-3
69806	15.4	-3.446	1E-3
69826	15.4	-3.446	1E-3
69850	15.4	-3.446	1E-3
69871	15.4	-3.446	1E-3
69897	15.2	-3.446	1E-3
69920	15.4	-3.446	1E-3
69940	15.2	-3.446	1E-3
69961	15.2	-3.446	1E-3
69981	15.2	-3.446	1E-3
70001	15.1	-3.446	1E-3
70021	15.4	-3.446	1E-3
70041	15.4	-3.446	1E-3
70061	15.1	-3.446	1E-3
70081	15.2	-3.446	1E-3
70101	15.2	-3.446	1E-3
70121	15.4	-3.446	1E-3
70141	15.2	-3.446	1E-3
70161	15.4	-3.446	1E-3
70181	15.2	-3.446	1E-3
70201	15.2	-3.446	1E-3
70221	15.2	-3.446	1E-3
70242	15.1	-3.446	1E-3
70266	15.4	-3.446	1E-3
70286	15.2	-3.446	1E-3
70306	15.1	-3.446	1E-3
70326	15.1	-3.446	1E-3
70346	15.2	-3.446	1E-3
70366	15.1	-3.446	1E-3
70386	15.6	-3.446	1E-3
70406	15.1	-3.446	1E-3
70426	15.4	-3.446	1E-3
70446	15.2	-3.446	1E-3
70466	15.4	-3.446	1E-3
70486	15.2	-3.446	1E-3
70506	15.1	-3.446	1E-3
70526	15.4	-3.446	1E-3
70546	15.4	-3.446	1E-3
70566	15.2	-3.446	1E-3
70586	15.2	-3.446	1E-3
70606	15.2	-3.446	1E-3
70626	15.2	-3.446	1E-3
70647	15.1	-3.446	1E-3
70667	15.4	-3.446	1E-3
70687	15.2	-3.446	1E-3
70712	15.2	-3.446	1E-3
70732	15.1	-3.446	1E-3
70752	15.1	-3.446	1E-3
70772	15.4	-3.446	1E-3
70792	15.1	-3.446	1E-3
70812	15.2	-3.446	1E-3
70832	15.4	-3.446	1E-3
70852	15.1	-3.446	1E-3
70872	15.1	-3.446	1E-3
70892	15.4	-3.446	1E-3
70912	14.9	-3.446	1E-3
70932	15.2	-3.446	1E-3
70952	15.4	-3.446	1E-3
70972	15.2	-3.446	1E-3
70992	15.1	-3.446	1E-3
71012	15.4	-3.446	1E-3
71032	15.6	-3.446	1E-3
71052	15.6	-3.446	1E-3
71072	15.4	-3.446	1E-3
71092	15.4	-3.446	1E-3
71112	15.1	-3.446	1E-3
71132	15.2	-3.446	1E-3
71152	15.2	-3.446	1E-3
71172	15.1	-3.446	1E-3
71192	14.9	-3.446	1E-3
71212	15.2	-3.446	1E-3
71232	15.2	-3.446	1E-3
71252	15.1	-3.446	1E-3
71272	15.1	-3.446	1E-3
71292	15.2	-3.446	1E-3
71312	15.4	-3.446	1E-3
71332	15.4	-3.446	1E-3
71352	15.1	-3.446	1E-3
71372	15.6	-3.446	1E-3
71392	15.2	-3.446	1E-3
71412	15.2	-3.446	1E-3
71432	15.1	-3.446	1E-3
71452	15.1	-3.446	1E-3
71472	15.1	-3.446	1E-3
71492	15.4	-3.446	1E-3
71512	15.1	-3.446	1E-3
71532	15.1	-3.446	1E-3
71552	15.1	-3.446	1E-3
71572	15.2	-3.446	1E-3
71592	15.1	-3.446	1E-3
71612	15.2	-3.446	1E-3
71633	15.4	-3.446	1E-3
71657	15.4	-3.446	1E-3
71677	15.2	-3.446	1E-3
71697	15.1	-3.446	1E-3
71717	15.2	-3.446	1E-3
71737	15.1	-3.446	1E-3
71757	15.1	-3.446	1E-3
71777	15.1	-3.446	1E-3
71798	15.4	-3.446	1E-3
71818	15.2	-3.446	1E-3
71842	15.2	-3.446	1E-3
71862	15.1	-3.446	1E-3
71882	15.1	-3.446	1E-3
71902	15.1	-3.446	1E-3
71923	15.2	-3.446	1E-3
71943	15.4	-3.446	1E-3
71963	15.2	-3.446	1E-3
71988	15.4	-3.446	1E-3
72008	15.1	-3.446	1E-3
72028	15.2	-3.446	1E-3
72048	15.1	-3.446	1E-3
72068	15.2	-3.446	1E-3
72088	15.2	-3.446	1E-3
72108	15.1	-3.446	1E-3
72128	15.1	-3.446	1E-3
72148	15.2	-3.446	1E-3
72168	15.2	-3.446	1E-3
72188	15.4	-3.446	1E-3
72208	15.2	-3.446	1E-3
72228	15.2	-3.446	1E-3
72248	15.2	-3.446	1E-3
72268	15.1	-3.446	1E-3
72288	15.2	-3.446	1E-3
72308	15.2	-3.446	1E-3
72328	14.9	-3.446	1E-3
72348	15.4	-3.446	1E-3
72368	15.1	-3.446	1E-3
72388	15.1	-3.446	1E-3
72408	15.2	-3.446	1E-3
72428	15.4	-3.446	1E-3
72448	15.6	-3.446	1E-3
72469	15.2	-3.446	1E-3
72493	15.2	-3.446	1E-3
72514	15.2	-3.446	1E-3
72538	15.2	-3.446	1E-3
72558	15.4	-3.446	1E-3
72578	15.2	-3.446	1E-3
72598	15.2	-3.446	1E-3
72618	15.2	-3.446	1E-3
72638	15.2	-3.446	1E-3
72658	15.1	-3.446	1E-3
72679	15.4	-3.446	1E-3
72699	15.2	-3.446	1E-3
72719	15.1	-3.446	1E-3
72743	15.1	-3.446	1E-3
72763	15.2	-3.446	1E-3
72783	15.2	-3.446	1E-3
72803	15.4	-3.446	1E-3
72823	15.2	-3.446	1E-3
72843	15.2	-3.446	1E-3
72863	15.4	-3.446	1E-3
72883	15.2	-3.446	1E-3
72904	15.1	-3.446	1E-3
72930	15.2	-3.446	1E-3
72954	15.1	-3.446	1E-3
72974	15.1	-3.446	1E-3
72994	15.1	-3.446	1E-3
73014	15.1	-3.446	1E-3
73034	15.2	-3.446	1E-3
73054	15.4	-3.446	1E-3
73074	15.1	-3.446	1E-3
73094	15.2	-3.446	1E-3
73114	15.1	-3.446	1E-3
73134	15.2	-3.446	1E-3
73154	15.1	-3.446	1E-3
73174	15.4	-3.446	1E-3
73194	15.4	-3.446	1E-3
73214	15.4	-3.446	1E-3
73234	15.2	-3.446	1E-3
73254	15.6	-3.446	1E-3
73274	15.1	-3.446	1E-3
73295	15.1	-3.446	1E-3
73319	15.2	-3.446	1E-3
73339	15.4	-3.446	1E-3
73359	15.1	-3.446	1E-3
73380	15.6	-3.446	1E-3
73400	15.4	-3.446	1E-3
73420	15.1	-3.446	1E-3
73440	15.2	-3.446	1E-3
73460	15.1	-3.446	1E-3
73480	15.1	-3.446	1E-3
73500	15.2	-3.446	1E-3
73520	15.1	-3.446	1E-3
73540	15.1	-3.446	1E-3
73560	15.1	-3.446	1E-3
73580	15.1	-3.446	1E-3
73600	15.1	-3.446	1E-3
73620	15.1	-3.446	1E-3
73640	15.1	-3.446	1E-3
73660	15.1	-3.446	1E-3
73680	15.2	-3.446	1E-3
73700	15.1	-3.446	1E-3
73720	15.1	-3.446	1E-3
73740	15.2	-3.446	1E-3
73760	15.6	-3.446	1E-3
73780	15.1	-3.446	1E-3
73800	15.2	-3.446	1E-3
73820	15.2	-3.446	1E-3
73840	15.2	-3.446	1E-3
73860	15.1	-3.446	1E-3
73880	15.2	-3.446	1E-3
73900	15.2	-3.446	1E-3
73920	15.2	-3.446	1E-3
73940	15.1	-3.446	1E-3
73960	15.4	-3.446	1E-3
73980	15.4	-3.446	1E-3
74000	15.2	-3.446	1E-3
74020	15.1	-3.446	1E-3
74040	15.2	-3.446	1E-3
74060	15.1	-3.446	1E-3
74080	15.1	-3.446	1E-3
74100	15.4	-3.446	1E-3
74120	15.1	-3.446	1E-3
74140	15.2	-3.446	1E-3
74160	15.6	-3.446	1E-3
74180	15.4	-3.446	1E-3
74200	15.2	-3.446	1E-3
74220	15.6	-3.446	1E-3
74240	15.2	-3.446	1E-3
74260	15.2	-3.446	1E-3
74280	15.1	-3.446	1E-3
74300	15.2	-3.446	1E-3
74320	15.1	-3.446	1E-3
74340	15.4	-3.446	1E-3
74360	15.2	-3.446	1E-3
74380	15.1	-3.446	1E-3
74400	15.4	-3.446	1E-3
74420	15.1	-3.446	1E-3
74440	15.1	-3.446	1E-3
74460	15.1	-3.446	1E-3
74480	15.1	-3.446	1E-3
74500	15.2	-3.446	1E-3
74520	15.1	-3.446	1E-3
74540	15.2	-3.446	1E-3
74560	15.4	-3.446	1E-3
74580	15.1	-3.446	1E-3
74600	15.1	-3.446	1E-3
74620	15.6	-3.446	1E-3
74640	15.1	-3.446	1E-3
74660	15.1	-3.446	1E-3
74680	15.2	-3.446	1E-3
74700	15.6	-3.446	1E-3
74720	15.6	-3.446	1E-3
74740	15.1	-3.446	1E-3
74760	15.1	-3.446	1E-3
74780	15.4	-3.446	1E-3
74800	15.4	-3.446	1E-3
74820	15.1	-3.446	1E-3
74841	15.1	-3.446	1E-3
74861	15.1	-3.446	1E-3
74885	15.2	-3.446	1E-3
74905	15.6	-3.446	1E-3
74925	15.4	-3.446	1E-3
74945	15.2	-3.446	1E-3
74965	15.2	-3.446	1E-3
74985	15.2	-3.446	1E-3
75005	15.2	-3.446	1E-3
75025	15.4	-3.446	1E-3
75045	15.2	-3.446	1E-3
75065	15.1	-3.446	1E-3
75085	15.1	-3.446	1E-3
75105	15.1	-3.446	1E-3
75125	15.2	-3.446	1E-3
75145	15.1	-3.446	1E-3
75165	15.1	-3.446	1E-3
75186	15.2	-3.446	1E-3
75210	15.1	-3.446	1E-3
75230	15.4	-3.446	1E-3
75250	15.1	-3.446	1E-3
75270	15.1	-3.446	1E-3
75290	15.1	-3.446	1E-3
75310	15.1	-3.446	1E-3
75330	15.1	-3.446	1E-3
75351	15.4	-3.446	1E-3
75371	15.4	-3.446	1E-3
75391	15.4	-3.446	1E-3
75411	15.1	-3.446	1E-3
75431	15.2	-3.446	1E-3
75451	15.2	-3.446	1E-3
75471	15.1	-3.446	1E-3
75491	15.1	-3.446	1E-3
75511	15.2	-3.446	1E-3
75531	15.1	-3.446	1E-3
75551	15.2	-3.446	1E-3
75571	15.1	-3.446	1E-3
75591	14.9	-3.446	1E-3
75611	15.1	-3.446	1E-3
75631	15.4	-3.446	1E-3
75651	15.2	-3.446	1E-3
75671	15.4	-3.446	1E-3
75691	15.2	-3.446	1E-3
75711	15.2	-3.446	1E-3
75731	15.1	-3.446	1E-3
75751	15.4	-3.446	1E-3
75771	15.1	-3.446	1E-3
75791	15.1	-3.446	1E-3
75811	15.2	-3.446	1E-3
75831	15.1	-3.446	1E-3
75851	15.1	-3.446	1E-3
75871	15.4	-3.446	1E-3
75891	15.4	-3.446	1E-3
75911	15.2	-3.446	1E-3
75931	15.2	-3.446	1E-3
75951	15.1	-3.446	1E-3
75971	15.4	-3.446	1E-3
75991	15.2	-3.446	1E-3
76011	15.2	-3.446	1E-3
76031	15.2	-3.446	1E-3
76051	15.2	-3.446	1E-3
76071	15.2	-3.446	1E-3
76091	15.2	-3.446	1E-3
76111	15.1	-3.446	1E-3
76131	15.2	-3.446	1E-3
76151	15.2	-3.446	1E-3
76171	15.4	-3.446	1E-3
76192	15.1	-3.446	1E-3
76216	15.1	-3.446	1E-3
76237	15.1	-3.446	1E-3
76261	15.1	-3.446	1E-3
76281	15.4	-3.446	1E-3
76302	15.2	-3.446	1E-3
76322	15.2	-3.446	1E-3
76342	15.2	-3.446	1E-3
76362	15.2	-3.446	1E-3
76382	15.2	-3.446	1E-3
76402	15.2	-3.446	1E-3
76422	15.4	-3.446	1E-3
76442	15.1	-3.446	1E-3
76462	15.2	-3.446	1E-3
76482	15.2	-3.446	1E-3
76502	15.2	-3.446	1E-3
76522	15.2	-3.446	1E-3
76542	15.1	-3.446	1E-3
76562	15.4	-3.446	1E-3
76582	15.2	-3.446	1E-3
76602	15.4	-3.446	1E-3
76622	15.1	-3.446	1E-3
76642	15.1	-3.446	1E-3
76662	15.4	-3.446	1E-3
76687	15.2	-3.446	1E-3
76712	15.1	-3.446	1E-3
76732	15.4	-3.446	1E-3
76752	15.1	-3.446	1E-3
76772	15.1	-3.446	1E-3
76792	15.1	-3.446	1E-3
76812	15.1	-3.446	1E-3
76832	15.4	-3.446	1E-3
76852	15.2	-3.446	1E-3
76872	15.2	-3.446	1E-3
76892	15.1	-3.446	1E-3
76912	15.2	-3.446	1E-3
76932	15.4	-3.446	1E-3
76952	15.1	-3.446	1E-3
76972	15.4	-3.446	1E-3
76992	15.1	-3.446	1E-3
77012	15.2	-3.446	1E-3
77032	15.2	-3.446	1E-3
77052	15.1	-3.446	1E-3
77072	15.1	-3.446	1E-3
77092	15.2	-3.446	1E-3
77112	15.6	-3.446	1E-3
77132	15.4	-3.446	1E-3
77152	15.2	-3.446	1E-3
77172	15.2	-3.446	1E-3
77192	15.1	-3.446	1E-3
77212	15.4	-3.446	1E-3
77232	15.1	-3.446	1E-3
77252	15.1	-3.446	1E-3
77272	15.1	-3.446	1E-3
77292	15.2	-3.446	1E-3
77312	15.2	-3.446	1E-3
77332	15.1	-3.446	1E-3
77352	15.2	-3.446	1E-3
77372	15.1	-3.446	1E-3
77392	15.2	-3.446	1E-3
77412	15.2	-3.446	1E-3
77432	15.2	-3.446	1E-3
77452	15.2	-3.446	1E-3
77472	15.2	-3.446	1E-3
77492	15.1	-3.446	1E-3
77512	15.1	-3.446	1E-3
77532	15.2	-3.446	1E-3
77552	15.1	-3.446	1E-3
77572	15.2	-3.446	1E-3
77592	15.1	-3.446	1E-3
77612	15.2	-3.446	1E-3
77632	15.1	-3.446	1E-3
77652	15.1	-3.446	1E-3
77672	15.4	-3.446	1E-3
77692	15.1	-3.446	1E-3
77712	15.1	-3.446	1E-3
77732	15.2	-3.446	1E-3
77752	15.2	-3.446	1E-3
77772	15.1	-3.446	1E-3
77792	15.2	-3.446	1E-3
77812	15.2	-3.446	1E-3
77832	15.1	-3.446	1E-3
77852	15.1	-3.446	1E-3
77872	15.4	-3.446	1E-3
77892	14.9	-3.446	1E-3
77912	15.4	-3.446	1E-3
77932	15.2	-3.446	1E-3
77952	15.4	-3.446	1E-3
77972	15.2	-3.446	1E-3
77992	15.1	-3.446	1E-3
78012	15.1	-3.446	1E-3
78032	15.2	-3.446	1E-3
78052	15.4	-3.446	1E-3
78072	15.4	-3.446	1E-3
78092	15.4	-3.446	1E-3
78112	15.2	-3.446	1E-3
78132	15.1	-3.446	1E-3
78152	15.2	-3.446	1E-3
78172	15.2	-3.446	1E-3
78192	15.2	-3.446	1E-3
78212	15.2	-3.446	1E-3
78232	15.2	-3.446	1E-3
78252	15.2	-3.446	1E-3
78272	15.4	-3.446	1E-3
78292	15.2	-3.446	1E-3
78312	15.2	-3.446	1E-3
78332	15.4	-3.446	1E-3
78352	15.2	-3.446	1E-3
78372	15.2	-3.446	1E-3
78392	15.2	-3.446	1E-3
78412	15.1	-3.446	1E-3
78432	15.1	-3.446	1E-3
78452	15.1	-3.446	1E-3
78472	15.6	-3.446	1E-3
78492	15.1	-3.446	1E-3
78512	15.4	-3.446	1E-3
78532	15.2	-3.446	1E-3
78552	15.2	-3.446	1E-3
78572	15.4	-3.446	1E-3
78592	15.1	-3.446	1E-3
78612	15.2	-3.446	1E-3
78632	15.2	-3.446	1E-3
78652	15.2	-3.446	1E-3
78672	15.4	-3.446	1E-3
78692	15.4	-3.446	1E-3
78712	15.1	-3.446	1E-3
78732	15.2	-3.446	1E-3
78752	15.1	-3.446	1E-3
78772	15.2	-3.446	1E-3
78792	15.1	-3.446	1E-3
78812	15.1	-3.446	1E-3
78832	15.1	-3.446	1E-3
78852	15.1	-3.446	1E-3
78872	15.2	-3.446	1E-3
78892	15.2	-3.446	1E-3
78912	15.1	-3.446	1E-3
78932	15.1	-3.446	1E-3
78952	15.4	-3.446	1E-3
78972	15.2	-3.446	1E-3
78992	15.2	-3.446	1E-3
79012	15.1	-3.446	1E-3
79032	15.1	-3.446	1E-3
79052	15.1	-3.446	1E-3
79072	15.1	-3.446	1E-3
79092	15.2	-3.446	1E-3
79112	15.2	-3.446	1E-3
79132	15.1	-3.446	1E-3
79152	15.1	-3.446	1E-3
79172	15.1	-3.446	1E-3
79192	15.1	-3.446	1E-3
79212	15.1	-3.446	1E-3
79232	15.6	-3.446	1E-3
79252	14.9	-3.446	1E-3
79272	15.2	-3.446	1E-3
79292	15.2	-3.446	1E-3
79312	15.2	-3.446	1E-3
79332	15.2	-3.446	1E-3
79352	15.2	-3.446	1E-3
79372	15.1	-3.446	1E-3
79392	15.2	-3.446	1E-3
79412	15.1	-3.446	1E-3
79432	15.4	-3.446	1E-3
79452	15.1	-3.446	1E-3
79472	15.1	-3.446	1E-3
79492	14.9	-3.446	1E-3
79512	15.1	-3.446	1E-3
79532	15.2	-3.446	1E-3
79552	14.9	-3.446	1E-3
79572	14.9	-3.446	1E-3
79592	15.1	-3.446	1E-3
79612	15.1	-3.446	1E-3
79632	15.2	-3.446	1E-3
79652	15.4	-3.446	1E-3
79672	15.2	-3.446	1E-3
79692	15.2	-3.446	1E-3
79712	15.2	-3.446	1E-3
79732	15.1	-3.446	1E-3
79752	15.1	-3.446	1E-3
79772	15.1	-3.446	1E-3
79792	15.4	-3.446	1E-3
79812	15.1	-3.446	1E-3
79832	15.1	-3.446	1E-3
79852	15.1	-3.446	1E-3
79872	15.1	-3.446	1E-3
79892	15.1	-3.446	1E-3
79912	15.1	-3.446	1E-3
79932	15.1	-3.446	1E-3
79952	15.1	-3.446	1E-3
79972	15.1	-3.446	1E-3
79992	15.1	-3.446	1E-3
80012	15.2	-3.446	1E-3
80032	15.1	-3.446	1E-3
80052	15.1	-3.446	1E-3
80072	15.1	-3.446	1E-3
80092	15.1	-3.446	1E-3
80112	15.1	-3.446	1E-3
80132	15.2	-3.446	1E-3
80152	15.4	-3.446	1E-3
80172	15.2	-3.446	1E-3
80192	14.9	-3.446	1E-3
80212	15.2	-3.446	1E-3
80232	15.2	-3.446	1E-3
80252	15.2	-3.446	1E-3
80272	15.2	-3.446	1E-3
80292	15.1	-3.446	1E-3
80312	15.1	-3.446	1E-3
80332	15.1	-3.446	1E-3
80352	15.2	-3.446	1E-3
80372	15.1	-3.446	1E-3
80392	15.1	-3.446	1E-3
80412	15.1	-3.446	1E-3
80432	15.1	-3.446	1E-3
80452	15.1	-3.446	1E-3
80473	15.1	-3.446	1E-3
80493	15.1	-3.446	1E-3
80513	15.4	-3.446	1E-3
80533	15.4	-3.446	1E-3
80553	14.9	-3.446	1E-3
80573	15.2	-3.446	1E-3
80593	15.1	-3.446	1E-3
80613	15.2	-3.446	1E-3
80633	15.2	-3.446	1E-3
80653	15.1	-3.446	1E-3
80673	15.1	-3.446	1E-3
80693	15.1	-3.446	1E-3
80713	15.2	-3.446	1E-3
80733	15.1	-3.446	1E-3
80753	15.1	-3.446	1E-3
80773	15.1	-3.446	1E-3
80793	15.4	-3.446	1E-3
80813	15.2	-3.446	1E-3
80833	15.1	-3.446	1E-3
80853	14.9	-3.446	1E-3
80873	15.1	-3.446	1E-3
80893	15.1	-3.446	1E-3
80913	15.1	-3.446	1E-3
80933	15.1	-3.446	1E-3
80954	15.4	-3.446	1E-3
80978	15.2	-3.446	1E-3
80998	15.1	-3.446	1E-3
81018	15.1	-3.446	1E-3
81038	15.1	-3.446	1E-3
81058	15.1	-3.446	1E-3
81078	15.1	-3.446	1E-3
81098	15.1	-3.446	1E-3
81118	15.1	-3.446	1E-3
81138	15.1	-3.446	1E-3
81158	15.1	-3.446	1E-3
81178	14.9	-3.446	1E-3
81199	15.1	-3.446	1E-3
81223	15.1	-3.446	1E-3
81243	15.1	-3.446	1E-3
81263	14.9	-3.446	1E-3
