0	17.1	0	1E-3
20	17.1	0	1E-3
40	17.1	0	1E-3
60	17	0	1E-3
80	17.5	0	1E-3
100	17.3	0	1E-3
120	17.3	0	1E-3
140	17.3	0	1E-3
160	17.1	0	1E-3
180	17.3	0	1E-3
200	17.3	0	1E-3
220	17.3	0	1E-3
240	17.1	0	1E-3
260	17.1	0	1E-3
280	17.3	0	1E-3
300	17.3	0	1E-3
320	17.5	0	1E-3
340	17.5	0	1E-3
360	17	0	1E-3
380	17.3	0	1E-3
400	17.1	-1E-3	1E-3
420	17.5	-1E-3	1E-3
440	17.3	-1E-3	1E-3
460	17.7	-1E-3	1E-3
480	17.7	-1E-3	1E-3
500	17.7	-1E-3	1E-3
520	17.8	-1E-3	1E-3
540	18	-1E-3	1E-3
560	18.2	-1E-3	1E-3
581	18.5	-0.002	1E-3
601	18.7	-0.002	1E-3
621	19.1	-0.002	1E-3
641	19.1	-0.002	1E-3
661	19.6	-0.002	1E-3
681	19.4	-0.002	1E-3
701	19.8	-0.002	1E-3
721	20	-0.002	1E-3
741	20.3	-0.002	1E-3
761	20.5	-0.002	1E-3
781	21	-0.002	1E-3
801	21.2	-0.002	1E-3
821	21.5	-0.003	1E-3
841	21.7	-0.003	1E-3
861	22.2	-0.003	1E-3
881	22.4	-0.003	1E-3
901	23.1	-0.003	1E-3
921	23.1	-0.003	1E-3
941	23.8	-0.003	1E-3
961	24	-0.003	1E-3
981	24.1	-0.003	1E-3
1001	24.5	-0.003	1E-3
1021	25.2	-0.003	1E-3
1041	25.7	-0.003	1E-3
1061	26.1	-0.003	1E-3
1081	26.4	-0.003	1E-3
1101	26.8	-0.003	1E-3
1121	27.3	-0.003	1E-3
1142	27.8	-0.003	1E-3
1162	28.2	-0.004	1E-3
1182	28.9	-0.004	1E-3
1202	29.2	-0.004	1E-3
1222	29.4	-0.004	1E-3
1242	29.9	-0.004	1E-3
1262	30.5	-0.004	1E-3
1282	31.3	-0.004	1E-3
1302	31.5	-0.004	1E-3
1322	32	-0.004	1E-3
1342	32.5	-0.004	1E-3
1362	32.7	-0.004	1E-3
1382	33.6	-0.005	1E-3
1402	34.1	-0.005	1E-3
1422	34.7	-0.005	1E-3
1442	35.2	-0.005	1E-3
1462	35.7	-0.005	1E-3
1482	36.4	-0.005	1E-3
1502	36.9	-0.005	1E-3
1522	37.6	-0.005	1E-3
1542	38.2	-0.005	1E-3
1562	38.5	-0.005	1E-3
1582	39	-0.005	1E-3
1602	39.9	-0.005	1E-3
1622	40.6	-0.006	1E-3
1642	41.1	-0.006	1E-3
1662	41.7	-0.006	1E-3
1682	42.2	-0.006	1E-3
1702	42.7	-0.006	1E-3
1722	43.6	-0.006	1E-3
1742	43.8	-0.006	1E-3
1762	44.3	-0.007	1E-3
1782	45.1	-0.007	1E-3
1802	46	-0.007	1E-3
1822	46.2	-0.007	1E-3
1842	47.1	-0.007	1E-3
1862	47.6	-0.007	1E-3
1882	48.5	-0.007	1E-3
1902	49.3	-0.008	1E-3
1922	50	-0.008	1E-3
1942	50.6	-0.008	1E-3
1963	51.1	-0.008	1E-3
1983	51.8	-0.008	1E-3
2003	52.8	-0.009	1E-3
2023	53.5	-0.009	1E-3
2043	54.4	-0.009	1E-3
2063	55.1	-0.009	1E-3
2083	56	-0.009	1E-3
2103	56.7	-0.009	1E-3
2123	57.6	-0.01	1E-3
2143	58.1	-0.01	1E-3
2163	59	-0.01	1E-3
2183	59.9	-0.01	1E-3
2203	60.6	-0.011	1E-3
2223	61.4	-0.011	1E-3
2243	62.3	-0.011	1E-3
2263	63.2	-0.011	1E-3
2283	64.2	-0.011	1E-3
2303	64.4	-0.012	1E-3
2323	65.3	-0.012	1E-3
2343	65.8	-0.012	1E-3
2363	67.2	-0.012	1E-3
2383	67.5	-0.013	1E-3
2403	68.4	-0.013	1E-3
2423	69.3	-0.013	1E-3
2443	70.2	-0.013	1E-3
2463	70.9	-0.014	1E-3
2483	71.7	-0.014	1E-3
2503	72.5	-0.014	1E-3
2523	73.5	-0.015	1E-3
2543	74.2	-0.015	1E-3
2563	75.3	-0.016	1E-3
2583	75.6	-0.016	1E-3
2603	76.7	-0.017	1E-3
2623	77.2	-0.017	1E-3
2643	77.9	-0.018	1E-3
2663	78.9	-0.018	1E-3
2683	79.8	-0.019	1E-3
2703	80.7	-0.02	1E-3
2723	81.4	-0.021	1E-3
2743	82.4	-0.021	1E-3
2763	83.3	-0.022	1E-3
2783	84.5	-0.022	1E-3
2803	85.1	-0.023	1E-3
2823	86.1	-0.024	1E-3
2844	86.8	-0.024	1E-3
2864	87.8	-0.025	1E-3
2884	88.7	-0.026	1E-3
2904	90.1	-0.027	1E-3
2924	90.8	-0.028	1E-3
2944	91.7	-0.029	1E-3
2964	92.6	-0.03	1E-3
2984	93.5	-0.031	1E-3
3004	94.7	-0.032	1E-3
3024	95.6	-0.033	1E-3
3044	96.4	-0.034	1E-3
3064	97.3	-0.035	1E-3
3084	98.5	-0.036	1E-3
3104	99.7	-0.037	1E-3
3124	100.4	-0.039	1E-3
3144	101.7	-0.04	1E-3
3164	102.6	-0.041	1E-3
3184	103.6	-0.042	1E-3
3204	104.8	-0.043	1E-3
3224	105.7	-0.045	1E-3
3244	106.4	-0.047	1E-3
3264	107.6	-0.048	1E-3
3284	108.5	-0.05	1E-3
3304	109.6	-0.052	1E-3
3324	110.1	-0.053	1E-3
3344	111.1	-0.055	1E-3
3364	112.2	-0.057	1E-3
3385	113.4	-0.059	1E-3
3409	114.4	-0.062	1E-3
3429	115.7	-0.063	1E-3
3449	116.9	-0.065	1E-3
3470	118	-0.066	1E-3
3494	119.2	-0.069	1E-3
3514	119.9	-0.071	1E-3
3534	121.3	-0.073	1E-3
3554	122	-0.075	1E-3
3575	123.4	-0.077	1E-3
3595	124.4	-0.078	1E-3
3615	125.7	-0.08	1E-3
3635	126.5	-0.082	1E-3
3655	127.8	-0.083	1E-3
3675	129	-0.086	1E-3
3695	129.9	-0.088	1E-3
3715	131.1	-0.09	1E-3
3735	132.1	-0.092	1E-3
3755	133.4	-0.094	1E-3
3775	134.2	-0.096	1E-3
3795	135.4	-0.099	1E-3
3815	136.5	-0.101	1E-3
3835	137.7	-0.104	1E-3
3855	138.6	-0.105	1E-3
3875	139.8	-0.107	1E-3
3895	141.1	-0.11	1E-3
3915	142.1	-0.112	1E-3
3935	143	-0.114	1E-3
3955	144.4	-0.117	1E-3
3975	145.6	-0.119	1E-3
3995	146.8	-0.122	1E-3
4015	147.9	-0.124	1E-3
4035	149.1	-0.127	1E-3
4055	150.5	-0.13	1E-3
4075	151.4	-0.132	1E-3
4095	152.6	-0.135	1E-3
4115	153.8	-0.137	1E-3
4135	154.7	-0.14	1E-3
4155	156.1	-0.142	1E-3
4175	157.3	-0.143	1E-3
4195	158.4	-0.145	1E-3
4215	159.3	-0.146	1E-3
4235	160.8	-0.148	1E-3
4255	161.9	-0.149	1E-3
4275	162.8	-0.151	1E-3
4295	164	-0.152	1E-3
4315	165.2	-0.153	1E-3
4335	165.9	-0.155	1E-3
4355	167.1	-0.156	1E-3
4375	168.2	-0.157	1E-3
4395	169.2	-0.159	1E-3
4415	170.3	-0.16	1E-3
4435	171.7	-0.161	1E-3
4456	172.4	-0.162	1E-3
4476	173.8	-0.163	1E-3
4496	174.8	-0.164	1E-3
4516	175.9	-0.166	1E-3
4536	177.3	-0.167	1E-3
4556	178	-0.169	1E-3
4576	179.7	-0.171	1E-3
4596	180.8	-0.172	1E-3
4616	181.8	-0.173	1E-3
4636	182.9	-0.175	1E-3
4656	184.3	-0.177	1E-3
4676	185.7	-0.179	1E-3
4696	186.4	-0.181	1E-3
4716	187.6	-0.182	1E-3
4736	188.8	-0.184	1E-3
4756	190.1	-0.185	1E-3
4776	191.1	-0.187	1E-3
4796	192.3	-0.189	1E-3
4816	193.6	-0.191	1E-3
4836	194.6	-0.192	1E-3
4856	195.6	-0.194	1E-3
4876	196.5	-0.196	1E-3
4896	197.9	-0.198	1E-3
4916	199	-0.2	1E-3
4936	200	-0.201	1E-3
4956	201.1	-0.203	1E-3
4976	202.5	-0.205	1E-3
4996	203.5	-0.207	1E-3
5016	204.8	-0.209	1E-3
5036	205.8	-0.211	1E-3
5056	207.2	-0.213	1E-3
5076	208.1	-0.215	1E-3
5096	209.1	-0.218	1E-3
5116	210.4	-0.22	1E-3
5136	211.6	-0.222	1E-3
5156	212.6	-0.224	1E-3
5176	213.9	-0.226	1E-3
5196	215.1	-0.229	1E-3
5216	216.1	-0.231	1E-3
5236	217.4	-0.233	1E-3
5256	218.4	-0.235	1E-3
5276	219.6	-0.238	1E-3
5296	220.9	-0.24	1E-3
5316	221.9	-0.242	1E-3
5337	222.9	-0.244	1E-3
5357	224	-0.247	1E-3
5377	225.1	-0.25	1E-3
5397	226.1	-0.252	1E-3
5417	227.1	-0.254	1E-3
5437	228.4	-0.257	1E-3
5457	229.6	-0.26	1E-3
5477	230.8	-0.263	1E-3
5497	232.1	-0.265	1E-3
5517	233.1	-0.268	1E-3
5537	234.3	-0.27	1E-3
5557	235.6	-0.273	1E-3
5577	236.6	-0.275	1E-3
5597	237.8	-0.278	1E-3
5617	239.1	-0.28	1E-3
5637	240.3	-0.282	1E-3
5657	241.5	-0.284	1E-3
5677	242.7	-0.287	1E-3
5697	243.9	-0.29	1E-3
5717	245.2	-0.292	1E-3
5737	246.4	-0.295	1E-3
5757	247.5	-0.298	1E-3
5777	248.5	-0.301	1E-3
5797	249.4	-0.303	1E-3
5817	250.8	-0.305	1E-3
5837	251.8	-0.308	1E-3
5857	253.1	-0.311	1E-3
5877	254.3	-0.313	1E-3
5897	255.5	-0.315	1E-3
5917	256.5	-0.318	1E-3
5937	257.6	-0.32	1E-3
5957	259	-0.322	1E-3
5978	260.2	-0.325	1E-3
6018	262.9	-0.33	1E-3
6048	264.8	-0.334	1E-3
6068	265.7	-0.337	1E-3
6088	266.9	-0.34	1E-3
6108	268.1	-0.343	1E-3
6128	269.1	-0.345	1E-3
6148	270.5	-0.348	1E-3
6168	271.4	-0.351	1E-3
6188	272.6	-0.353	1E-3
6208	273.9	-0.355	1E-3
6228	274.4	-0.357	1E-3
6248	275.4	-0.359	1E-3
6268	276.1	-0.361	1E-3
6288	277.2	-0.363	1E-3
6308	278.1	-0.365	1E-3
6328	278.8	-0.368	1E-3
6348	279.5	-0.37	1E-3
6368	280.4	-0.372	1E-3
6388	281.6	-0.374	1E-3
6408	282.3	-0.376	1E-3
6428	282.8	-0.379	1E-3
6448	283.8	-0.381	1E-3
6468	284.4	-0.383	1E-3
6488	285.2	-0.385	1E-3
6508	285.8	-0.386	1E-3
6528	286.6	-0.388	1E-3
6548	287.5	-0.39	1E-3
6568	287.9	-0.392	1E-3
6588	288.6	-0.394	1E-3
6634	289.8	-0.397	1E-3
6658	291	-0.399	1E-3
6679	291.7	-0.401	1E-3
6699	293	-0.403	1E-3
6719	294	-0.406	1E-3
6739	295.2	-0.409	1E-3
6759	296.5	-0.413	1E-3
6779	297.3	-0.416	1E-3
6799	298.9	-0.421	1E-3
6819	300.1	-0.424	1E-3
6839	301.5	-0.428	1E-3
6859	302.9	-0.433	1E-3
6879	304.3	-0.438	1E-3
6899	305.7	-0.442	1E-3
6919	307.3	-0.447	1E-3
6939	309.2	-0.453	1E-3
6959	311.3	-0.459	1E-3
6979	313.4	-0.465	1E-3
6999	315.4	-0.472	1E-3
7019	317.3	-0.478	1E-3
7039	319.6	-0.484	1E-3
7059	321.8	-0.492	1E-3
7079	323.9	-0.499	1E-3
7099	326.4	-0.507	1E-3
7119	328.6	-0.514	1E-3
7139	331.1	-0.522	1E-3
7159	333.9	-0.53	1E-3
7179	336.3	-0.539	1E-3
7199	339	-0.548	1E-3
7219	341.6	-0.557	1E-3
7239	344.8	-0.565	1E-3
7259	347.7	-0.575	1E-3
7279	350.4	-0.585	1E-3
7300	353.3	-0.595	1E-3
7320	356.1	-0.604	1E-3
7340	359.1	-0.615	1E-3
7360	362.1	-0.626	1E-3
7380	365.4	-0.636	1E-3
7400	368.5	-0.647	1E-3
7420	371.7	-0.659	1E-3
7440	374.9	-0.671	1E-3
7460	378.2	-0.682	1E-3
7480	381.5	-0.694	1E-3
7500	384.8	-0.707	1E-3
7520	388.1	-0.72	1E-3
7540	391.6	-0.733	1E-3
7560	395.1	-0.747	1E-3
7580	398.7	-0.761	1E-3
7600	402.1	-0.775	1E-3
7620	405.6	-0.789	1E-3
7640	409.3	-0.803	1E-3
7660	413	-0.819	1E-3
7680	416.7	-0.834	1E-3
7700	420.5	-0.849	1E-3
7720	424.2	-0.865	1E-3
7740	427.9	-0.881	1E-3
7760	431.6	-0.897	1E-3
7780	435.4	-0.914	1E-3
7800	439.4	-0.93	1E-3
7820	443.1	-0.947	1E-3
7840	447.1	-0.964	1E-3
7860	450.8	-0.983	1E-3
7880	454.3	-1	1E-3
7901	458.1	-1.018	1E-3
7925	463	-1.04	1E-3
7945	466.9	-1.059	1E-3
7966	470.6	-1.077	1E-3
7986	474.3	-1.094	1E-3
8006	478.5	-1.113	1E-3
8026	482.3	-1.132	1E-3
8046	486.1	-1.15	1E-3
8066	490.2	-1.177	1E-3
8086	494	-1.196	1E-3
8106	498	-1.214	1E-3
8126	501.7	-1.232	1E-3
8146	505.6	-1.25	1E-3
8166	509.6	-1.269	1E-3
8186	513.6	-1.287	1E-3
8206	517.7	-1.306	1E-3
8226	521.5	-1.324	1E-3
8246	525.7	-1.343	1E-3
8266	529.4	-1.36	1E-3
8286	533.4	-1.377	1E-3
8306	537.6	-1.394	1E-3
8326	541.8	-1.411	1E-3
8346	545.7	-1.429	1E-3
8366	549.1	-1.445	1E-3
8386	553.2	-1.463	1E-3
8406	557.4	-1.478	1E-3
8426	561.2	-1.494	1E-3
8446	565.3	-1.511	1E-3
8466	569.1	-1.526	1E-3
8486	572.8	-1.543	1E-3
8506	576.6	-1.558	1E-3
8526	580.5	-1.574	1E-3
8546	584.7	-1.59	1E-3
8566	588	-1.604	1E-3
8586	592.2	-1.621	1E-3
8606	595.9	-1.636	1E-3
8626	599.7	-1.651	1E-3
8646	603.8	-1.667	1E-3
8666	607.6	-1.682	1E-3
8686	611.3	-1.698	1E-3
8706	615.3	-1.713	1E-3
8726	619.2	-1.728	1E-3
8746	623	-1.744	1E-3
8766	627	-1.759	1E-3
8786	630.9	-1.774	1E-3
8806	634.9	-1.79	1E-3
8826	638.9	-1.805	1E-3
8846	642.4	-1.822	1E-3
8866	646.3	-1.837	1E-3
8886	650.1	-1.853	1E-3
8906	654.2	-1.869	1E-3
8926	658.2	-1.884	1E-3
8946	661.8	-1.901	1E-3
8967	665.3	-1.917	1E-3
8987	669	-1.932	1E-3
9007	672.7	-1.948	1E-3
9027	676.4	-1.964	1E-3
9047	680.2	-1.981	1E-3
9067	683.9	-1.996	1E-3
9087	687.6	-2.012	1E-3
9107	691.3	-2.028	1E-3
9127	694.9	-2.044	1E-3
9147	698.8	-2.061	1E-3
9167	702.5	-2.077	1E-3
9187	706.5	-2.092	1E-3
9207	710	-2.108	1E-3
9227	713.6	-2.123	1E-3
9247	717.1	-2.14	1E-3
9267	721	-2.155	1E-3
9287	724.7	-2.171	1E-3
9307	728.3	-2.187	1E-3
9327	732.2	-2.202	1E-3
9347	735.7	-2.218	1E-3
9367	739.4	-2.234	1E-3
9387	743.2	-2.25	1E-3
9407	746.9	-2.266	1E-3
9427	750.6	-2.282	1E-3
9447	754.4	-2.298	1E-3
9467	757.9	-2.314	1E-3
9487	761.6	-2.329	1E-3
9507	765.5	-2.345	1E-3
9527	768.9	-2.36	1E-3
9547	772.6	-2.375	1E-3
9567	776.1	-2.391	1E-3
9587	779.8	-2.405	1E-3
9607	783.1	-2.422	1E-3
9627	786.6	-2.437	1E-3
9647	790.1	-2.452	1E-3
9667	793.8	-2.468	1E-3
9688	797.5	-2.483	1E-3
9708	801	-2.5	1E-3
9728	804.7	-2.515	1E-3
9748	807.8	-2.531	1E-3
9768	811.5	-2.547	1E-3
9788	815.2	-2.563	1E-3
9808	818.8	-2.579	1E-3
9828	822.5	-2.595	1E-3
9848	825.8	-2.611	1E-3
9868	829.2	-2.627	1E-3
9888	832.7	-2.643	1E-3
9908	836.3	-2.66	1E-3
9928	840	-2.677	1E-3
9948	843.9	-2.693	1E-3
9968	847.2	-2.71	1E-3
9988	850.5	-2.726	1E-3
10008	854	-2.744	1E-3
10028	857.7	-2.76	1E-3
10048	861.4	-2.777	1E-3
10068	864.8	-2.794	1E-3
10088	868.7	-2.81	1E-3
10108	872	-2.827	1E-3
10128	875.5	-2.843	1E-3
10148	879.4	-2.86	1E-3
10168	882.5	-2.876	1E-3
10188	886.2	-2.892	1E-3
10208	889.5	-2.907	1E-3
10228	893	-2.922	1E-3
10248	896.5	-2.938	1E-3
10269	899.7	-2.953	1E-3
10289	903	-2.967	1E-3
10309	906.5	-2.982	1E-3
10329	910.2	-2.995	1E-3
10349	913.8	-3.009	1E-3
10369	917.5	-3.023	1E-3
10389	920.7	-3.036	1E-3
10409	924	-3.049	1E-3
10429	927.5	-3.062	1E-3
10449	931.2	-3.074	1E-3
10469	934.7	-3.085	1E-3
10489	938.2	-3.096	1E-3
10509	941.5	-3.108	1E-3
10529	944.8	-3.119	1E-3
10549	948.3	-3.129	1E-3
10569	952	-3.14	1E-3
10589	955.5	-3.149	1E-3
10609	959	-3.159	1E-3
10629	962.5	-3.168	1E-3
10649	965.7	-3.177	1E-3
10669	969.3	-3.186	1E-3
10689	973	-3.195	1E-3
10709	976.5	-3.202	1E-3
10729	980	-3.211	1E-3
10749	983.9	-3.218	1E-3
10769	987.3	-3.226	1E-3
10789	990.7	-3.233	1E-3
10809	994.2	-3.24	1E-3
10829	997.5	-3.246	1E-3
10849	1001	-3.253	1E-3
10870	1004.8	-3.26	1E-3
10890	1008.2	-3.265	1E-3
10910	1011.3	-3.272	1E-3
10930	1014.8	-3.277	1E-3
10950	1018.1	-3.282	1E-3
10970	1021.8	-3.288	1E-3
10990	1025.3	-3.293	1E-3
11010	1028.8	-3.298	1E-3
11030	1032.5	-3.303	1E-3
11050	1035.6	-3.308	1E-3
11070	1039.2	-3.313	1E-3
11090	1042.7	-3.316	1E-3
11110	1046.2	-3.321	1E-3
11130	1049.7	-3.324	1E-3
11150	1053.2	-3.329	1E-3
11170	1056.5	-3.332	1E-3
11190	1059.8	-3.336	1E-3
11210	1063.3	-3.34	1E-3
11230	1067.2	-3.343	1E-3
11250	1070.5	-3.346	1E-3
11270	1073.8	-3.349	1E-3
11290	1077.5	-3.353	1E-3
11310	1081.2	-3.355	1E-3
11330	1084.6	-3.358	1E-3
11350	1088	-3.361	1E-3
11370	1091.8	-3.363	1E-3
11390	1095.3	-3.366	1E-3
11410	1099	-3.368	1E-3
11430	1102.2	-3.371	1E-3
11450	1105.8	-3.373	1E-3
11470	1109.5	-3.375	1E-3
11491	1113	-3.377	1E-3
11515	1117.9	-3.38	1E-3
11535	1121.2	-3.382	1E-3
11555	1124.4	-3.384	1E-3
11576	1128	-3.386	1E-3
11596	1131.6	-3.387	1E-3
11616	1135	-3.389	1E-3
11636	1138.5	-3.391	1E-3
11656	1141.9	-3.393	1E-3
11676	1145.4	-3.394	1E-3
11696	1148.9	-3.396	1E-3
11716	1152.6	-3.397	1E-3
11736	1156	-3.398	1E-3
11756	1159.6	-3.4	1E-3
11776	1163.2	-3.401	1E-3
11796	1166.6	-3.402	1E-3
11816	1169.9	-3.403	1E-3
11836	1173.6	-3.404	1E-3
11856	1177.2	-3.405	1E-3
11876	1180.7	-3.406	1E-3
11896	1184.2	-3.408	1E-3
11916	1187.7	-3.409	1E-3
11936	1191	-3.41	1E-3
11956	1194.9	-3.411	1E-3
11976	1198.6	-3.412	1E-3
11996	1202.3	-3.412	1E-3
12016	1205.8	-3.413	1E-3
12036	1209.4	-3.414	1E-3
12056	1212.6	-3.415	1E-3
12076	1216.3	-3.415	1E-3
12096	1219.6	-3.416	1E-3
12116	1223.1	-3.417	1E-3
12136	1226.9	-3.418	1E-3
12156	1230.4	-3.419	1E-3
12176	1233.9	-3.42	1E-3
12196	1237.4	-3.421	1E-3
12216	1240.9	-3.421	1E-3
12236	1244.6	-3.422	1E-3
12257	1248.1	-3.422	1E-3
12281	1252.5	-3.423	1E-3
12301	1256	-3.424	1E-3
12321	1259.7	-3.424	1E-3
12341	1263.2	-3.424	1E-3
12362	1266.6	-3.425	1E-3
12382	1270.5	-3.425	1E-3
12402	1273.8	-3.426	1E-3
12422	1277.3	-3.426	1E-3
12442	1280.7	-3.427	1E-3
12462	1284.3	-3.427	1E-3
12482	1287.8	-3.427	1E-3
12502	1291.5	-3.428	1E-3
12522	1294.8	-3.428	1E-3
12542	1298.8	-3.429	1E-3
12562	1302	-3.429	1E-3
12582	1305.5	-3.429	1E-3
12602	1308.8	-3.43	1E-3
12622	1312.5	-3.43	1E-3
12642	1316	-3.43	1E-3
12662	1319.5	-3.431	1E-3
12682	1323.3	-3.431	1E-3
12702	1326.5	-3.431	1E-3
12722	1330	-3.431	1E-3
12742	1333.7	-3.431	1E-3
12762	1336.6	-3.432	1E-3
12782	1338.9	-3.432	1E-3
12802	1341	-3.433	1E-3
12842	1332.1	-3.435	1E-3
12862	1340.8	-3.433	1E-3
12882	1343.1	-3.433	1E-3
12902	1343.3	-3.433	1E-3
12922	1342.6	-3.434	1E-3
12942	1340.8	-3.434	1E-3
12962	1339.1	-3.434	1E-3
12982	1337.2	-3.434	1E-3
13002	1335.3	-3.434	1E-3
13022	1332.4	-3.434	1E-3
13042	1329.8	-3.434	1E-3
13062	1327	-3.434	1E-3
13082	1324.4	-3.434	1E-3
13102	1321.4	-3.434	1E-3
13122	1318.3	-3.434	1E-3
13142	1315.1	-3.434	1E-3
13162	1311.8	-3.434	1E-3
13182	1308.8	-3.434	1E-3
13202	1305.5	-3.434	1E-3
13222	1302.3	-3.434	1E-3
13242	1299.4	-3.434	1E-3
13262	1295.9	-3.434	1E-3
13282	1292.7	-3.434	1E-3
13302	1289.6	-3.434	1E-3
13322	1286.3	-3.434	1E-3
13343	1282.9	-3.434	1E-3
13363	1279.8	-3.434	1E-3
13383	1276.6	-3.434	1E-3
13403	1273.3	-3.434	1E-3
13423	1270	-3.434	1E-3
13443	1266.5	-3.434	1E-3
13463	1263.2	-3.435	1E-3
13483	1260.2	-3.435	1E-3
13503	1256.8	-3.435	1E-3
13523	1253.7	-3.435	1E-3
13543	1250.5	-3.435	1E-3
13563	1247.2	-3.435	1E-3
13583	1243.9	-3.435	1E-3
13603	1240.8	-3.435	1E-3
13623	1237.1	-3.435	1E-3
13643	1234.3	-3.435	1E-3
13663	1231.1	-3.436	1E-3
13683	1227.8	-3.436	1E-3
13703	1224.5	-3.436	1E-3
13723	1221	-3.436	1E-3
13743	1217.8	-3.436	1E-3
13763	1214.5	-3.436	1E-3
13783	1211.3	-3.436	1E-3
13803	1208.2	-3.436	1E-3
13823	1205.1	-3.436	1E-3
13843	1201.6	-3.437	1E-3
13863	1198.4	-3.437	1E-3
13883	1195.1	-3.437	1E-3
13903	1192.1	-3.437	1E-3
13923	1189	-3.437	1E-3
13943	1185.6	-3.437	1E-3
13963	1182.5	-3.437	1E-3
13983	1179.2	-3.438	1E-3
14003	1176	-3.438	1E-3
14023	1172.5	-3.438	1E-3
14043	1169.5	-3.438	1E-3
14063	1166.4	-3.438	1E-3
14083	1163.1	-3.438	1E-3
14104	1159.7	-3.439	1E-3
14129	1155.7	-3.439	1E-3
14149	1152.6	-3.439	1E-3
14169	1149.2	-3.439	1E-3
14189	1146.1	-3.439	1E-3
14209	1142.9	-3.439	1E-3
14229	1139.6	-3.44	1E-3
14249	1136.4	-3.44	1E-3
14269	1133.1	-3.44	1E-3
14289	1129.8	-3.44	1E-3
14309	1127	-3.44	1E-3
14329	1124	-3.44	1E-3
14349	1120.7	-3.441	1E-3
14369	1117.5	-3.441	1E-3
14389	1114.1	-3.441	1E-3
14409	1110.7	-3.441	1E-3
14429	1107.6	-3.441	1E-3
14449	1104.3	-3.441	1E-3
14469	1101.5	-3.442	1E-3
14489	1098.1	-3.442	1E-3
14509	1095	-3.442	1E-3
14529	1091.5	-3.442	1E-3
14549	1088.3	-3.442	1E-3
14569	1085	-3.442	1E-3
14589	1082	-3.443	1E-3
14609	1078.7	-3.443	1E-3
14629	1075.6	-3.443	1E-3
14649	1072.4	-3.443	1E-3
14669	1069.1	-3.443	1E-3
14689	1066.1	-3.443	1E-3
14709	1062.6	-3.444	1E-3
14729	1059.8	-3.444	1E-3
14749	1056.5	-3.444	1E-3
14769	1053.3	-3.444	1E-3
14789	1050	-3.444	1E-3
14809	1047	-3.444	1E-3
14829	1043.5	-3.445	1E-3
14849	1040.4	-3.445	1E-3
14869	1037.2	-3.445	1E-3
14889	1034.2	-3.445	1E-3
14909	1031.1	-3.446	1E-3
14930	1027.6	-3.446	1E-3
14954	1023.7	-3.446	1E-3
14974	1020.8	-3.446	1E-3
14994	1017.3	-3.446	1E-3
15014	1014.1	-3.446	1E-3
15035	1011.1	-3.447	1E-3
15055	1008	-3.447	1E-3
15075	1004.7	-3.447	1E-3
15095	1001.5	-3.447	1E-3
15115	998.2	-3.447	1E-3
15135	995.2	-3.448	1E-3
15155	992.4	-3.448	1E-3
15175	988.9	-3.448	1E-3
15195	986	-3.448	1E-3
15215	982.6	-3.449	1E-3
15235	979.3	-3.449	1E-3
15255	976.1	-3.449	1E-3
15275	972.8	-3.449	1E-3
15295	969.8	-3.449	1E-3
15315	966.7	-3.45	1E-3
15335	963.4	-3.45	1E-3
15355	960.2	-3.45	1E-3
15375	957.1	-3.45	1E-3
15395	953.9	-3.45	1E-3
15415	950.8	-3.451	1E-3
15435	947.6	-3.451	1E-3
15455	944.3	-3.451	1E-3
15475	941.2	-3.451	1E-3
15495	938.2	-3.451	1E-3
15515	935	-3.451	1E-3
15535	931.9	-3.452	1E-3
15555	928.4	-3.452	1E-3
15575	925.2	-3.452	1E-3
15595	922.4	-3.452	1E-3
15615	919.1	-3.452	1E-3
15635	916	-3.452	1E-3
15655	912.6	-3.452	1E-3
15675	909.7	-3.453	1E-3
15695	906.1	-3.453	1E-3
15715	903.4	-3.453	1E-3
15735	900.2	-3.453	1E-3
15755	897.2	-3.453	1E-3
15775	894.1	-3.453	1E-3
15796	890.9	-3.453	1E-3
15816	887.6	-3.454	1E-3
15836	884.5	-3.454	1E-3
15856	881.7	-3.454	1E-3
15876	878.7	-3.454	1E-3
15896	875.4	-3.454	1E-3
15916	872.4	-3.454	1E-3
15936	869	-3.455	1E-3
15956	865.7	-3.455	1E-3
15976	862.6	-3.455	1E-3
15996	859.6	-3.455	1E-3
16016	856.5	-3.455	1E-3
16036	853.5	-3.455	1E-3
16056	850.3	-3.455	1E-3
16076	846.7	-3.456	1E-3
16096	843.5	-3.456	1E-3
16116	840.7	-3.456	1E-3
16136	837.4	-3.456	1E-3
16156	834.2	-3.456	1E-3
16176	831.4	-3.457	1E-3
16196	828.1	-3.457	1E-3
16216	825	-3.457	1E-3
16236	821.6	-3.457	1E-3
16256	818.6	-3.457	1E-3
16276	815.5	-3.458	1E-3
16296	812.3	-3.458	1E-3
16316	809.4	-3.458	1E-3
16336	806.2	-3.458	1E-3
16356	803.3	-3.458	1E-3
16376	799.9	-3.459	1E-3
16396	796.8	-3.459	1E-3
16416	793.8	-3.459	1E-3
16436	790.6	-3.459	1E-3
16456	787.3	-3.459	1E-3
16476	784.5	-3.459	1E-3
16496	781.4	-3.46	1E-3
16517	778.4	-3.46	1E-3
16537	775.3	-3.46	1E-3
16557	772.3	-3.46	1E-3
16577	769.1	-3.46	1E-3
16597	766	-3.461	1E-3
16617	763	-3.461	1E-3
16637	760	-3.461	1E-3
16657	756.9	-3.461	1E-3
16677	753.7	-3.461	1E-3
16697	750.6	-3.462	1E-3
16717	747.4	-3.462	1E-3
16737	744.3	-3.462	1E-3
16757	741.3	-3.462	1E-3
16777	738.3	-3.462	1E-3
16797	735.2	-3.462	1E-3
16817	732	-3.462	1E-3
16837	728.7	-3.463	1E-3
16857	725.7	-3.463	1E-3
16877	722.6	-3.463	1E-3
16897	719.6	-3.463	1E-3
16917	716.4	-3.463	1E-3
16937	713.6	-3.463	1E-3
16957	710.7	-3.463	1E-3
16977	707.5	-3.464	1E-3
16997	704.5	-3.464	1E-3
17017	701.6	-3.464	1E-3
17037	698.4	-3.464	1E-3
17057	695.5	-3.464	1E-3
17077	692.7	-3.464	1E-3
17097	690	-3.465	1E-3
17117	687	-3.465	1E-3
17137	684.1	-3.465	1E-3
17158	681.3	-3.465	1E-3
17178	678.3	-3.465	1E-3
17198	675.5	-3.465	1E-3
17218	672.9	-3.465	1E-3
17238	670.1	-3.466	1E-3
17258	667.4	-3.466	1E-3
17278	664.8	-3.466	1E-3
17298	662.2	-3.466	1E-3
17318	659.2	-3.466	1E-3
17338	656.6	-3.467	1E-3
17358	654	-3.467	1E-3
17378	651.4	-3.467	1E-3
17398	648.6	-3.467	1E-3
17418	646.1	-3.467	1E-3
17438	643.5	-3.468	1E-3
17458	640.7	-3.468	1E-3
17478	638	-3.468	1E-3
17498	635.6	-3.468	1E-3
17518	633	-3.468	1E-3
17538	630.4	-3.469	1E-3
17558	627.9	-3.469	1E-3
17578	625.3	-3.469	1E-3
17598	623	-3.469	1E-3
17618	620.4	-3.469	1E-3
17638	618.1	-3.469	1E-3
17658	615.5	-3.47	1E-3
17678	613	-3.47	1E-3
17698	610.6	-3.47	1E-3
17718	608.1	-3.47	1E-3
17738	605.5	-3.471	1E-3
17758	603.2	-3.471	1E-3
17778	600.6	-3.471	1E-3
17798	598.7	-3.471	1E-3
17818	596.2	-3.471	1E-3
17838	594	-3.471	1E-3
17858	591.7	-3.472	1E-3
17879	589.4	-3.472	1E-3
17903	586.6	-3.472	1E-3
17924	584.3	-3.472	1E-3
17944	581.9	-3.472	1E-3
17964	579.6	-3.473	1E-3
17984	577.5	-3.473	1E-3
18004	575.4	-3.473	1E-3
18024	573.1	-3.473	1E-3
18044	571.2	-3.473	1E-3
18064	568.9	-3.473	1E-3
18084	566.5	-3.473	1E-3
18104	564.5	-3.474	1E-3
18124	562.3	-3.474	1E-3
18144	560.2	-3.474	1E-3
18164	558.1	-3.474	1E-3
18184	555.8	-3.474	1E-3
18204	553.7	-3.474	1E-3
18224	551.8	-3.475	1E-3
18244	549.7	-3.475	1E-3
18264	547.6	-3.475	1E-3
18284	545.1	-3.475	1E-3
18304	543.4	-3.475	1E-3
18324	541.1	-3.475	1E-3
18344	539	-3.475	1E-3
18364	536.7	-3.475	1E-3
18384	534.8	-3.476	1E-3
18404	532.7	-3.476	1E-3
18424	530.4	-3.476	1E-3
18444	528.2	-3.476	1E-3
18464	526.4	-3.476	1E-3
18484	524.8	-3.477	1E-3
18504	522.7	-3.477	1E-3
18524	520.5	-3.477	1E-3
18544	518.5	-3.477	1E-3
18564	516.6	-3.477	1E-3
18584	514.5	-3.477	1E-3
18604	512.6	-3.477	1E-3
18624	510.6	-3.478	1E-3
18645	508.6	-3.478	1E-3
18665	506.6	-3.478	1E-3
18685	504.7	-3.478	1E-3
18705	502.8	-3.478	1E-3
18725	500.9	-3.478	1E-3
18745	499.3	-3.478	1E-3
18765	497.5	-3.479	1E-3
18785	495.6	-3.479	1E-3
18805	493.7	-3.479	1E-3
18825	491.9	-3.479	1E-3
18845	490	-3.479	1E-3
18865	488.2	-3.479	1E-3
18885	486.1	-3.479	1E-3
18905	484.1	-3.48	1E-3
18925	482.5	-3.48	1E-3
18945	480.4	-3.48	1E-3
18965	478.8	-3.48	1E-3
18985	477	-3.48	1E-3
19005	475.7	-3.48	1E-3
19025	473.7	-3.48	1E-3
19045	471.8	-3.48	1E-3
19065	470.1	-3.481	1E-3
19085	468.1	-3.481	1E-3
19105	466.4	-3.481	1E-3
19125	464.6	-3.481	1E-3
19175	460.4	-3.481	1E-3
19195	458.5	-3.482	1E-3
19216	456.8	-3.482	1E-3
19236	455	-3.482	1E-3
19256	453.4	-3.482	1E-3
19276	451.8	-3.482	1E-3
19296	450.3	-3.482	1E-3
19316	448.5	-3.482	1E-3
19336	447.1	-3.482	1E-3
19356	445.4	-3.482	1E-3
19376	443.6	-3.483	1E-3
19396	441.9	-3.483	1E-3
19416	440.1	-3.483	1E-3
19436	438.4	-3.483	1E-3
19456	436.6	-3.483	1E-3
19476	434.9	-3.483	1E-3
19496	433.3	-3.483	1E-3
19516	431.7	-3.483	1E-3
19536	430	-3.483	1E-3
19556	428.4	-3.484	1E-3
19576	426.8	-3.484	1E-3
19596	425.2	-3.484	1E-3
19616	423.8	-3.484	1E-3
19636	422.1	-3.484	1E-3
19656	420.5	-3.484	1E-3
19676	418.6	-3.484	1E-3
19696	417.2	-3.484	1E-3
19716	415.4	-3.484	1E-3
19736	413.9	-3.485	1E-3
19756	412.5	-3.485	1E-3
19776	410.7	-3.485	1E-3
19796	409.1	-3.485	1E-3
19817	407.6	-3.485	1E-3
19837	406	-3.485	1E-3
19857	404.4	-3.485	1E-3
19877	402.9	-3.486	1E-3
19897	401.6	-3.486	1E-3
19917	399.9	-3.486	1E-3
19937	398.7	-3.486	1E-3
19957	397.3	-3.486	1E-3
19977	395.5	-3.486	1E-3
19997	394.3	-3.486	1E-3
20017	392.5	-3.486	1E-3
20037	391.3	-3.486	1E-3
20057	389.5	-3.487	1E-3
20077	387.8	-3.487	1E-3
20097	386.6	-3.487	1E-3
20117	385	-3.487	1E-3
20137	383.6	-3.487	1E-3
20157	382	-3.487	1E-3
20177	380.6	-3.487	1E-3
20197	379	-3.488	1E-3
20217	377.6	-3.488	1E-3
20238	376.3	-3.488	1E-3
20258	374.9	-3.488	1E-3
20278	373.6	-3.488	1E-3
20298	372.4	-3.488	1E-3
20318	370.8	-3.489	1E-3
20338	369.4	-3.489	1E-3
20358	368	-3.489	1E-3
20378	366.6	-3.489	1E-3
20398	365.2	-3.489	1E-3
20418	363.5	-3.489	1E-3
20438	362.4	-3.489	1E-3
20458	360.9	-3.489	1E-3
20478	359.6	-3.489	1E-3
20498	358.2	-3.489	1E-3
20518	356.8	-3.49	1E-3
20538	355.4	-3.49	1E-3
20558	354	-3.49	1E-3
20578	352.8	-3.49	1E-3
20598	351.6	-3.49	1E-3
20618	350.4	-3.49	1E-3
20638	349.1	-3.49	1E-3
20658	347.6	-3.49	1E-3
20678	346.3	-3.49	1E-3
20698	344.9	-3.491	1E-3
20718	343.4	-3.491	1E-3
20738	342	-3.491	1E-3
20758	340.7	-3.491	1E-3
20778	339.3	-3.491	1E-3
20798	337.7	-3.491	1E-3
20819	336.7	-3.491	1E-3
20839	335.1	-3.491	1E-3
20859	334.1	-3.491	1E-3
20879	332.7	-3.491	1E-3
20899	331.5	-3.492	1E-3
20919	330.2	-3.492	1E-3
20939	328.5	-3.492	1E-3
20959	327.8	-3.492	1E-3
20979	326.4	-3.492	1E-3
20999	325	-3.492	1E-3
21019	323.8	-3.492	1E-3
21039	322.5	-3.492	1E-3
21059	321.3	-3.492	1E-3
21079	320.1	-3.492	1E-3
21099	319	-3.492	1E-3
21119	317.5	-3.493	1E-3
21139	316.4	-3.493	1E-3
21159	314.8	-3.493	1E-3
21179	313.8	-3.493	1E-3
21199	312.4	-3.493	1E-3
21219	311.3	-3.493	1E-3
21239	309.8	-3.493	1E-3
21259	308.9	-3.493	1E-3
21279	307.5	-3.493	1E-3
21299	306.4	-3.493	1E-3
21319	305.4	-3.493	1E-3
21339	304.1	-3.493	1E-3
21359	302.9	-3.493	1E-3
21379	301.9	-3.494	1E-3
21399	300.6	-3.494	1E-3
21419	299.6	-3.494	1E-3
21439	298.2	-3.494	1E-3
21460	297.3	-3.494	1E-3
21480	296.1	-3.494	1E-3
21500	295.1	-3.494	1E-3
21520	293.8	-3.494	1E-3
21540	292.6	-3.494	1E-3
21560	291.6	-3.494	1E-3
21580	290.3	-3.494	1E-3
21600	289.5	-3.495	1E-3
21620	288	-3.495	1E-3
21640	286.8	-3.495	1E-3
21660	285.9	-3.495	1E-3
21680	284.7	-3.495	1E-3
21700	283.7	-3.495	1E-3
21720	282.4	-3.495	1E-3
21740	281.6	-3.495	1E-3
21760	280.4	-3.495	1E-3
21780	279.1	-3.495	1E-3
21800	277.9	-3.495	1E-3
21820	277	-3.495	1E-3
21840	276.1	-3.495	1E-3
21860	275.1	-3.496	1E-3
21880	274.2	-3.496	1E-3
21900	273	-3.496	1E-3
21920	272.1	-3.496	1E-3
21940	270.9	-3.496	1E-3
21960	270	-3.496	1E-3
21980	268.6	-3.496	1E-3
22000	267.6	-3.496	1E-3
22020	266.7	-3.496	1E-3
22040	265.7	-3.496	1E-3
22060	264.3	-3.497	1E-3
22081	263.4	-3.497	1E-3
22105	262	-3.497	1E-3
22126	260.9	-3.497	1E-3
22146	259.9	-3.497	1E-3
22166	258.5	-3.497	1E-3
22186	257.6	-3.497	1E-3
22206	256.4	-3.497	1E-3
22226	255.7	-3.497	1E-3
22246	254.3	-3.497	1E-3
22266	253.4	-3.498	1E-3
22286	252.2	-3.498	1E-3
22306	251.1	-3.498	1E-3
22326	250.1	-3.498	1E-3
22346	249.6	-3.498	1E-3
22366	248.3	-3.498	1E-3
22386	247.5	-3.498	1E-3
22406	246.4	-3.498	1E-3
22426	245.7	-3.498	1E-3
22446	244.5	-3.498	1E-3
22466	243.4	-3.499	1E-3
22486	242.5	-3.499	1E-3
22506	241.7	-3.499	1E-3
22526	240.4	-3.499	1E-3
22546	239.7	-3.499	1E-3
22566	238.5	-3.499	1E-3
22586	237.7	-3.499	1E-3
22607	236.6	-3.499	1E-3
22627	235.6	-3.499	1E-3
22647	234.7	-3.499	1E-3
22667	234	-3.499	1E-3
22687	232.9	-3.5	1E-3
22707	232.1	-3.5	1E-3
22727	231	-3.5	1E-3
22747	229.8	-3.5	1E-3
22767	228.9	-3.5	1E-3
22787	228	-3.5	1E-3
22807	227.1	-3.5	1E-3
22827	225.9	-3.5	1E-3
22847	225.4	-3.5	1E-3
22867	224.3	-3.5	1E-3
22887	223.5	-3.5	1E-3
22907	222.8	-3.501	1E-3
22927	221.7	-3.501	1E-3
22947	221	-3.501	1E-3
22967	220.5	-3.501	1E-3
22987	219.3	-3.501	1E-3
23007	218.4	-3.501	1E-3
23028	217.7	-3.501	1E-3
23052	216.3	-3.501	1E-3
23073	215.6	-3.501	1E-3
23093	214.7	-3.501	1E-3
23113	213.7	-3.501	1E-3
23133	213	-3.501	1E-3
23153	212.1	-3.502	1E-3
23173	211.4	-3.502	1E-3
23193	210.5	-3.502	1E-3
23213	209.5	-3.502	1E-3
23233	208.6	-3.502	1E-3
23253	207.9	-3.502	1E-3
23273	207.2	-3.502	1E-3
23293	206.1	-3.502	1E-3
23313	205.3	-3.502	1E-3
23333	204.6	-3.502	1E-3
23353	203.9	-3.502	1E-3
23373	202.8	-3.502	1E-3
23393	202.1	-3.502	1E-3
23413	200.9	-3.502	1E-3
23433	200.4	-3.502	1E-3
23453	199.3	-3.503	1E-3
23473	198.6	-3.503	1E-3
23493	197.8	-3.503	1E-3
23513	196.9	-3.503	1E-3
23533	196	-3.503	1E-3
23553	195.6	-3.503	1E-3
23573	194.6	-3.503	1E-3
23593	193.7	-3.503	1E-3
23613	193.4	-3.503	1E-3
23633	192.1	-3.503	1E-3
23653	191.8	-3.503	1E-3
23673	190.6	-3.503	1E-3
23693	189.7	-3.503	1E-3
23713	188.8	-3.503	1E-3
23733	188.1	-3.503	1E-3
23753	187.3	-3.503	1E-3
23773	186.6	-3.503	1E-3
23793	186.2	-3.503	1E-3
23814	185.2	-3.504	1E-3
23834	184.3	-3.504	1E-3
23854	183.6	-3.504	1E-3
23874	182.7	-3.504	1E-3
23894	182	-3.504	1E-3
23914	181.3	-3.504	1E-3
23934	180.3	-3.504	1E-3
23954	179.6	-3.504	1E-3
23974	178.9	-3.504	1E-3
23994	178.3	-3.504	1E-3
24014	177.6	-3.504	1E-3
24034	176.8	-3.504	1E-3
24054	175.7	-3.504	1E-3
24074	175.2	-3.504	1E-3
24094	174.3	-3.504	1E-3
24114	173.8	-3.504	1E-3
24134	172.7	-3.504	1E-3
24154	172.7	-3.504	1E-3
24174	171.5	-3.504	1E-3
24194	170.8	-3.504	1E-3
24214	170.1	-3.504	1E-3
24235	169.7	-3.505	1E-3
24259	168.7	-3.505	1E-3
24279	167.8	-3.505	1E-3
24300	167.1	-3.505	1E-3
24320	166.8	-3.505	1E-3
24340	166.3	-3.505	1E-3
24360	165.7	-3.505	1E-3
24380	164.9	-3.505	1E-3
24400	164	-3.505	1E-3
24420	163.3	-3.505	1E-3
24440	162.8	-3.505	1E-3
24460	162.1	-3.505	1E-3
24480	161.5	-3.505	1E-3
24500	160.7	-3.505	1E-3
24520	160	-3.505	1E-3
24540	159.4	-3.505	1E-3
24560	158.7	-3.505	1E-3
24580	158	-3.505	1E-3
24600	157.5	-3.506	1E-3
24620	156.6	-3.506	1E-3
24640	156.3	-3.506	1E-3
24660	155.4	-3.506	1E-3
24680	154.7	-3.506	1E-3
24700	154	-3.506	1E-3
24721	153.3	-3.506	1E-3
24745	152.6	-3.506	1E-3
24766	152.1	-3.506	1E-3
24786	151.2	-3.506	1E-3
24806	151	-3.506	1E-3
24826	150.1	-3.506	1E-3
24846	149.4	-3.506	1E-3
24866	148.9	-3.506	1E-3
24886	148.2	-3.506	1E-3
24906	147.7	-3.506	1E-3
24926	147.2	-3.506	1E-3
24946	146.3	-3.507	1E-3
24966	145.8	-3.507	1E-3
24986	145.1	-3.507	1E-3
25006	144.6	-3.507	1E-3
25026	143.9	-3.507	1E-3
25046	143.5	-3.507	1E-3
25066	142.6	-3.507	1E-3
25086	142.3	-3.507	1E-3
25106	141.4	-3.507	1E-3
25126	140.7	-3.507	1E-3
25146	140	-3.507	1E-3
25166	139.8	-3.507	1E-3
25186	139.1	-3.507	1E-3
25206	138.4	-3.507	1E-3
25226	137.9	-3.507	1E-3
25246	137.2	-3.507	1E-3
25266	136.9	-3.507	1E-3
25286	136.2	-3.508	1E-3
25306	136.2	-3.508	1E-3
25326	135.3	-3.508	1E-3
25346	134.8	-3.508	1E-3
25367	134.1	-3.508	1E-3
25387	133.5	-3.508	1E-3
25407	133	-3.508	1E-3
25427	132.5	-3.508	1E-3
25447	131.8	-3.508	1E-3
25467	131.4	-3.508	1E-3
25487	130.9	-3.508	1E-3
25507	130.2	-3.508	1E-3
25527	129.7	-3.508	1E-3
25547	129	-3.508	1E-3
25567	128.6	-3.508	1E-3
25587	127.9	-3.508	1E-3
25607	127.4	-3.508	1E-3
25627	126.7	-3.508	1E-3
25647	126.5	-3.508	1E-3
25667	126	-3.508	1E-3
25687	125.7	-3.508	1E-3
25707	125.1	-3.509	1E-3
25727	124.1	-3.509	1E-3
25747	123.7	-3.509	1E-3
25767	123.2	-3.509	1E-3
25787	122.7	-3.509	1E-3
25807	122.1	-3.509	1E-3
25827	121.6	-3.509	1E-3
25847	121.4	-3.509	1E-3
25867	120.9	-3.509	1E-3
25887	120.2	-3.509	1E-3
25907	119.7	-3.509	1E-3
25927	119.2	-3.509	1E-3
25947	118.7	-3.509	1E-3
25967	118	-3.509	1E-3
25987	117.8	-3.509	1E-3
26007	117.3	-3.509	1E-3
26027	116.9	-3.509	1E-3
26047	116	-3.509	1E-3
26068	115.7	-3.509	1E-3
26088	115.3	-3.509	1E-3
26108	114.8	-3.509	1E-3
26128	114.3	-3.509	1E-3
26148	113.7	-3.51	1E-3
26168	113.2	-3.51	1E-3
26188	112.9	-3.51	1E-3
26208	112.3	-3.51	1E-3
26228	112	-3.51	1E-3
26248	111.7	-3.51	1E-3
26268	111.3	-3.51	1E-3
26288	110.8	-3.511	1E-3
26308	110.1	-3.511	1E-3
26328	109.9	-3.511	1E-3
26348	109.4	-3.511	1E-3
26368	109	-3.511	1E-3
26388	108.5	-3.511	1E-3
26408	108.5	-3.511	1E-3
26428	108.2	-3.511	1E-3
26448	107.6	-3.511	1E-3
26468	107.1	-3.511	1E-3
26488	106.6	-3.511	1E-3
26508	106.4	-3.511	1E-3
26528	105.7	-3.511	1E-3
26548	105.5	-3.511	1E-3
26568	105.2	-3.511	1E-3
26588	104.5	-3.511	1E-3
26608	104.1	-3.511	1E-3
26629	103.6	-3.511	1E-3
26649	103.4	-3.512	1E-3
26669	103.3	-3.512	1E-3
26689	102.6	-3.512	1E-3
26709	102.2	-3.512	1E-3
26729	101.7	-3.512	1E-3
26749	101.3	-3.512	1E-3
26769	101	-3.512	1E-3
26789	100.4	-3.512	1E-3
26809	100.1	-3.512	1E-3
26829	99.4	-3.512	1E-3
26849	99	-3.512	1E-3
26869	98.5	-3.512	1E-3
26889	98.3	-3.512	1E-3
26909	97.8	-3.512	1E-3
26929	97.6	-3.512	1E-3
26949	96.9	-3.512	1E-3
26969	96.8	-3.512	1E-3
26989	96.4	-3.512	1E-3
27009	95.9	-3.512	1E-3
27029	95.6	-3.512	1E-3
27049	95.2	-3.512	1E-3
27069	94.8	-3.512	1E-3
27089	94.2	-3.512	1E-3
27109	94	-3.512	1E-3
27129	93.6	-3.512	1E-3
27149	93.1	-3.512	1E-3
27170	92.9	-3.512	1E-3
27190	92.6	-3.512	1E-3
27210	92.1	-3.512	1E-3
27230	91.9	-3.512	1E-3
27250	91.3	-3.512	1E-3
27270	90.8	-3.512	1E-3
27290	90.5	-3.512	1E-3
27310	90.1	-3.512	1E-3
27330	89.8	-3.512	1E-3
27350	89.3	-3.512	1E-3
27370	88.9	-3.512	1E-3
27390	88.7	-3.512	1E-3
27410	88.4	-3.512	1E-3
27430	88	-3.512	1E-3
27450	87.8	-3.512	1E-3
27470	87.5	-3.512	1E-3
27490	87	-3.512	1E-3
27510	86.6	-3.512	1E-3
27530	86.3	-3.512	1E-3
27550	85.9	-3.512	1E-3
27570	85.4	-3.512	1E-3
27590	85.2	-3.512	1E-3
27610	84.7	-3.512	1E-3
27630	84.7	-3.512	1E-3
27650	84.2	-3.512	1E-3
27670	83.8	-3.512	1E-3
27690	83.7	-3.512	1E-3
27710	83.3	-3.512	1E-3
27730	82.9	-3.512	1E-3
27750	82.6	-3.512	1E-3
27770	82.6	-3.512	1E-3
27790	82.1	-3.512	1E-3
27810	81.5	-3.512	1E-3
27830	81.4	-3.512	1E-3
27850	81.2	-3.512	1E-3
27870	80.7	-3.512	1E-3
27891	80.7	-3.512	1E-3
27911	80.2	-3.512	1E-3
27931	80	-3.512	1E-3
27951	79.5	-3.512	1E-3
27971	79.3	-3.512	1E-3
27991	79.3	-3.512	1E-3
28011	78.6	-3.512	1E-3
28031	78.6	-3.512	1E-3
28051	78	-3.512	1E-3
28071	78	-3.512	1E-3
28091	77.7	-3.512	1E-3
28111	77.3	-3.512	1E-3
28131	77.2	-3.512	1E-3
28151	77	-3.512	1E-3
28171	76.7	-3.512	1E-3
28191	76.3	-3.512	1E-3
28211	76.3	-3.512	1E-3
28231	76	-3.512	1E-3
28251	75.6	-3.512	1E-3
28271	75.3	-3.512	1E-3
28291	74.9	-3.512	1E-3
28311	74.7	-3.512	1E-3
28331	74.6	-3.512	1E-3
28351	74.2	-3.512	1E-3
28372	73.8	-3.512	1E-3
28392	73.7	-3.512	1E-3
28412	73.5	-3.512	1E-3
28432	73.2	-3.512	1E-3
28452	73	-3.512	1E-3
28472	72.6	-3.512	1E-3
28492	72.6	-3.512	1E-3
28512	72.3	-3.512	1E-3
28532	72.1	-3.512	1E-3
28552	71.7	-3.512	1E-3
28572	71.4	-3.512	1E-3
28592	71	-3.512	1E-3
28612	70.9	-3.512	1E-3
28632	70.5	-3.512	1E-3
28652	70.3	-3.512	1E-3
28672	69.8	-3.512	1E-3
28692	69.8	-3.512	1E-3
28712	69.8	-3.512	1E-3
28732	69.3	-3.512	1E-3
28752	68.9	-3.512	1E-3
28772	68.9	-3.512	1E-3
28792	68.4	-3.512	1E-3
28812	68.3	-3.512	1E-3
28832	68.1	-3.512	1E-3
28852	68.1	-3.512	1E-3
28872	67.7	-3.512	1E-3
28892	67.5	-3.512	1E-3
28912	67.2	-3.512	1E-3
28932	66.8	-3.512	1E-3
28952	67	-3.512	1E-3
28972	66.7	-3.512	1E-3
28992	66.3	-3.512	1E-3
29012	66.3	-3.512	1E-3
29032	65.4	-3.512	1E-3
29052	65.6	-3.512	1E-3
29072	65.1	-3.512	1E-3
29092	64.9	-3.512	1E-3
29112	64.9	-3.512	1E-3
29132	64.6	-3.512	1E-3
29153	64.6	-3.512	1E-3
29173	64.1	-3.512	1E-3
29193	63.7	-3.512	1E-3
29213	63.7	-3.512	1E-3
29233	63.3	-3.512	1E-3
29253	63	-3.512	1E-3
29273	63.2	-3.512	1E-3
29293	62.8	-3.512	1E-3
29313	62.6	-3.512	1E-3
29333	62.5	-3.512	1E-3
29353	62.6	-3.512	1E-3
29373	62.5	-3.512	1E-3
29393	61.8	-3.512	1E-3
29413	61.4	-3.512	1E-3
29433	61.4	-3.512	1E-3
29453	61.1	-3.512	1E-3
29473	61.3	-3.513	1E-3
29493	60.9	-3.513	1E-3
29513	60.6	-3.513	1E-3
29533	60.6	-3.513	1E-3
29553	60	-3.513	1E-3
29573	60	-3.513	1E-3
29593	59.9	-3.513	1E-3
29613	59.2	-3.513	1E-3
29633	59.2	-3.513	1E-3
29653	58.8	-3.513	1E-3
29673	58.4	-3.513	1E-3
29693	58.4	-3.513	1E-3
29713	58.3	-3.513	1E-3
29733	58.1	-3.513	1E-3
29753	57.9	-3.513	1E-3
29774	57.8	-3.513	1E-3
29798	57.4	-3.513	1E-3
29818	57.2	-3.513	1E-3
29838	57.4	-3.513	1E-3
29858	57	-3.513	1E-3
29878	57	-3.513	1E-3
29899	56.5	-3.513	1E-3
29919	56.4	-3.513	1E-3
29939	56.2	-3.513	1E-3
29959	56	-3.513	1E-3
29979	55.8	-3.513	1E-3
29999	55.8	-3.513	1E-3
30019	55.3	-3.513	1E-3
30039	55.3	-3.513	1E-3
30059	55.1	-3.513	1E-3
30079	55	-3.513	1E-3
30099	54.6	-3.513	1E-3
30119	54.4	-3.513	1E-3
30139	54.1	-3.513	1E-3
30159	53.9	-3.513	1E-3
30179	53.4	-3.513	1E-3
30199	53.7	-3.513	1E-3
30219	53.9	-3.513	1E-3
30239	53.5	-3.513	1E-3
30259	53.4	-3.513	1E-3
30279	53.2	-3.513	1E-3
30299	53	-3.513	1E-3
30319	52.7	-3.513	1E-3
30339	52.7	-3.513	1E-3
30359	52.3	-3.513	1E-3
30379	52.1	-3.513	1E-3
30399	51.8	-3.513	1E-3
30419	52	-3.513	1E-3
30439	51.6	-3.513	1E-3
30459	51.3	-3.513	1E-3
30479	51.3	-3.513	1E-3
30499	51.3	-3.513	1E-3
30519	50.9	-3.513	1E-3
30539	50.9	-3.513	1E-3
30559	50.8	-3.513	1E-3
30579	50.6	-3.513	1E-3
30599	50.2	-3.513	1E-3
30619	50.2	-3.513	1E-3
30639	50	-3.513	1E-3
30660	50	-3.513	1E-3
30684	49.5	-3.513	1E-3
30705	49.5	-3.513	1E-3
30725	49.3	-3.513	1E-3
30745	49.3	-3.513	1E-3
30765	48.8	-3.513	1E-3
30785	48.8	-3.513	1E-3
30805	48.8	-3.513	1E-3
30825	48.5	-3.513	1E-3
30845	48.1	-3.513	1E-3
30865	48.3	-3.513	1E-3
30885	48.1	-3.513	1E-3
30905	47.8	-3.513	1E-3
30925	47.6	-3.513	1E-3
30945	47.6	-3.513	1E-3
30965	47.3	-3.513	1E-3
30985	47.1	-3.513	1E-3
31005	47.1	-3.513	1E-3
31025	46.7	-3.513	1E-3
31045	46.7	-3.513	1E-3
31065	46.7	-3.513	1E-3
31085	46.2	-3.513	1E-3
31105	46.4	-3.513	1E-3
31125	46	-3.513	1E-3
31145	45.8	-3.513	1E-3
31165	45.8	-3.513	1E-3
31185	46	-3.513	1E-3
31205	45.7	-3.513	1E-3
31225	45.7	-3.513	1E-3
31245	45.7	-3.513	1E-3
31265	45.5	-3.513	1E-3
31285	45.3	-3.513	1E-3
31305	44.8	-3.513	1E-3
31325	44.8	-3.514	1E-3
31345	44.6	-3.514	1E-3
31367	44.8	-3.514	1E-3
31391	44.6	-3.514	1E-3
31411	43.9	-3.514	1E-3
31431	44.5	-3.514	1E-3
31451	43.8	-3.514	1E-3
31471	43.9	-3.514	1E-3
31491	43.9	-3.514	1E-3
31511	43.6	-3.514	1E-3
31531	43.4	-3.514	1E-3
31551	43.8	-3.514	1E-3
31571	43.6	-3.514	1E-3
31591	43.4	-3.514	1E-3
31611	43.1	-3.514	1E-3
31631	43.2	-3.514	1E-3
31651	43.2	-3.514	1E-3
31671	42.9	-3.514	1E-3
31691	42.9	-3.514	1E-3
31711	42.7	-3.514	1E-3
31731	42.7	-3.514	1E-3
31751	42.3	-3.514	1E-3
31771	42.3	-3.514	1E-3
31791	42.2	-3.514	1E-3
31811	42.3	-3.514	1E-3
31831	42.3	-3.514	1E-3
31851	41.8	-3.514	1E-3
31871	42	-3.514	1E-3
31891	41.5	-3.514	1E-3
31911	41.3	-3.514	1E-3
31931	41.1	-3.514	1E-3
31951	41	-3.514	1E-3
31971	41.5	-3.514	1E-3
31991	41	-3.514	1E-3
32011	41	-3.514	1E-3
32031	40.6	-3.514	1E-3
32051	41	-3.514	1E-3
32071	40.4	-3.514	1E-3
32091	40.6	-3.514	1E-3
32111	40.6	-3.514	1E-3
32132	40.1	-3.514	1E-3
32152	39.9	-3.514	1E-3
32172	40.1	-3.514	1E-3
32192	40.3	-3.514	1E-3
32212	40.1	-3.514	1E-3
32232	39.9	-3.514	1E-3
32252	39.6	-3.514	1E-3
32272	39.6	-3.514	1E-3
32292	39.6	-3.514	1E-3
32312	39.7	-3.514	1E-3
32332	39.6	-3.514	1E-3
32352	39.4	-3.514	1E-3
32372	39.6	-3.514	1E-3
32392	39.2	-3.514	1E-3
32412	39	-3.514	1E-3
32432	39.4	-3.514	1E-3
32452	38.8	-3.514	1E-3
32472	38.5	-3.514	1E-3
32492	39	-3.514	1E-3
32512	38.5	-3.514	1E-3
32532	38.3	-3.514	1E-3
32552	38.3	-3.514	1E-3
32572	38.2	-3.514	1E-3
32592	38.5	-3.514	1E-3
32612	38.2	-3.514	1E-3
32632	38	-3.514	1E-3
32652	38.2	-3.514	1E-3
32672	37.8	-3.514	1E-3
32692	38	-3.514	1E-3
32712	37.6	-3.514	1E-3
32732	37.8	-3.514	1E-3
32752	37.6	-3.514	1E-3
32772	37.5	-3.514	1E-3
32792	37.3	-3.514	1E-3
32812	37.3	-3.514	1E-3
32832	37.3	-3.514	1E-3
32852	37.3	-3.514	1E-3
32873	37.3	-3.514	1E-3
32893	36.9	-3.514	1E-3
32913	36.9	-3.514	1E-3
32933	36.8	-3.514	1E-3
32953	36.6	-3.514	1E-3
32973	36.6	-3.514	1E-3
32993	36.6	-3.514	1E-3
33013	36.6	-3.514	1E-3
33033	36	-3.514	1E-3
33053	36.4	-3.514	1E-3
33073	36	-3.515	1E-3
33093	35.9	-3.515	1E-3
33113	35.9	-3.515	1E-3
33133	35.9	-3.515	1E-3
33153	35.9	-3.515	1E-3
33173	35.7	-3.515	1E-3
33193	35.7	-3.515	1E-3
33213	35.7	-3.515	1E-3
33233	35.3	-3.515	1E-3
33253	35.3	-3.515	1E-3
33273	35.3	-3.515	1E-3
33293	35.3	-3.515	1E-3
33313	35.2	-3.515	1E-3
33333	35.2	-3.515	1E-3
33353	34.8	-3.515	1E-3
33373	35.2	-3.515	1E-3
33393	35.2	-3.515	1E-3
33414	34.7	-3.515	1E-3
33434	34.7	-3.515	1E-3
33454	34.7	-3.515	1E-3
33474	34.5	-3.515	1E-3
33494	34.8	-3.515	1E-3
33514	34.5	-3.515	1E-3
33534	34.3	-3.515	1E-3
33554	34.3	-3.515	1E-3
33574	34.1	-3.515	1E-3
33594	34.3	-3.515	1E-3
33614	34	-3.515	1E-3
33635	34	-3.515	1E-3
33659	33.8	-3.515	1E-3
33679	33.8	-3.515	1E-3
33699	33.8	-3.515	1E-3
33720	34	-3.515	1E-3
33740	33.6	-3.515	1E-3
33760	33.8	-3.515	1E-3
33780	33.6	-3.515	1E-3
33800	33.4	-3.515	1E-3
33820	33.4	-3.515	1E-3
33840	33.4	-3.515	1E-3
33860	33.1	-3.515	1E-3
33880	33.3	-3.515	1E-3
33900	33.1	-3.515	1E-3
33920	33.1	-3.515	1E-3
33940	32.9	-3.515	1E-3
33960	32.7	-3.515	1E-3
33980	32.7	-3.515	1E-3
34000	32.7	-3.515	1E-3
34020	32.7	-3.515	1E-3
34040	32.5	-3.515	1E-3
34060	32.7	-3.515	1E-3
34081	32.7	-3.515	1E-3
34105	32.4	-3.515	1E-3
34126	32.4	-3.515	1E-3
34146	32.4	-3.515	1E-3
34166	32.2	-3.515	1E-3
34186	32.2	-3.515	1E-3
34206	32.2	-3.515	1E-3
34226	32.4	-3.515	1E-3
34246	32.4	-3.515	1E-3
34266	32.2	-3.515	1E-3
34286	32	-3.515	1E-3
34306	31.9	-3.515	1E-3
34326	31.9	-3.515	1E-3
34346	31.9	-3.515	1E-3
34366	31.5	-3.515	1E-3
34386	31.5	-3.515	1E-3
34406	31.7	-3.515	1E-3
34426	31.5	-3.515	1E-3
34446	31.3	-3.515	1E-3
34466	31.5	-3.515	1E-3
34486	31.5	-3.515	1E-3
34506	31.5	-3.515	1E-3
34526	31.3	-3.515	1E-3
34546	31.5	-3.515	1E-3
34566	31.1	-3.515	1E-3
34586	31	-3.515	1E-3
34606	31	-3.515	1E-3
34626	31	-3.515	1E-3
34646	30.8	-3.515	1E-3
34667	30.8	-3.515	1E-3
34687	30.8	-3.515	1E-3
34707	30.8	-3.515	1E-3
34727	30.8	-3.515	1E-3
34747	30.6	-3.515	1E-3
34767	30.6	-3.516	1E-3
34787	30.5	-3.516	1E-3
34807	30.5	-3.516	1E-3
34827	30.3	-3.516	1E-3
34847	30.3	-3.516	1E-3
34867	30.1	-3.516	1E-3
34887	30.1	-3.516	1E-3
34907	30.1	-3.516	1E-3
34927	30.1	-3.516	1E-3
34947	30.1	-3.516	1E-3
34967	30.1	-3.516	1E-3
34987	29.9	-3.516	1E-3
35007	29.9	-3.516	1E-3
35027	29.9	-3.516	1E-3
35047	29.8	-3.516	1E-3
35068	29.8	-3.516	1E-3
35088	29.8	-3.516	1E-3
35108	29.6	-3.516	1E-3
35128	29.6	-3.516	1E-3
35148	29.6	-3.516	1E-3
35168	29.6	-3.516	1E-3
35188	29.6	-3.516	1E-3
35208	29.2	-3.516	1E-3
35228	29.4	-3.516	1E-3
35248	29.6	-3.516	1E-3
35268	29.2	-3.516	1E-3
35288	29	-3.516	1E-3
35308	29	-3.516	1E-3
35328	29	-3.516	1E-3
35348	28.9	-3.516	1E-3
35368	28.9	-3.516	1E-3
35388	28.9	-3.516	1E-3
35408	28.9	-3.516	1E-3
35428	28.9	-3.516	1E-3
35448	28.9	-3.516	1E-3
35468	28.9	-3.516	1E-3
35489	28.9	-3.516	1E-3
35513	28.5	-3.516	1E-3
35533	28.9	-3.516	1E-3
35554	28.7	-3.516	1E-3
35574	28.9	-3.516	1E-3
35594	28.5	-3.516	1E-3
35614	28.7	-3.516	1E-3
35634	28.5	-3.516	1E-3
35654	28.5	-3.516	1E-3
35674	28.5	-3.516	1E-3
35694	28.4	-3.516	1E-3
35714	28.4	-3.516	1E-3
35734	28.4	-3.516	1E-3
35754	28.4	-3.516	1E-3
35774	28.4	-3.516	1E-3
35794	28.4	-3.516	1E-3
35814	28.4	-3.516	1E-3
35834	28.2	-3.516	1E-3
35854	28.2	-3.516	1E-3
35874	28.4	-3.516	1E-3
35894	28.2	-3.516	1E-3
35914	28.2	-3.516	1E-3
35935	28.4	-3.516	1E-3
35959	28.2	-3.516	1E-3
35980	28.2	-3.516	1E-3
36004	27.8	-3.516	1E-3
36025	27.8	-3.516	1E-3
36049	28	-3.516	1E-3
36070	27.8	-3.516	1E-3
36090	27.7	-3.516	1E-3
36110	27.8	-3.516	1E-3
36130	27.8	-3.516	1E-3
36150	27.8	-3.516	1E-3
36170	27.8	-3.516	1E-3
36190	27.8	-3.516	1E-3
36210	27.7	-3.516	1E-3
36230	27.7	-3.516	1E-3
36250	27.7	-3.516	1E-3
36270	27.5	-3.516	1E-3
36290	27.1	-3.516	1E-3
36310	27.5	-3.516	1E-3
36330	27.5	-3.516	1E-3
36350	27.1	-3.516	1E-3
36370	27.3	-3.516	1E-3
36390	27.1	-3.516	1E-3
36410	27.3	-3.516	1E-3
36430	27.1	-3.516	1E-3
36450	27.1	-3.516	1E-3
36470	27.1	-3.516	1E-3
36490	27.1	-3.516	1E-3
36510	27.1	-3.516	1E-3
36530	27.1	-3.516	1E-3
36551	27.1	-3.516	1E-3
36575	27	-3.516	1E-3
36595	26.8	-3.516	1E-3
36615	26.8	-3.516	1E-3
36636	27.1	-3.516	1E-3
36656	26.8	-3.516	1E-3
36676	27	-3.516	1E-3
36696	27	-3.516	1E-3
36716	26.4	-3.516	1E-3
36736	26.6	-3.516	1E-3
36756	26.8	-3.516	1E-3
36776	26.6	-3.516	1E-3
36796	26.4	-3.516	1E-3
36816	26.4	-3.516	1E-3
36836	26.3	-3.516	1E-3
36856	26.3	-3.516	1E-3
36878	26.3	-3.516	1E-3
36901	26.3	-3.516	1E-3
36921	26.3	-3.516	1E-3
36942	26.3	-3.516	1E-3
36962	26.3	-3.516	1E-3
36982	26.1	-3.516	1E-3
37002	26.1	-3.516	1E-3
37022	26.1	-3.516	1E-3
37042	26.4	-3.516	1E-3
37062	26.1	-3.516	1E-3
37082	25.9	-3.516	1E-3
37102	25.9	-3.516	1E-3
37122	25.7	-3.516	1E-3
37142	25.9	-3.516	1E-3
37162	25.6	-3.516	1E-3
37182	25.9	-3.516	1E-3
37202	25.7	-3.516	1E-3
37222	25.6	-3.516	1E-3
37242	25.6	-3.516	1E-3
37262	25.7	-3.516	1E-3
37282	25.7	-3.516	1E-3
37302	25.4	-3.516	1E-3
37322	25.6	-3.516	1E-3
37342	25.6	-3.516	1E-3
37362	25.7	-3.516	1E-3
37382	25.6	-3.516	1E-3
37402	25.4	-3.516	1E-3
37422	25.7	-3.516	1E-3
37442	25.2	-3.516	1E-3
37462	25.6	-3.516	1E-3
37482	25.4	-3.516	1E-3
37502	25.4	-3.516	1E-3
37522	25.2	-3.516	1E-3
37542	25	-3.516	1E-3
37562	25.4	-3.516	1E-3
37582	25	-3.516	1E-3
37602	25.6	-3.516	1E-3
37623	25.2	-3.516	1E-3
37643	25.4	-3.516	1E-3
37663	25	-3.516	1E-3
37683	25.4	-3.516	1E-3
37703	25.4	-3.516	1E-3
37723	25	-3.516	1E-3
37743	24.8	-3.516	1E-3
37763	24.8	-3.516	1E-3
37783	24.8	-3.516	1E-3
37803	24.8	-3.516	1E-3
37823	24.8	-3.516	1E-3
37843	24.8	-3.516	1E-3
37863	24.8	-3.516	1E-3
37883	24.8	-3.516	1E-3
37903	24.8	-3.516	1E-3
37923	24.8	-3.516	1E-3
37943	24.8	-3.517	1E-3
37963	24.8	-3.517	1E-3
37983	24.8	-3.517	1E-3
38003	24.7	-3.517	1E-3
38023	24.7	-3.517	1E-3
38043	24.8	-3.517	1E-3
38063	24.7	-3.517	1E-3
38083	24.8	-3.517	1E-3
38103	24.7	-3.517	1E-3
38123	24.7	-3.517	1E-3
38143	24.7	-3.517	1E-3
38163	24.5	-3.517	1E-3
38183	24.5	-3.517	1E-3
38203	24.3	-3.517	1E-3
38223	24.7	-3.517	1E-3
38243	24.5	-3.517	1E-3
38263	24.1	-3.517	1E-3
38283	24.3	-3.517	1E-3
38303	24.5	-3.517	1E-3
38323	24.3	-3.517	1E-3
38343	24.1	-3.517	1E-3
38363	24.3	-3.517	1E-3
38383	24.1	-3.517	1E-3
38403	24.3	-3.517	1E-3
38424	24.1	-3.517	1E-3
38448	24.1	-3.517	1E-3
38469	24.3	-3.517	1E-3
38489	24.3	-3.517	1E-3
38509	24	-3.517	1E-3
38529	24.1	-3.517	1E-3
38549	24	-3.517	1E-3
38569	24	-3.517	1E-3
38589	24.1	-3.517	1E-3
38609	24	-3.517	1E-3
38629	24.1	-3.517	1E-3
38649	24	-3.517	1E-3
38669	24.1	-3.517	1E-3
38689	24	-3.517	1E-3
38709	24	-3.517	1E-3
38729	24	-3.517	1E-3
38749	23.8	-3.517	1E-3
38769	24	-3.517	1E-3
38789	23.6	-3.517	1E-3
38809	24	-3.517	1E-3
38829	24.1	-3.517	1E-3
38849	23.8	-3.517	1E-3
38869	23.8	-3.517	1E-3
38889	23.8	-3.517	1E-3
38909	24	-3.517	1E-3
38929	23.6	-3.517	1E-3
38949	23.5	-3.517	1E-3
38969	23.8	-3.517	1E-3
38989	23.6	-3.517	1E-3
39009	23.6	-3.517	1E-3
39029	23.5	-3.517	1E-3
39049	23.6	-3.517	1E-3
39069	23.6	-3.517	1E-3
39089	23.8	-3.517	1E-3
39109	23.6	-3.517	1E-3
39129	23.5	-3.517	1E-3
39150	23.5	-3.517	1E-3
39170	23.5	-3.517	1E-3
39190	23.5	-3.517	1E-3
39210	23.5	-3.517	1E-3
39230	23.5	-3.517	1E-3
39250	23.5	-3.517	1E-3
39270	23.3	-3.517	1E-3
39290	23.3	-3.517	1E-3
39310	23.5	-3.517	1E-3
39330	23.3	-3.517	1E-3
39350	23.3	-3.517	1E-3
39370	23.3	-3.517	1E-3
39390	23.3	-3.517	1E-3
39410	23.3	-3.517	1E-3
39430	23.5	-3.517	1E-3
39450	23.5	-3.517	1E-3
39470	23.3	-3.517	1E-3
39490	23.3	-3.517	1E-3
39510	23.3	-3.517	1E-3
39530	23.1	-3.517	1E-3
39550	23.3	-3.517	1E-3
39570	23.3	-3.517	1E-3
39590	23.3	-3.517	1E-3
39610	23.3	-3.517	1E-3
39630	23.3	-3.517	1E-3
39650	23.1	-3.517	1E-3
39670	23.1	-3.517	1E-3
39690	23.1	-3.517	1E-3
39710	23.1	-3.517	1E-3
39730	23.1	-3.517	1E-3
39750	22.9	-3.517	1E-3
39770	22.7	-3.517	1E-3
39790	23.1	-3.517	1E-3
39810	23.3	-3.517	1E-3
39830	23.1	-3.517	1E-3
39850	23.1	-3.517	1E-3
39870	22.7	-3.517	1E-3
39890	22.6	-3.517	1E-3
39910	23.1	-3.517	1E-3
39930	23.1	-3.517	1E-3
39950	22.7	-3.517	1E-3
39971	22.9	-3.517	1E-3
39995	22.6	-3.517	1E-3
40015	22.9	-3.517	1E-3
40035	22.6	-3.517	1E-3
40056	22.6	-3.517	1E-3
40080	22.6	-3.517	1E-3
40100	22.6	-3.517	1E-3
40120	22.6	-3.517	1E-3
40141	22.6	-3.517	1E-3
40161	22.6	-3.517	1E-3
40181	22.4	-3.517	1E-3
40201	22.6	-3.517	1E-3
40221	22.6	-3.517	1E-3
40241	22.6	-3.517	1E-3
40261	22.6	-3.517	1E-3
40281	22.4	-3.517	1E-3
40301	22.6	-3.517	1E-3
40321	22.6	-3.517	1E-3
40341	22.4	-3.517	1E-3
40361	22.2	-3.517	1E-3
40381	22.6	-3.517	1E-3
40401	22.4	-3.517	1E-3
40421	22.6	-3.517	1E-3
40441	22.4	-3.517	1E-3
40461	22.4	-3.517	1E-3
40481	22.4	-3.517	1E-3
40501	22.4	-3.517	1E-3
40521	22.6	-3.517	1E-3
40541	22.4	-3.517	1E-3
40561	22.4	-3.517	1E-3
40581	22.4	-3.517	1E-3
40601	22.4	-3.517	1E-3
40621	22.6	-3.517	1E-3
40641	22.4	-3.517	1E-3
40661	22.6	-3.517	1E-3
40681	22.4	-3.517	1E-3
40702	22.4	-3.517	1E-3
40722	22.6	-3.517	1E-3
40742	22.4	-3.517	1E-3
40762	22.2	-3.517	1E-3
40782	22.4	-3.517	1E-3
40802	22.4	-3.517	1E-3
40822	22.2	-3.517	1E-3
40842	22.4	-3.517	1E-3
40862	22.4	-3.517	1E-3
40882	22.2	-3.517	1E-3
40902	22.2	-3.517	1E-3
40922	22.4	-3.517	1E-3
40942	22.2	-3.517	1E-3
40962	22	-3.517	1E-3
40982	22	-3.517	1E-3
41002	22.2	-3.517	1E-3
41022	22	-3.517	1E-3
41042	22.2	-3.517	1E-3
41062	22	-3.517	1E-3
41082	22	-3.517	1E-3
41102	22.2	-3.517	1E-3
41122	22	-3.517	1E-3
41142	22	-3.517	1E-3
41162	22	-3.517	1E-3
41182	22	-3.517	1E-3
41202	22	-3.517	1E-3
41222	22.2	-3.517	1E-3
41242	22	-3.517	1E-3
41262	22	-3.517	1E-3
41282	22	-3.517	1E-3
41302	22	-3.517	1E-3
41322	22	-3.517	1E-3
41343	22	-3.517	1E-3
41363	22	-3.517	1E-3
41383	22	-3.517	1E-3
41403	22.2	-3.517	1E-3
41423	22.2	-3.517	1E-3
41443	22	-3.517	1E-3
41463	21.9	-3.517	1E-3
41483	21.7	-3.517	1E-3
41503	21.7	-3.517	1E-3
41523	21.9	-3.517	1E-3
41543	22	-3.517	1E-3
41563	21.7	-3.517	1E-3
41583	21.7	-3.517	1E-3
41603	22	-3.517	1E-3
41623	22	-3.517	1E-3
41643	21.9	-3.517	1E-3
41663	21.9	-3.517	1E-3
41683	22	-3.517	1E-3
41703	22	-3.517	1E-3
41723	21.9	-3.517	1E-3
41743	22	-3.517	1E-3
41763	21.9	-3.517	1E-3
41783	22	-3.517	1E-3
41803	21.7	-3.517	1E-3
41823	21.7	-3.517	1E-3
41843	21.9	-3.517	1E-3
41863	21.9	-3.517	1E-3
41883	21.9	-3.517	1E-3
41903	21.9	-3.517	1E-3
41923	21.5	-3.517	1E-3
41943	21.7	-3.517	1E-3
41963	22	-3.517	1E-3
41983	21.9	-3.517	1E-3
42004	22	-3.517	1E-3
42024	21.9	-3.517	1E-3
42044	21.7	-3.517	1E-3
42064	21.5	-3.517	1E-3
42084	21.9	-3.517	1E-3
42104	21.7	-3.517	1E-3
42124	21.7	-3.517	1E-3
42144	21.7	-3.517	1E-3
42164	21.4	-3.517	1E-3
42184	21.9	-3.517	1E-3
42204	21.7	-3.517	1E-3
42224	21.7	-3.517	1E-3
42244	21.7	-3.517	1E-3
42264	21.7	-3.517	1E-3
42284	21.7	-3.518	1E-3
42304	21.9	-3.518	1E-3
42324	21.5	-3.518	1E-3
42344	21.4	-3.518	1E-3
42364	21.7	-3.518	1E-3
42384	21.4	-3.518	1E-3
42404	21.7	-3.518	1E-3
42424	21.7	-3.518	1E-3
42444	21.7	-3.518	1E-3
42464	21.5	-3.518	1E-3
42485	21.5	-3.518	1E-3
42509	21.5	-3.518	1E-3
42529	21	-3.518	1E-3
42549	21.5	-3.518	1E-3
42569	21.4	-3.518	1E-3
42590	21.5	-3.518	1E-3
42610	21.4	-3.518	1E-3
42630	21.2	-3.518	1E-3
42650	21.4	-3.518	1E-3
42670	21	-3.518	1E-3
42690	21.4	-3.518	1E-3
42710	21	-3.518	1E-3
42730	21	-3.518	1E-3
42750	21.5	-3.518	1E-3
42770	21.2	-3.518	1E-3
42790	21.2	-3.518	1E-3
42810	21.4	-3.518	1E-3
42830	21	-3.518	1E-3
42850	21.2	-3.518	1E-3
42870	21.4	-3.518	1E-3
42890	21.2	-3.518	1E-3
42910	21.2	-3.518	1E-3
42930	21.4	-3.518	1E-3
42950	21.4	-3.518	1E-3
42970	21.4	-3.518	1E-3
42990	21.4	-3.518	1E-3
43010	21.5	-3.518	1E-3
43030	21	-3.518	1E-3
43050	21.2	-3.518	1E-3
43070	21.4	-3.518	1E-3
43090	21.2	-3.518	1E-3
43110	21.2	-3.518	1E-3
43130	21.2	-3.518	1E-3
43150	21	-3.518	1E-3
43170	21.2	-3.518	1E-3
43190	21	-3.518	1E-3
43211	21.2	-3.518	1E-3
43231	21	-3.518	1E-3
43251	21.2	-3.518	1E-3
43271	21.2	-3.518	1E-3
43291	21.2	-3.518	1E-3
43311	21.2	-3.518	1E-3
43331	21.4	-3.518	1E-3
43351	21.2	-3.518	1E-3
43371	21.2	-3.518	1E-3
43391	21.2	-3.518	1E-3
43411	21.2	-3.518	1E-3
43431	21.2	-3.518	1E-3
43451	20.8	-3.518	1E-3
43471	21	-3.518	1E-3
43491	21	-3.518	1E-3
43511	20.5	-3.518	1E-3
43531	20.8	-3.518	1E-3
43551	21	-3.518	1E-3
43571	20.8	-3.518	1E-3
43591	21.2	-3.518	1E-3
43611	20.8	-3.518	1E-3
43631	20.6	-3.518	1E-3
43651	21	-3.518	1E-3
43671	21	-3.518	1E-3
43691	20.8	-3.518	1E-3
43711	21	-3.518	1E-3
43731	21	-3.518	1E-3
43752	21	-3.518	1E-3
43772	21.2	-3.518	1E-3
43792	20.6	-3.518	1E-3
43812	21	-3.518	1E-3
43832	21	-3.518	1E-3
43852	21	-3.518	1E-3
43872	21	-3.518	1E-3
43892	21	-3.518	1E-3
43912	20.8	-3.518	1E-3
43932	21	-3.518	1E-3
43952	20.5	-3.518	1E-3
43972	20.8	-3.518	1E-3
43992	21	-3.518	1E-3
44012	20.6	-3.518	1E-3
44032	20.6	-3.518	1E-3
44052	20.8	-3.518	1E-3
44072	20.6	-3.518	1E-3
44092	21	-3.518	1E-3
44112	20.6	-3.518	1E-3
44132	21	-3.518	1E-3
44152	20.8	-3.518	1E-3
44172	20.8	-3.518	1E-3
44192	20.5	-3.518	1E-3
44212	20.6	-3.518	1E-3
44232	20.8	-3.518	1E-3
44252	20.8	-3.518	1E-3
44272	20.8	-3.518	1E-3
44292	21	-3.518	1E-3
44312	21	-3.518	1E-3
44332	20.3	-3.518	1E-3
44352	20.8	-3.518	1E-3
44372	21	-3.518	1E-3
44392	20.8	-3.518	1E-3
44412	20.8	-3.518	1E-3
44432	20.8	-3.518	1E-3
44452	20.8	-3.518	1E-3
44473	20.6	-3.518	1E-3
44493	20.5	-3.518	1E-3
44513	20.6	-3.518	1E-3
44533	20.8	-3.518	1E-3
44553	20.3	-3.518	1E-3
44573	20.6	-3.518	1E-3
44593	20.8	-3.518	1E-3
44613	20.8	-3.518	1E-3
44633	21	-3.518	1E-3
44653	20.8	-3.518	1E-3
44673	20.8	-3.518	1E-3
44693	21	-3.518	1E-3
44713	20.3	-3.518	1E-3
44733	20.3	-3.518	1E-3
44753	20.8	-3.518	1E-3
44773	20.3	-3.518	1E-3
44793	20.8	-3.518	1E-3
44813	20.6	-3.518	1E-3
44833	20.6	-3.518	1E-3
44853	20.3	-3.518	1E-3
44873	20.8	-3.518	1E-3
44893	20.6	-3.518	1E-3
44913	20.6	-3.518	1E-3
44933	20.3	-3.518	1E-3
44953	20.8	-3.518	1E-3
44973	20.1	-3.518	1E-3
44993	20.8	-3.518	1E-3
45013	20.8	-3.518	1E-3
45033	20.6	-3.518	1E-3
45053	20.8	-3.518	1E-3
45073	20.5	-3.518	1E-3
45093	20.3	-3.518	1E-3
45113	20.5	-3.518	1E-3
45134	20.3	-3.518	1E-3
45158	20.5	-3.518	1E-3
45178	20	-3.518	1E-3
45198	20.8	-3.518	1E-3
45219	20.5	-3.518	1E-3
45239	20.6	-3.518	1E-3
45259	20.5	-3.518	1E-3
45279	20.5	-3.518	1E-3
45299	20.6	-3.518	1E-3
45319	20.5	-3.518	1E-3
45339	20.6	-3.518	1E-3
45359	20.5	-3.518	1E-3
45379	20.5	-3.518	1E-3
45399	20.5	-3.518	1E-3
45419	20.3	-3.518	1E-3
45439	20.3	-3.518	1E-3
45459	20.1	-3.518	1E-3
45479	20.6	-3.518	1E-3
45499	20.3	-3.518	1E-3
45519	20.5	-3.518	1E-3
45539	20.5	-3.518	1E-3
45559	20.5	-3.518	1E-3
45579	20	-3.518	1E-3
45599	20.3	-3.518	1E-3
45619	20.5	-3.518	1E-3
45639	20.3	-3.518	1E-3
45659	20.1	-3.518	1E-3
45679	20.6	-3.518	1E-3
45699	20.6	-3.518	1E-3
45720	20.3	-3.518	1E-3
45744	20.1	-3.518	1E-3
45765	20.5	-3.518	1E-3
45785	20.3	-3.518	1E-3
45805	20.6	-3.518	1E-3
45825	20.3	-3.518	1E-3
45845	20.5	-3.518	1E-3
45865	20.5	-3.518	1E-3
45885	20.5	-3.518	1E-3
45905	20.5	-3.518	1E-3
45925	20.5	-3.518	1E-3
45945	20	-3.518	1E-3
45965	20.5	-3.518	1E-3
45985	20.5	-3.518	1E-3
46005	20.3	-3.518	1E-3
46025	20.5	-3.518	1E-3
46045	20.3	-3.518	1E-3
46065	20.3	-3.518	1E-3
46085	20.5	-3.518	1E-3
46105	20.3	-3.518	1E-3
46125	20.3	-3.518	1E-3
46145	20.5	-3.518	1E-3
46165	20.5	-3.518	1E-3
46185	20.3	-3.518	1E-3
46205	20.5	-3.518	1E-3
46225	20.1	-3.518	1E-3
46245	20.5	-3.518	1E-3
46265	20.1	-3.518	1E-3
46285	20.3	-3.518	1E-3
46305	20.3	-3.518	1E-3
46325	20.3	-3.518	1E-3
46345	20.3	-3.518	1E-3
46365	20.5	-3.518	1E-3
46385	19.8	-3.518	1E-3
46405	20.5	-3.518	1E-3
46425	20.1	-3.518	1E-3
46445	19.8	-3.518	1E-3
46466	20.1	-3.518	1E-3
46486	20.3	-3.518	1E-3
46506	20.3	-3.518	1E-3
46526	20.3	-3.518	1E-3
46546	20.5	-3.518	1E-3
46566	20.3	-3.518	1E-3
46586	20.3	-3.518	1E-3
46606	20.1	-3.518	1E-3
46626	20.5	-3.518	1E-3
46646	20	-3.518	1E-3
46666	20.3	-3.518	1E-3
46686	20	-3.518	1E-3
46706	20.3	-3.518	1E-3
46726	20	-3.518	1E-3
46746	20.1	-3.518	1E-3
46766	20.1	-3.518	1E-3
46786	20.3	-3.518	1E-3
46806	20.3	-3.518	1E-3
46826	20.5	-3.518	1E-3
46846	20	-3.518	1E-3
46866	20.1	-3.518	1E-3
46886	20.3	-3.518	1E-3
46906	20	-3.518	1E-3
46926	20.3	-3.518	1E-3
46946	19.8	-3.518	1E-3
46966	20.1	-3.518	1E-3
46986	20.1	-3.518	1E-3
47006	20.5	-3.518	1E-3
47026	20.5	-3.518	1E-3
47046	20.1	-3.518	1E-3
47066	20.3	-3.518	1E-3
47086	20.3	-3.518	1E-3
47106	20	-3.518	1E-3
47126	20.3	-3.518	1E-3
47146	20.1	-3.518	1E-3
47166	20.3	-3.518	1E-3
47186	20.1	-3.518	1E-3
47207	20.3	-3.518	1E-3
47227	19.8	-3.518	1E-3
47247	20.1	-3.518	1E-3
47267	20.1	-3.518	1E-3
47287	20.1	-3.518	1E-3
47307	20.3	-3.518	1E-3
47327	20	-3.518	1E-3
47347	20	-3.518	1E-3
47367	19.8	-3.518	1E-3
47387	19.8	-3.518	1E-3
47407	19.8	-3.518	1E-3
47427	19.6	-3.518	1E-3
47447	20	-3.518	1E-3
47467	19.8	-3.518	1E-3
47487	20.1	-3.518	1E-3
47507	20.1	-3.518	1E-3
47527	20.1	-3.518	1E-3
47547	19.6	-3.518	1E-3
47567	20.1	-3.518	1E-3
47587	20.1	-3.518	1E-3
47607	20	-3.518	1E-3
47627	20	-3.518	1E-3
47647	20.1	-3.518	1E-3
47667	19.6	-3.518	1E-3
47687	19.6	-3.518	1E-3
47707	20.3	-3.518	1E-3
47727	20.1	-3.518	1E-3
47747	20.1	-3.518	1E-3
47767	19.8	-3.518	1E-3
47787	20.1	-3.518	1E-3
47807	20.3	-3.518	1E-3
47827	19.8	-3.518	1E-3
47848	19.6	-3.518	1E-3
47868	20.1	-3.518	1E-3
47888	20	-3.518	1E-3
47908	19.6	-3.518	1E-3
47928	20.1	-3.518	1E-3
47948	20.1	-3.518	1E-3
47968	20.3	-3.518	1E-3
47988	20.1	-3.518	1E-3
48008	19.6	-3.518	1E-3
48028	19.6	-3.518	1E-3
48048	19.4	-3.518	1E-3
48068	20.3	-3.518	1E-3
48088	20.1	-3.518	1E-3
48108	19.8	-3.518	1E-3
48128	19.6	-3.518	1E-3
48148	20	-3.518	1E-3
48168	19.4	-3.518	1E-3
48188	20.1	-3.518	1E-3
48208	20	-3.518	1E-3
48228	20	-3.518	1E-3
48248	19.8	-3.518	1E-3
48268	19.8	-3.518	1E-3
48288	20	-3.518	1E-3
48308	20.1	-3.518	1E-3
48328	20.3	-3.518	1E-3
48348	20.1	-3.518	1E-3
48368	19.8	-3.518	1E-3
48388	19.6	-3.518	1E-3
48408	19.6	-3.518	1E-3
48428	20	-3.518	1E-3
48448	19.8	-3.518	1E-3
48469	19.6	-3.518	1E-3
48493	19.4	-3.518	1E-3
48513	20.3	-3.518	1E-3
48533	20	-3.518	1E-3
48554	19.3	-3.518	1E-3
48574	20	-3.518	1E-3
48594	20	-3.518	1E-3
48614	19.8	-3.518	1E-3
48634	20.1	-3.518	1E-3
48654	19.6	-3.518	1E-3
48674	19.4	-3.518	1E-3
48694	19.6	-3.518	1E-3
48714	19.8	-3.518	1E-3
48734	19.8	-3.518	1E-3
48754	19.4	-3.518	1E-3
48774	20	-3.518	1E-3
48794	19.4	-3.518	1E-3
48814	20	-3.518	1E-3
48834	19.6	-3.518	1E-3
48854	19.4	-3.518	1E-3
48874	19.6	-3.518	1E-3
48894	19.6	-3.518	1E-3
48914	19.8	-3.518	1E-3
48934	19.8	-3.518	1E-3
48954	19.8	-3.518	1E-3
48974	19.4	-3.518	1E-3
48994	19.6	-3.518	1E-3
49014	19.4	-3.518	1E-3
49034	20	-3.518	1E-3
49054	19.4	-3.518	1E-3
49074	20	-3.518	1E-3
49094	20	-3.518	1E-3
49114	19.8	-3.518	1E-3
49134	20.1	-3.518	1E-3
49154	19.8	-3.518	1E-3
49175	20	-3.518	1E-3
49195	19.4	-3.518	1E-3
49215	19.6	-3.518	1E-3
49235	19.6	-3.518	1E-3
49255	19.6	-3.518	1E-3
49275	19.6	-3.518	1E-3
49295	19.4	-3.518	1E-3
49315	20	-3.518	1E-3
49335	19.4	-3.518	1E-3
49355	19.4	-3.518	1E-3
49375	19.4	-3.518	1E-3
49395	19.4	-3.518	1E-3
49415	19.4	-3.518	1E-3
49435	19.4	-3.518	1E-3
49455	19.8	-3.518	1E-3
49475	20	-3.518	1E-3
49495	19.4	-3.518	1E-3
49515	19.3	-3.518	1E-3
49535	19.8	-3.518	1E-3
49555	19.4	-3.518	1E-3
49575	19.6	-3.518	1E-3
49595	19.4	-3.518	1E-3
49616	19.4	-3.518	1E-3
49636	19.4	-3.518	1E-3
49656	19.4	-3.518	1E-3
49676	19.4	-3.518	1E-3
49696	19.6	-3.518	1E-3
49716	19.6	-3.518	1E-3
49736	19.4	-3.518	1E-3
49756	19.6	-3.518	1E-3
49776	19.8	-3.518	1E-3
49796	20	-3.518	1E-3
49816	19.4	-3.518	1E-3
49836	19.8	-3.518	1E-3
49856	20	-3.518	1E-3
49876	19.6	-3.518	1E-3
49896	19.8	-3.518	1E-3
49916	19.4	-3.518	1E-3
49936	20	-3.518	1E-3
49956	19.8	-3.518	1E-3
49976	20	-3.518	1E-3
49996	20	-3.518	1E-3
50016	19.6	-3.518	1E-3
50036	19.6	-3.518	1E-3
50056	19.6	-3.518	1E-3
50076	20	-3.518	1E-3
50096	20	-3.518	1E-3
50116	20	-3.518	1E-3
50137	19.4	-3.518	1E-3
50157	19.8	-3.518	1E-3
50177	19.6	-3.518	1E-3
50197	19.8	-3.518	1E-3
50217	19.8	-3.518	1E-3
50237	19.6	-3.518	1E-3
50257	19.6	-3.518	1E-3
50277	19.8	-3.518	1E-3
50297	20	-3.518	1E-3
50317	19.8	-3.518	1E-3
50337	19.8	-3.518	1E-3
50357	19.8	-3.518	1E-3
50377	19.6	-3.518	1E-3
50397	19.4	-3.518	1E-3
50417	19.8	-3.518	1E-3
50437	19.6	-3.518	1E-3
50457	19.6	-3.518	1E-3
50477	19.4	-3.518	1E-3
50497	20	-3.518	1E-3
50517	19.4	-3.518	1E-3
50537	19.3	-3.518	1E-3
50557	19.8	-3.518	1E-3
50578	19.8	-3.518	1E-3
50598	19.4	-3.518	1E-3
50618	19.4	-3.518	1E-3
50638	19.6	-3.518	1E-3
50658	19.8	-3.518	1E-3
50678	19.6	-3.518	1E-3
50698	20	-3.518	1E-3
50718	19.6	-3.518	1E-3
50738	19.4	-3.518	1E-3
50758	19.6	-3.518	1E-3
50778	20	-3.518	1E-3
50798	19.4	-3.518	1E-3
50818	19.4	-3.518	1E-3
50838	19.8	-3.518	1E-3
50858	19.8	-3.518	1E-3
50878	19.3	-3.518	1E-3
50898	20	-3.518	1E-3
50918	19.8	-3.518	1E-3
50938	19.6	-3.518	1E-3
50958	19.4	-3.518	1E-3
50978	20	-3.518	1E-3
50998	19.6	-3.518	1E-3
51018	20	-3.518	1E-3
51038	19.4	-3.518	1E-3
51058	20	-3.518	1E-3
51078	19.4	-3.518	1E-3
51098	20	-3.518	1E-3
51118	19.8	-3.518	1E-3
51138	19.8	-3.518	1E-3
51158	20.1	-3.518	1E-3
51178	19.3	-3.518	1E-3
51198	19.4	-3.518	1E-3
51218	20	-3.518	1E-3
51239	19.4	-3.518	1E-3
51260	19.4	-3.518	1E-3
51284	19.4	-3.518	1E-3
51304	19.4	-3.518	1E-3
51324	19.4	-3.518	1E-3
51344	19.6	-3.518	1E-3
51364	19.4	-3.518	1E-3
51384	19.4	-3.518	1E-3
51404	19.6	-3.518	1E-3
51424	19.4	-3.518	1E-3
51444	19.8	-3.518	1E-3
51465	19.4	-3.518	1E-3
51489	19.4	-3.518	1E-3
51509	19.8	-3.518	1E-3
51529	19.4	-3.518	1E-3
51549	19.4	-3.518	1E-3
51569	19.3	-3.518	1E-3
51589	19.6	-3.518	1E-3
51610	19.8	-3.518	1E-3
51630	19.3	-3.518	1E-3
51650	19.4	-3.518	1E-3
51670	19.8	-3.518	1E-3
51690	19.4	-3.518	1E-3
51710	19.3	-3.518	1E-3
51730	19.6	-3.518	1E-3
51750	19.3	-3.518	1E-3
51770	19.4	-3.518	1E-3
51790	19.4	-3.518	1E-3
51810	19.4	-3.518	1E-3
51830	19.3	-3.518	1E-3
51850	19.8	-3.518	1E-3
51870	19.4	-3.518	1E-3
51890	19.3	-3.518	1E-3
51910	19.4	-3.518	1E-3
51930	19.3	-3.518	1E-3
51950	19.3	-3.518	1E-3
51970	19.6	-3.518	1E-3
51990	19.3	-3.518	1E-3
52011	19.4	-3.518	1E-3
52035	19.3	-3.518	1E-3
52055	19.3	-3.518	1E-3
52075	19.3	-3.518	1E-3
52095	19.3	-3.518	1E-3
52116	19.3	-3.518	1E-3
52136	19.3	-3.518	1E-3
52156	19.6	-3.518	1E-3
52176	19.3	-3.518	1E-3
52196	19.8	-3.518	1E-3
52216	19.3	-3.518	1E-3
52236	19.6	-3.518	1E-3
52256	19.4	-3.518	1E-3
52276	19.3	-3.518	1E-3
52296	19.1	-3.518	1E-3
52316	19.3	-3.518	1E-3
52336	19.3	-3.518	1E-3
52356	19.3	-3.518	1E-3
52376	19.3	-3.518	1E-3
52396	19.3	-3.518	1E-3
52416	19.3	-3.518	1E-3
52436	19.3	-3.518	1E-3
52456	19.3	-3.518	1E-3
52476	19.3	-3.518	1E-3
52496	19.3	-3.518	1E-3
52516	19.3	-3.518	1E-3
52536	19.4	-3.518	1E-3
52556	19.3	-3.518	1E-3
52576	19.3	-3.518	1E-3
52596	19.3	-3.518	1E-3
52616	19.3	-3.518	1E-3
52637	19.4	-3.518	1E-3
52661	19.8	-3.518	1E-3
52681	19.6	-3.518	1E-3
52701	19.3	-3.518	1E-3
52722	19.4	-3.518	1E-3
52742	19.3	-3.518	1E-3
52762	19.3	-3.518	1E-3
52782	19.3	-3.518	1E-3
52802	19.6	-3.518	1E-3
52822	19.3	-3.518	1E-3
52842	19.1	-3.518	1E-3
52862	19.6	-3.518	1E-3
52882	19.3	-3.518	1E-3
52902	19.3	-3.518	1E-3
52922	19.3	-3.518	1E-3
52942	19.3	-3.518	1E-3
52962	19.3	-3.518	1E-3
52982	19.3	-3.518	1E-3
53003	19.3	-3.518	1E-3
53023	19.4	-3.518	1E-3
53043	19.1	-3.518	1E-3
53063	19.6	-3.518	1E-3
53083	19.3	-3.518	1E-3
53103	19.4	-3.518	1E-3
53123	19.4	-3.519	1E-3
53143	19.3	-3.519	1E-3
53164	19.3	-3.519	1E-3
53184	19.3	-3.519	1E-3
53208	19.3	-3.519	1E-3
53229	19.3	-3.519	1E-3
53249	19.3	-3.519	1E-3
53269	19.6	-3.519	1E-3
53290	19.3	-3.519	1E-3
53314	19.6	-3.519	1E-3
53335	19.4	-3.519	1E-3
53355	19.3	-3.519	1E-3
53375	19.3	-3.519	1E-3
53395	19.6	-3.519	1E-3
53415	19.3	-3.519	1E-3
53435	19.4	-3.519	1E-3
53455	19.3	-3.519	1E-3
53475	19.3	-3.519	1E-3
53495	19.3	-3.519	1E-3
53515	19.4	-3.519	1E-3
53536	19.1	-3.519	1E-3
53556	19.3	-3.519	1E-3
53576	19.3	-3.519	1E-3
53596	19.3	-3.519	1E-3
53616	19.3	-3.519	1E-3
53636	19.3	-3.519	1E-3
53656	19.3	-3.519	1E-3
53676	19.3	-3.519	1E-3
53697	19.6	-3.519	1E-3
53717	19.3	-3.519	1E-3
53737	19.3	-3.519	1E-3
53757	19.3	-3.519	1E-3
53777	19.3	-3.519	1E-3
53797	19.3	-3.519	1E-3
53817	19.3	-3.519	1E-3
53837	19.3	-3.519	1E-3
53857	19.1	-3.519	1E-3
53877	19.3	-3.519	1E-3
53897	19.3	-3.519	1E-3
53917	19.3	-3.519	1E-3
53937	19.3	-3.519	1E-3
53957	19.3	-3.519	1E-3
53977	19.4	-3.519	1E-3
53997	19.6	-3.519	1E-3
54017	19.3	-3.519	1E-3
54037	19.3	-3.519	1E-3
54057	19.3	-3.519	1E-3
54077	19.8	-3.519	1E-3
54097	19.3	-3.519	1E-3
54117	19.3	-3.519	1E-3
54138	19.1	-3.519	1E-3
54162	19.3	-3.519	1E-3
54183	19.3	-3.519	1E-3
54203	19.3	-3.519	1E-3
54223	19.3	-3.519	1E-3
54243	19.1	-3.519	1E-3
54263	19.3	-3.519	1E-3
54283	19.3	-3.519	1E-3
54303	19.3	-3.519	1E-3
54323	19.3	-3.519	1E-3
54343	19.3	-3.519	1E-3
54363	19.3	-3.519	1E-3
54383	19.3	-3.519	1E-3
54403	19.3	-3.519	1E-3
54423	19.3	-3.519	1E-3
54443	19.1	-3.519	1E-3
54463	19.3	-3.519	1E-3
54483	19.3	-3.519	1E-3
54503	19.1	-3.519	1E-3
54523	19.1	-3.519	1E-3
54543	19.1	-3.519	1E-3
54563	19.1	-3.519	1E-3
54583	19.1	-3.519	1E-3
54603	19.1	-3.519	1E-3
54623	19.3	-3.519	1E-3
54643	19.3	-3.519	1E-3
54663	19.4	-3.519	1E-3
54683	19.3	-3.519	1E-3
54703	19.1	-3.519	1E-3
54723	19.1	-3.519	1E-3
54743	19.4	-3.519	1E-3
54763	19.1	-3.519	1E-3
54783	19.3	-3.519	1E-3
54803	19.1	-3.519	1E-3
54823	19.1	-3.519	1E-3
54844	19.8	-3.519	1E-3
54864	19.1	-3.519	1E-3
54884	19.1	-3.519	1E-3
54904	19.3	-3.519	1E-3
54924	19.3	-3.519	1E-3
54944	19.1	-3.519	1E-3
54964	19.1	-3.519	1E-3
54984	19.4	-3.519	1E-3
55004	19.4	-3.519	1E-3
55024	19.1	-3.519	1E-3
55044	19.6	-3.519	1E-3
55064	19.1	-3.519	1E-3
55084	19.1	-3.519	1E-3
55104	19.1	-3.519	1E-3
55124	19.4	-3.519	1E-3
55144	19.3	-3.519	1E-3
55164	19.3	-3.519	1E-3
55184	19.3	-3.519	1E-3
55204	19.3	-3.519	1E-3
55224	19.4	-3.519	1E-3
55244	19.3	-3.519	1E-3
55264	19.3	-3.519	1E-3
55284	19.3	-3.519	1E-3
55304	19.3	-3.519	1E-3
55324	19.3	-3.519	1E-3
55344	19.3	-3.519	1E-3
55364	19.1	-3.519	1E-3
55384	19.4	-3.519	1E-3
55404	19.1	-3.519	1E-3
55424	19.3	-3.519	1E-3
55445	19.1	-3.519	1E-3
55465	19.4	-3.519	1E-3
55485	19.1	-3.519	1E-3
55505	19.3	-3.519	1E-3
55525	19.3	-3.519	1E-3
55545	19.3	-3.519	1E-3
55565	19.4	-3.519	1E-3
55585	19.3	-3.519	1E-3
55605	19.1	-3.519	1E-3
55625	19.1	-3.519	1E-3
55645	19.4	-3.519	1E-3
55665	19.3	-3.519	1E-3
55685	19.3	-3.519	1E-3
55705	19.4	-3.519	1E-3
55725	19.1	-3.519	1E-3
55745	19.1	-3.519	1E-3
55765	19.3	-3.519	1E-3
55785	19.3	-3.519	1E-3
55805	19.1	-3.519	1E-3
55825	19.3	-3.519	1E-3
55845	19.1	-3.519	1E-3
55865	19.3	-3.519	1E-3
55885	19.3	-3.519	1E-3
55905	19.1	-3.519	1E-3
55925	19.6	-3.519	1E-3
55945	19.1	-3.519	1E-3
55965	19.1	-3.519	1E-3
55985	19.1	-3.519	1E-3
56005	19.3	-3.519	1E-3
56026	19.3	-3.519	1E-3
56050	19.1	-3.519	1E-3
56071	19.6	-3.519	1E-3
56091	19.1	-3.519	1E-3
56111	19.3	-3.519	1E-3
56131	19.3	-3.519	1E-3
56151	19.3	-3.519	1E-3
56171	19.1	-3.519	1E-3
56191	19.1	-3.519	1E-3
56211	19.3	-3.519	1E-3
56231	19.1	-3.519	1E-3
56251	19.3	-3.519	1E-3
56271	19.1	-3.519	1E-3
56291	19.1	-3.519	1E-3
56311	19.1	-3.519	1E-3
56331	19.3	-3.519	1E-3
56351	19.3	-3.519	1E-3
56371	19.1	-3.519	1E-3
56391	19.3	-3.519	1E-3
56411	19.1	-3.519	1E-3
56431	19.4	-3.519	1E-3
56451	19.1	-3.519	1E-3
56471	19.3	-3.519	1E-3
56491	19.3	-3.519	1E-3
56511	19.1	-3.519	1E-3
56531	19.3	-3.519	1E-3
56551	19.1	-3.519	1E-3
56571	19.3	-3.519	1E-3
56591	19.1	-3.519	1E-3
56611	19.1	-3.519	1E-3
56631	19.6	-3.519	1E-3
56651	19.3	-3.519	1E-3
56671	19.1	-3.519	1E-3
56691	19.1	-3.519	1E-3
56711	19.1	-3.519	1E-3
56732	19.3	-3.519	1E-3
56756	19.1	-3.519	1E-3
56776	19.1	-3.519	1E-3
56796	19.1	-3.519	1E-3
56817	19.1	-3.519	1E-3
56837	19.1	-3.519	1E-3
56857	19.1	-3.519	1E-3
56877	19.1	-3.519	1E-3
56897	19.1	-3.519	1E-3
56917	19.3	-3.519	1E-3
56937	19.1	-3.519	1E-3
56957	19.4	-3.519	1E-3
56977	19.3	-3.519	1E-3
56997	19.1	-3.519	1E-3
57017	19.1	-3.519	1E-3
57037	19.3	-3.519	1E-3
57057	19.1	-3.519	1E-3
57077	18.9	-3.519	1E-3
57097	19.1	-3.519	1E-3
57117	19.1	-3.519	1E-3
57137	19.1	-3.519	1E-3
57157	19.1	-3.519	1E-3
57177	19.1	-3.519	1E-3
57198	19.1	-3.519	1E-3
57222	19.1	-3.519	1E-3
57243	19.3	-3.519	1E-3
57263	19.1	-3.519	1E-3
57283	19.4	-3.519	1E-3
57303	19.1	-3.519	1E-3
57323	19.1	-3.519	1E-3
57343	19.1	-3.519	1E-3
57363	19.1	-3.519	1E-3
57383	19.3	-3.519	1E-3
57403	19.1	-3.519	1E-3
57423	19.1	-3.519	1E-3
57443	19.1	-3.519	1E-3
57463	19.3	-3.519	1E-3
57483	19.1	-3.519	1E-3
57503	19.3	-3.519	1E-3
57523	19.3	-3.519	1E-3
57543	19.1	-3.519	1E-3
57563	19.3	-3.519	1E-3
57583	19.4	-3.519	1E-3
57603	19.3	-3.519	1E-3
57623	19.1	-3.519	1E-3
57643	19.3	-3.519	1E-3
57663	19.4	-3.519	1E-3
57683	19.3	-3.519	1E-3
57703	19.3	-3.519	1E-3
57723	19.4	-3.519	1E-3
57743	19.1	-3.519	1E-3
57763	19.1	-3.519	1E-3
57783	19.3	-3.519	1E-3
57803	19.1	-3.519	1E-3
57823	19.1	-3.519	1E-3
57843	19.1	-3.519	1E-3
57863	19.3	-3.519	1E-3
57883	19.1	-3.519	1E-3
57903	19.3	-3.519	1E-3
57923	19.4	-3.519	1E-3
57943	19.3	-3.519	1E-3
57964	19.1	-3.519	1E-3
57984	19.1	-3.519	1E-3
58004	19.1	-3.519	1E-3
58024	19.1	-3.519	1E-3
58044	18.9	-3.519	1E-3
58064	19.1	-3.519	1E-3
58084	19.1	-3.519	1E-3
58104	19.1	-3.519	1E-3
58124	18.9	-3.519	1E-3
58144	19.3	-3.519	1E-3
58164	19.3	-3.519	1E-3
58184	19.1	-3.519	1E-3
58204	18.9	-3.519	1E-3
58224	19.1	-3.519	1E-3
58244	19.3	-3.519	1E-3
58264	19.3	-3.519	1E-3
58284	19.1	-3.519	1E-3
58304	19.1	-3.519	1E-3
58324	18.9	-3.519	1E-3
58344	19.3	-3.519	1E-3
58364	18.9	-3.519	1E-3
58384	19.1	-3.519	1E-3
58404	19.1	-3.519	1E-3
58424	19.1	-3.519	1E-3
58444	19.1	-3.519	1E-3
58464	18.9	-3.519	1E-3
58484	19.3	-3.519	1E-3
58504	18.9	-3.519	1E-3
58524	19.1	-3.519	1E-3
58544	18.9	-3.519	1E-3
58564	18.9	-3.519	1E-3
58584	18.9	-3.519	1E-3
58604	18.9	-3.519	1E-3
58624	19.1	-3.519	1E-3
58644	19.1	-3.519	1E-3
58664	18.9	-3.519	1E-3
58684	18.9	-3.519	1E-3
58704	19.3	-3.519	1E-3
58724	19.3	-3.519	1E-3
58745	19.1	-3.519	1E-3
58765	19.3	-3.519	1E-3
58785	19.3	-3.519	1E-3
58805	18.9	-3.519	1E-3
58825	19.1	-3.519	1E-3
58845	18.9	-3.519	1E-3
58865	19.3	-3.519	1E-3
58885	18.9	-3.519	1E-3
58905	18.9	-3.519	1E-3
58925	18.9	-3.519	1E-3
58945	19.1	-3.519	1E-3
58965	19.1	-3.519	1E-3
58985	19.1	-3.519	1E-3
59005	19.1	-3.519	1E-3
59025	18.9	-3.519	1E-3
59045	19.1	-3.519	1E-3
59065	19.1	-3.519	1E-3
59085	18.9	-3.519	1E-3
59105	19.1	-3.519	1E-3
59125	19.3	-3.519	1E-3
59145	19.1	-3.519	1E-3
59165	18.7	-3.519	1E-3
59185	19.1	-3.519	1E-3
59205	19.4	-3.519	1E-3
59225	19.4	-3.519	1E-3
59245	18.9	-3.519	1E-3
59265	19.1	-3.519	1E-3
59285	19.1	-3.519	1E-3
59305	18.9	-3.519	1E-3
59325	19.3	-3.519	1E-3
59345	19.3	-3.519	1E-3
59365	19.1	-3.519	1E-3
59385	18.9	-3.519	1E-3
59405	18.9	-3.519	1E-3
59426	18.9	-3.519	1E-3
59450	19.1	-3.519	1E-3
59471	19.1	-3.519	1E-3
59491	18.9	-3.519	1E-3
59511	19.1	-3.519	1E-3
59531	18.9	-3.519	1E-3
59551	18.9	-3.519	1E-3
59571	18.7	-3.519	1E-3
59591	19.1	-3.519	1E-3
59611	19.1	-3.519	1E-3
59631	18.7	-3.519	1E-3
59651	19.1	-3.519	1E-3
59671	19.1	-3.519	1E-3
59691	19.1	-3.519	1E-3
59711	18.9	-3.519	1E-3
59731	19.3	-3.519	1E-3
59751	19.1	-3.519	1E-3
59771	18.9	-3.519	1E-3
59791	18.9	-3.519	1E-3
59811	19.3	-3.519	1E-3
59831	19.1	-3.519	1E-3
59851	19.1	-3.519	1E-3
59871	18.7	-3.519	1E-3
59891	18.9	-3.519	1E-3
59911	18.9	-3.519	1E-3
59931	19.1	-3.519	1E-3
59951	19.1	-3.519	1E-3
59971	18.9	-3.519	1E-3
59991	18.9	-3.519	1E-3
60011	18.9	-3.519	1E-3
60031	19.1	-3.519	1E-3
60051	18.9	-3.519	1E-3
60071	18.9	-3.519	1E-3
60091	18.9	-3.519	1E-3
60111	18.7	-3.519	1E-3
60132	18.9	-3.519	1E-3
60152	18.9	-3.519	1E-3
60172	18.9	-3.519	1E-3
60192	18.9	-3.519	1E-3
60212	18.9	-3.519	1E-3
60232	18.9	-3.519	1E-3
60252	18.7	-3.519	1E-3
60272	18.9	-3.519	1E-3
60292	18.9	-3.519	1E-3
60312	18.9	-3.519	1E-3
60332	19.1	-3.519	1E-3
60352	19.1	-3.519	1E-3
60372	18.7	-3.519	1E-3
60392	19.1	-3.519	1E-3
60412	18.7	-3.519	1E-3
60432	18.9	-3.519	1E-3
60452	18.9	-3.519	1E-3
60472	19.1	-3.519	1E-3
60492	18.7	-3.519	1E-3
60512	19.3	-3.519	1E-3
60532	18.7	-3.519	1E-3
60552	18.9	-3.519	1E-3
60572	18.9	-3.519	1E-3
60592	18.9	-3.519	1E-3
60612	18.9	-3.519	1E-3
60632	18.9	-3.519	1E-3
60652	18.9	-3.519	1E-3
60672	19.3	-3.519	1E-3
60693	18.9	-3.519	1E-3
60713	19.1	-3.519	1E-3
60733	19.1	-3.519	1E-3
60753	18.7	-3.519	1E-3
60773	18.9	-3.519	1E-3
60793	18.9	-3.519	1E-3
60813	18.9	-3.519	1E-3
60833	19.1	-3.519	1E-3
60853	19.1	-3.519	1E-3
60873	18.7	-3.519	1E-3
60893	18.9	-3.519	1E-3
60913	18.9	-3.519	1E-3
60933	18.7	-3.519	1E-3
60953	19.1	-3.519	1E-3
60973	18.9	-3.519	1E-3
60993	18.9	-3.519	1E-3
61013	19.1	-3.519	1E-3
61033	19.1	-3.519	1E-3
61053	18.9	-3.519	1E-3
61073	19.3	-3.519	1E-3
61093	18.9	-3.519	1E-3
61113	18.7	-3.519	1E-3
61133	19.1	-3.519	1E-3
61153	18.9	-3.519	1E-3
61173	18.9	-3.519	1E-3
61193	18.9	-3.519	1E-3
61213	19.1	-3.519	1E-3
61233	18.9	-3.519	1E-3
61253	18.7	-3.519	1E-3
61273	18.9	-3.519	1E-3
61293	19.1	-3.519	1E-3
61313	18.9	-3.519	1E-3
61333	18.7	-3.519	1E-3
61353	19.3	-3.519	1E-3
61373	19.1	-3.519	1E-3
61393	18.9	-3.519	1E-3
61413	18.9	-3.519	1E-3
61433	18.9	-3.519	1E-3
61453	18.7	-3.519	1E-3
61473	18.9	-3.519	1E-3
61493	19.1	-3.519	1E-3
61514	18.7	-3.519	1E-3
61534	18.9	-3.519	1E-3
61554	18.9	-3.519	1E-3
61574	18.9	-3.519	1E-3
61594	18.5	-3.519	1E-3
61614	18.5	-3.519	1E-3
61634	18.9	-3.519	1E-3
61654	19.1	-3.519	1E-3
61674	19.1	-3.519	1E-3
61694	18.7	-3.519	1E-3
61714	18.9	-3.519	1E-3
61734	18.9	-3.519	1E-3
61754	18.9	-3.519	1E-3
61774	18.9	-3.519	1E-3
61794	18.9	-3.519	1E-3
61814	18.7	-3.519	1E-3
61834	18.9	-3.519	1E-3
61854	18.9	-3.519	1E-3
61874	18.7	-3.519	1E-3
61894	19.3	-3.519	1E-3
61914	18.9	-3.519	1E-3
61934	19.1	-3.519	1E-3
61954	18.7	-3.519	1E-3
61974	18.9	-3.519	1E-3
61994	18.7	-3.519	1E-3
62014	18.7	-3.519	1E-3
62034	18.7	-3.519	1E-3
62054	18.9	-3.519	1E-3
62074	18.7	-3.519	1E-3
62094	19.3	-3.519	1E-3
62114	18.7	-3.519	1E-3
62134	18.9	-3.519	1E-3
62154	18.9	-3.519	1E-3
62174	18.7	-3.519	1E-3
62195	18.9	-3.519	1E-3
62219	18.7	-3.519	1E-3
62239	19.1	-3.519	1E-3
62259	18.9	-3.519	1E-3
62279	18.7	-3.519	1E-3
62299	18.7	-3.519	1E-3
62319	19.1	-3.519	1E-3
62340	18.5	-3.519	1E-3
62360	18.5	-3.519	1E-3
62380	18.7	-3.519	1E-3
62400	18.5	-3.519	1E-3
62420	18.9	-3.519	1E-3
62440	19.1	-3.519	1E-3
62460	18.9	-3.519	1E-3
62480	18.9	-3.519	1E-3
62500	18.7	-3.519	1E-3
62520	18.9	-3.519	1E-3
62540	18.9	-3.519	1E-3
62560	18.7	-3.519	1E-3
62580	18.7	-3.519	1E-3
62600	18.7	-3.519	1E-3
62620	18.9	-3.519	1E-3
62640	18.5	-3.519	1E-3
62660	18.7	-3.519	1E-3
62680	18.9	-3.519	1E-3
62700	18.5	-3.519	1E-3
62720	19.1	-3.519	1E-3
62740	18.9	-3.519	1E-3
62760	18.7	-3.519	1E-3
62780	18.9	-3.519	1E-3
62800	19.1	-3.519	1E-3
62820	18.9	-3.519	1E-3
62840	18.9	-3.519	1E-3
62860	18.7	-3.519	1E-3
62880	19.1	-3.519	1E-3
62900	19.1	-3.519	1E-3
62920	19.1	-3.519	1E-3
62940	19.1	-3.519	1E-3
62960	18.7	-3.519	1E-3
62980	19.1	-3.519	1E-3
63000	18.5	-3.519	1E-3
63020	18.5	-3.519	1E-3
63040	18.7	-3.519	1E-3
63060	19.1	-3.519	1E-3
63080	19.1	-3.519	1E-3
63100	19.1	-3.519	1E-3
63120	18.7	-3.519	1E-3
63140	18.7	-3.519	1E-3
63161	19.1	-3.519	1E-3
63185	19.1	-3.519	1E-3
63206	18.7	-3.519	1E-3
63226	18.9	-3.519	1E-3
63246	18.5	-3.519	1E-3
63266	18.5	-3.519	1E-3
63286	19.1	-3.519	1E-3
63306	18.9	-3.519	1E-3
63326	18.5	-3.519	1E-3
63346	18.9	-3.519	1E-3
63366	18.5	-3.519	1E-3
63386	18.7	-3.519	1E-3
63406	18.9	-3.519	1E-3
63426	18.7	-3.519	1E-3
63446	18.7	-3.519	1E-3
63466	18.5	-3.519	1E-3
63486	18.9	-3.519	1E-3
63506	18.5	-3.519	1E-3
63526	18.9	-3.519	1E-3
63546	19.1	-3.519	1E-3
63566	18.4	-3.519	1E-3
63586	18.7	-3.519	1E-3
63606	18.5	-3.519	1E-3
63626	18.9	-3.519	1E-3
63646	18.4	-3.519	1E-3
63666	18.9	-3.519	1E-3
63686	18.9	-3.519	1E-3
63706	18.9	-3.519	1E-3
63726	18.7	-3.519	1E-3
63746	18.9	-3.519	1E-3
63766	19.1	-3.519	1E-3
63786	18.5	-3.519	1E-3
63806	18.7	-3.519	1E-3
63826	18.9	-3.519	1E-3
63847	18.5	-3.519	1E-3
63867	18.4	-3.519	1E-3
63887	18.9	-3.519	1E-3
63907	18.4	-3.519	1E-3
63927	18.4	-3.519	1E-3
63947	18.7	-3.519	1E-3
63967	19.1	-3.519	1E-3
63987	18.9	-3.519	1E-3
64007	18.2	-3.519	1E-3
64027	18.7	-3.519	1E-3
64047	19.1	-3.519	1E-3
64067	18.9	-3.519	1E-3
64087	18.7	-3.519	1E-3
64107	18.5	-3.519	1E-3
64127	18.9	-3.519	1E-3
64147	19.1	-3.519	1E-3
64167	18.7	-3.519	1E-3
64187	18.7	-3.519	1E-3
64207	18.9	-3.519	1E-3
64227	18.5	-3.519	1E-3
64247	18.9	-3.519	1E-3
64267	18.9	-3.519	1E-3
64287	18.9	-3.519	1E-3
64307	18.5	-3.519	1E-3
64327	18.9	-3.519	1E-3
64347	18.4	-3.519	1E-3
64367	18.5	-3.519	1E-3
64387	18.7	-3.519	1E-3
64407	18.7	-3.519	1E-3
64427	18.7	-3.519	1E-3
64447	19.1	-3.519	1E-3
64467	18.9	-3.519	1E-3
64487	18.7	-3.519	1E-3
64507	18.4	-3.519	1E-3
64527	18.7	-3.519	1E-3
64547	18.7	-3.519	1E-3
64567	18.5	-3.519	1E-3
64588	18.2	-3.519	1E-3
64608	18.5	-3.519	1E-3
64628	18.7	-3.519	1E-3
64648	18.9	-3.519	1E-3
64668	18.5	-3.519	1E-3
64688	18.5	-3.519	1E-3
64708	18.5	-3.519	1E-3
64728	18.4	-3.519	1E-3
64748	18.9	-3.519	1E-3
64768	18.9	-3.519	1E-3
64788	18.5	-3.519	1E-3
64808	18.5	-3.519	1E-3
64828	18.7	-3.519	1E-3
64848	18.7	-3.519	1E-3
64868	19.1	-3.519	1E-3
64888	18.4	-3.519	1E-3
64908	18.5	-3.519	1E-3
64928	18.7	-3.519	1E-3
64948	18.4	-3.519	1E-3
64968	18.5	-3.519	1E-3
64988	18.9	-3.519	1E-3
65008	18.7	-3.519	1E-3
65028	18.2	-3.519	1E-3
65048	18.7	-3.519	1E-3
65068	18.4	-3.519	1E-3
65088	18.2	-3.519	1E-3
65108	18.5	-3.519	1E-3
65128	18.5	-3.519	1E-3
65148	18.5	-3.519	1E-3
65168	18.4	-3.519	1E-3
65188	18.7	-3.519	1E-3
65208	18.7	-3.519	1E-3
65228	18.5	-3.519	1E-3
65248	18.7	-3.519	1E-3
65268	18.7	-3.519	1E-3
65289	18.4	-3.519	1E-3
65309	18.5	-3.519	1E-3
65329	18.5	-3.519	1E-3
65349	18.5	-3.519	1E-3
65369	18.5	-3.519	1E-3
65389	18.7	-3.519	1E-3
65409	18.5	-3.519	1E-3
65429	18.5	-3.519	1E-3
65449	18.7	-3.519	1E-3
65469	18.7	-3.519	1E-3
65489	18.7	-3.519	1E-3
65509	18.4	-3.519	1E-3
65529	18.7	-3.519	1E-3
65549	18.2	-3.519	1E-3
65569	18.7	-3.519	1E-3
65589	18.5	-3.519	1E-3
65609	18.5	-3.519	1E-3
65629	18.4	-3.519	1E-3
65649	18	-3.519	1E-3
65669	18.5	-3.519	1E-3
65690	18.4	-3.519	1E-3
65710	18.5	-3.519	1E-3
65730	18.5	-3.519	1E-3
65750	18.5	-3.519	1E-3
65770	18.7	-3.519	1E-3
65790	18.4	-3.519	1E-3
65810	18.2	-3.519	1E-3
65830	18.7	-3.519	1E-3
65850	18.9	-3.519	1E-3
65870	18.7	-3.519	1E-3
65890	18.9	-3.519	1E-3
65910	18.4	-3.519	1E-3
65930	18.5	-3.519	1E-3
65950	18.4	-3.519	1E-3
65970	18.9	-3.519	1E-3
65990	18.5	-3.519	1E-3
66010	18.2	-3.519	1E-3
66030	18.4	-3.519	1E-3
66050	18.5	-3.519	1E-3
66070	18.4	-3.519	1E-3
66090	18.5	-3.519	1E-3
66110	18.9	-3.519	1E-3
66130	18.4	-3.519	1E-3
66150	18.4	-3.519	1E-3
66170	18	-3.519	1E-3
66190	18.4	-3.519	1E-3
66210	18.2	-3.519	1E-3
66230	18.7	-3.519	1E-3
66251	18.5	-3.519	1E-3
66271	18.4	-3.519	1E-3
66291	18.5	-3.519	1E-3
66311	18.4	-3.519	1E-3
66331	18.4	-3.519	1E-3
66351	18.7	-3.519	1E-3
66371	18.9	-3.519	1E-3
66391	18	-3.519	1E-3
66411	18.2	-3.519	1E-3
66431	18.2	-3.519	1E-3
66451	18.4	-3.519	1E-3
66471	18.2	-3.519	1E-3
66491	18.5	-3.519	1E-3
66511	18.4	-3.519	1E-3
66531	18.7	-3.519	1E-3
66551	18.5	-3.519	1E-3
66571	18.4	-3.519	1E-3
66591	18.5	-3.519	1E-3
66611	18.2	-3.519	1E-3
66631	18.4	-3.519	1E-3
66651	18.4	-3.519	1E-3
66671	18.2	-3.519	1E-3
66691	18.4	-3.519	1E-3
66711	18.4	-3.519	1E-3
66731	18.7	-3.519	1E-3
66751	18.4	-3.519	1E-3
66771	18.4	-3.519	1E-3
66791	18.7	-3.519	1E-3
66811	18.5	-3.519	1E-3
66831	18.4	-3.519	1E-3
66851	18.4	-3.519	1E-3
66871	18.4	-3.519	1E-3
66892	18.2	-3.519	1E-3
66916	18.5	-3.519	1E-3
66937	18.4	-3.519	1E-3
66957	18.4	-3.519	1E-3
66977	18.4	-3.519	1E-3
66997	18.7	-3.519	1E-3
67017	18.7	-3.519	1E-3
67037	18.4	-3.519	1E-3
67057	18.9	-3.519	1E-3
67077	18.9	-3.519	1E-3
67097	18.2	-3.519	1E-3
67117	18.7	-3.519	1E-3
67137	18	-3.519	1E-3
67157	18.2	-3.52	1E-3
67177	18.2	-3.52	1E-3
67197	18.5	-3.52	1E-3
67217	18.5	-3.52	1E-3
67237	18.5	-3.52	1E-3
67257	18.4	-3.52	1E-3
67277	18.5	-3.52	1E-3
67297	18.5	-3.52	1E-3
67317	18.4	-3.52	1E-3
67337	18.9	-3.52	1E-3
67357	18.4	-3.52	1E-3
67377	18.7	-3.52	1E-3
67397	18.4	-3.52	1E-3
67417	18.4	-3.52	1E-3
67437	18.7	-3.52	1E-3
67457	18.4	-3.52	1E-3
67477	18.5	-3.52	1E-3
67497	18.5	-3.52	1E-3
67517	18.4	-3.52	1E-3
67537	18.4	-3.52	1E-3
67557	18.2	-3.52	1E-3
67577	18.4	-3.52	1E-3
67597	18.5	-3.52	1E-3
67617	18.5	-3.52	1E-3
67637	18.4	-3.52	1E-3
67657	18.4	-3.52	1E-3
67677	18.4	-3.52	1E-3
67698	18.4	-3.52	1E-3
67722	18.4	-3.52	1E-3
67743	18	-3.52	1E-3
67763	18.4	-3.52	1E-3
67783	18.5	-3.52	1E-3
67803	18.2	-3.52	1E-3
67823	18.4	-3.52	1E-3
67843	18.2	-3.52	1E-3
67863	18.7	-3.52	1E-3
67883	18.7	-3.52	1E-3
67903	18.7	-3.52	1E-3
67923	18.2	-3.52	1E-3
67943	18.2	-3.52	1E-3
67963	18.2	-3.52	1E-3
67983	18.2	-3.52	1E-3
68003	18.4	-3.52	1E-3
68023	18.4	-3.52	1E-3
68043	18.4	-3.52	1E-3
68063	18.5	-3.52	1E-3
68083	18.5	-3.52	1E-3
68103	18.4	-3.52	1E-3
68123	18.7	-3.52	1E-3
68143	18.2	-3.52	1E-3
68163	18.7	-3.52	1E-3
68183	18	-3.52	1E-3
68203	18.4	-3.52	1E-3
68224	18.4	-3.52	1E-3
68248	18.5	-3.52	1E-3
68268	18.5	-3.52	1E-3
68288	18.2	-3.52	1E-3
68309	18.2	-3.52	1E-3
68329	18.4	-3.52	1E-3
68349	18.4	-3.52	1E-3
68369	18.4	-3.52	1E-3
68389	18.2	-3.52	1E-3
68409	18.2	-3.52	1E-3
68429	18	-3.52	1E-3
68449	18.7	-3.52	1E-3
68469	18.4	-3.52	1E-3
68489	18.2	-3.52	1E-3
68509	18.2	-3.52	1E-3
68529	18.2	-3.52	1E-3
68549	18.2	-3.52	1E-3
68569	18.4	-3.52	1E-3
68589	18.2	-3.52	1E-3
68609	18.2	-3.52	1E-3
68629	18.5	-3.52	1E-3
68649	18.7	-3.52	1E-3
68669	18.2	-3.52	1E-3
68689	18	-3.52	1E-3
68709	18	-3.52	1E-3
68729	18.2	-3.52	1E-3
68749	18.2	-3.52	1E-3
68769	18.2	-3.52	1E-3
68789	18.2	-3.52	1E-3
68809	18.2	-3.52	1E-3
68829	18.2	-3.52	1E-3
68849	18.4	-3.52	1E-3
68869	18.2	-3.52	1E-3
68889	18.2	-3.52	1E-3
68909	18.2	-3.52	1E-3
68930	18.2	-3.52	1E-3
68950	18.2	-3.52	1E-3
68970	18	-3.52	1E-3
68990	18.2	-3.52	1E-3
69010	18.2	-3.52	1E-3
69030	18.4	-3.52	1E-3
69050	18.2	-3.52	1E-3
69070	18.2	-3.52	1E-3
69090	18.2	-3.52	1E-3
69110	18	-3.52	1E-3
69130	18.2	-3.52	1E-3
69150	18.2	-3.52	1E-3
69170	18.2	-3.52	1E-3
69190	18.4	-3.52	1E-3
69210	18.2	-3.52	1E-3
69230	18.5	-3.52	1E-3
69250	18.2	-3.52	1E-3
69270	18.2	-3.52	1E-3
69290	18.2	-3.52	1E-3
69310	18.2	-3.52	1E-3
69330	18.2	-3.52	1E-3
69350	18	-3.52	1E-3
69370	18.2	-3.52	1E-3
69390	18.2	-3.52	1E-3
69410	18.2	-3.52	1E-3
69430	18.2	-3.52	1E-3
69450	18.2	-3.52	1E-3
69470	18.2	-3.52	1E-3
69490	18.2	-3.52	1E-3
69510	18.2	-3.52	1E-3
69530	18.2	-3.52	1E-3
69550	18.4	-3.52	1E-3
69570	18.2	-3.52	1E-3
69590	18	-3.52	1E-3
69610	18	-3.52	1E-3
69630	18.4	-3.52	1E-3
69650	18.2	-3.52	1E-3
69670	18.2	-3.52	1E-3
69690	18.2	-3.52	1E-3
69710	18.2	-3.52	1E-3
69731	18	-3.52	1E-3
69756	18.2	-3.52	1E-3
69780	18.2	-3.52	1E-3
69800	18.2	-3.52	1E-3
69820	18.4	-3.52	1E-3
69841	18.2	-3.52	1E-3
69861	18.2	-3.52	1E-3
69881	18.4	-3.52	1E-3
69901	18.2	-3.52	1E-3
69921	18	-3.52	1E-3
69941	18.2	-3.52	1E-3
69961	18	-3.52	1E-3
69981	18	-3.52	1E-3
70001	18	-3.52	1E-3
70021	18	-3.52	1E-3
70041	18	-3.52	1E-3
70061	18	-3.52	1E-3
70081	18.2	-3.52	1E-3
70101	18	-3.52	1E-3
70121	18.2	-3.52	1E-3
70141	18.2	-3.52	1E-3
70161	18.2	-3.52	1E-3
70181	18	-3.52	1E-3
70201	18.2	-3.52	1E-3
70221	18.2	-3.52	1E-3
70241	18.2	-3.52	1E-3
70261	18.2	-3.52	1E-3
70281	18.2	-3.52	1E-3
70301	18.5	-3.52	1E-3
70321	18	-3.52	1E-3
70341	18	-3.52	1E-3
70361	18	-3.52	1E-3
70381	18	-3.52	1E-3
70401	18	-3.52	1E-3
70421	18	-3.52	1E-3
70441	18	-3.52	1E-3
70461	18	-3.52	1E-3
70481	18	-3.52	1E-3
70501	18	-3.52	1E-3
70521	18	-3.52	1E-3
70541	18	-3.52	1E-3
70561	18	-3.52	1E-3
70581	18	-3.52	1E-3
70602	18	-3.52	1E-3
70622	18	-3.52	1E-3
70642	18	-3.52	1E-3
70662	18.4	-3.52	1E-3
70682	18	-3.52	1E-3
70702	18	-3.52	1E-3
70722	18	-3.52	1E-3
70742	18	-3.52	1E-3
70762	18	-3.52	1E-3
70782	18	-3.52	1E-3
70802	18.4	-3.52	1E-3
70822	18	-3.52	1E-3
70842	18.2	-3.52	1E-3
70862	18	-3.52	1E-3
70882	18	-3.52	1E-3
70902	18	-3.52	1E-3
70922	18	-3.52	1E-3
70942	18	-3.52	1E-3
70962	18	-3.52	1E-3
70982	18.2	-3.52	1E-3
71002	18	-3.52	1E-3
71022	18	-3.52	1E-3
71042	18	-3.52	1E-3
71062	18	-3.52	1E-3
71082	18	-3.52	1E-3
71102	18	-3.52	1E-3
71122	18	-3.52	1E-3
71142	18.2	-3.52	1E-3
71162	18	-3.52	1E-3
71182	17.7	-3.52	1E-3
71203	18	-3.52	1E-3
71223	18.2	-3.52	1E-3
71243	18	-3.52	1E-3
71263	18	-3.52	1E-3
71283	18	-3.52	1E-3
71303	18	-3.52	1E-3
71323	18.2	-3.52	1E-3
71343	18.2	-3.52	1E-3
71363	18.2	-3.52	1E-3
71383	18	-3.52	1E-3
71403	18	-3.52	1E-3
71423	18	-3.52	1E-3
71443	18	-3.52	1E-3
71463	18	-3.52	1E-3
71483	18	-3.52	1E-3
71503	18	-3.52	1E-3
71523	18	-3.52	1E-3
71543	18.2	-3.52	1E-3
71563	18	-3.52	1E-3
71583	18	-3.52	1E-3
71603	18	-3.52	1E-3
71623	18.2	-3.52	1E-3
71643	18	-3.52	1E-3
71663	18	-3.52	1E-3
71683	18.2	-3.52	1E-3
71703	18	-3.52	1E-3
71723	18.4	-3.52	1E-3
71743	18	-3.52	1E-3
71763	18.2	-3.52	1E-3
71783	18	-3.52	1E-3
71804	18	-3.52	1E-3
71824	18	-3.52	1E-3
71844	18	-3.52	1E-3
71864	18.2	-3.52	1E-3
71884	18	-3.52	1E-3
71904	18	-3.52	1E-3
71924	18.4	-3.52	1E-3
71944	18	-3.52	1E-3
71964	18	-3.52	1E-3
71984	18	-3.52	1E-3
72004	18.2	-3.52	1E-3
72024	18	-3.52	1E-3
72044	18	-3.52	1E-3
72064	18.2	-3.52	1E-3
72084	18	-3.52	1E-3
72104	18	-3.52	1E-3
72124	18	-3.52	1E-3
72144	18	-3.52	1E-3
72164	18	-3.52	1E-3
72184	18	-3.52	1E-3
72204	18	-3.52	1E-3
72224	18	-3.52	1E-3
72244	18	-3.52	1E-3
72264	18	-3.52	1E-3
72284	18	-3.52	1E-3
72304	18	-3.52	1E-3
72324	18	-3.52	1E-3
72344	18	-3.52	1E-3
72364	18	-3.52	1E-3
72384	18	-3.52	1E-3
72404	18	-3.52	1E-3
72424	18	-3.52	1E-3
72444	18	-3.52	1E-3
72464	18	-3.52	1E-3
72484	18	-3.52	1E-3
72504	18	-3.52	1E-3
72524	18	-3.52	1E-3
72545	18.2	-3.52	1E-3
72565	18	-3.52	1E-3
72585	18.2	-3.52	1E-3
72605	18	-3.52	1E-3
72625	18.2	-3.52	1E-3
72645	18.2	-3.52	1E-3
72665	18	-3.52	1E-3
72685	18	-3.52	1E-3
72705	18.2	-3.52	1E-3
72725	18	-3.52	1E-3
72745	18	-3.52	1E-3
72765	18	-3.52	1E-3
72785	17.8	-3.52	1E-3
72805	18	-3.52	1E-3
72825	18	-3.52	1E-3
72845	18	-3.52	1E-3
72865	18	-3.52	1E-3
72885	18	-3.52	1E-3
72905	17.8	-3.52	1E-3
72925	18	-3.52	1E-3
72945	18	-3.52	1E-3
72965	18	-3.52	1E-3
72985	18	-3.52	1E-3
73005	18	-3.52	1E-3
73025	18	-3.52	1E-3
73045	18	-3.52	1E-3
73065	18.4	-3.52	1E-3
73085	18	-3.52	1E-3
73105	18.2	-3.52	1E-3
73125	18	-3.52	1E-3
73145	17.8	-3.52	1E-3
73165	17.8	-3.52	1E-3
73185	17.8	-3.52	1E-3
73205	18	-3.52	1E-3
73225	18	-3.52	1E-3
73245	17.8	-3.52	1E-3
73265	18	-3.52	1E-3
73285	18	-3.52	1E-3
73305	17.7	-3.52	1E-3
73325	18	-3.52	1E-3
73345	17.8	-3.52	1E-3
73365	18	-3.52	1E-3
73385	18	-3.52	1E-3
73405	17.8	-3.52	1E-3
73425	18	-3.52	1E-3
73445	17.8	-3.52	1E-3
73465	18	-3.52	1E-3
73485	18	-3.52	1E-3
73505	18	-3.52	1E-3
73525	18	-3.52	1E-3
73545	17.8	-3.52	1E-3
73565	18.2	-3.52	1E-3
73585	17.8	-3.52	1E-3
73605	17.8	-3.52	1E-3
73625	18	-3.52	1E-3
73645	18	-3.52	1E-3
73666	18.2	-3.52	1E-3
73686	18	-3.52	1E-3
73706	17.8	-3.52	1E-3
73726	17.8	-3.52	1E-3
73746	18	-3.52	1E-3
73766	17.8	-3.52	1E-3
73786	17.8	-3.52	1E-3
73806	18	-3.52	1E-3
73826	18.2	-3.52	1E-3
73846	18	-3.52	1E-3
73866	18	-3.52	1E-3
73886	18	-3.52	1E-3
73906	17.8	-3.52	1E-3
73926	18.2	-3.52	1E-3
73946	17.8	-3.52	1E-3
73966	18.2	-3.52	1E-3
73986	18.2	-3.52	1E-3
74006	17.8	-3.52	1E-3
74026	17.8	-3.52	1E-3
74046	17.8	-3.52	1E-3
74066	17.8	-3.52	1E-3
74086	17.8	-3.52	1E-3
74106	18	-3.52	1E-3
74126	18	-3.52	1E-3
74146	17.8	-3.52	1E-3
74166	18	-3.52	1E-3
74186	18	-3.52	1E-3
74206	18	-3.52	1E-3
74226	17.8	-3.52	1E-3
74246	17.8	-3.52	1E-3
74266	17.7	-3.52	1E-3
74286	18	-3.52	1E-3
74306	18.2	-3.52	1E-3
74326	17.8	-3.52	1E-3
74346	18	-3.52	1E-3
74366	17.8	-3.52	1E-3
74386	17.8	-3.52	1E-3
74406	18	-3.52	1E-3
74426	17.8	-3.52	1E-3
74446	18	-3.52	1E-3
74466	17.7	-3.52	1E-3
74486	17.8	-3.52	1E-3
74506	17.8	-3.52	1E-3
74526	18.2	-3.52	1E-3
74546	17.8	-3.52	1E-3
74566	17.8	-3.52	1E-3
74586	18	-3.52	1E-3
74606	18	-3.52	1E-3
74626	18	-3.52	1E-3
74646	17.8	-3.52	1E-3
74666	17.8	-3.52	1E-3
74686	18.2	-3.52	1E-3
74706	17.8	-3.52	1E-3
74726	17.8	-3.52	1E-3
74746	18.2	-3.52	1E-3
74766	18	-3.52	1E-3
74786	18	-3.52	1E-3
74806	18	-3.52	1E-3
74826	18	-3.52	1E-3
74846	17.8	-3.52	1E-3
74866	18	-3.52	1E-3
74886	17.8	-3.52	1E-3
74906	17.8	-3.52	1E-3
74926	18	-3.52	1E-3
74946	18.2	-3.52	1E-3
74966	17.8	-3.52	1E-3
74986	18	-3.52	1E-3
75006	18.4	-3.52	1E-3
75026	18	-3.52	1E-3
75046	17.8	-3.52	1E-3
75066	18	-3.52	1E-3
75086	18	-3.52	1E-3
75106	18	-3.52	1E-3
75126	18	-3.52	1E-3
75146	17.8	-3.52	1E-3
75167	17.8	-3.52	1E-3
75187	18	-3.52	1E-3
75207	18	-3.52	1E-3
75227	17.8	-3.52	1E-3
75247	18.4	-3.52	1E-3
75267	17.8	-3.52	1E-3
75287	18.2	-3.52	1E-3
75307	17.8	-3.52	1E-3
75327	18	-3.52	1E-3
75347	17.8	-3.52	1E-3
75367	18.4	-3.52	1E-3
75387	18.4	-3.52	1E-3
75407	17.8	-3.52	1E-3
75427	17.8	-3.52	1E-3
75447	17.8	-3.52	1E-3
75467	18	-3.52	1E-3
75487	17.8	-3.52	1E-3
75507	17.8	-3.52	1E-3
75527	18	-3.52	1E-3
75547	18	-3.52	1E-3
75567	17.7	-3.52	1E-3
75587	18.2	-3.52	1E-3
75607	17.8	-3.52	1E-3
75627	17.8	-3.52	1E-3
75647	18.2	-3.52	1E-3
75667	17.8	-3.52	1E-3
75687	18	-3.52	1E-3
75707	17.8	-3.52	1E-3
75727	17.8	-3.52	1E-3
75747	18.2	-3.52	1E-3
75767	18.2	-3.52	1E-3
75787	18	-3.52	1E-3
75807	18	-3.52	1E-3
75827	17.8	-3.52	1E-3
75847	18	-3.52	1E-3
75868	17.8	-3.52	1E-3
75888	18	-3.52	1E-3
75908	18	-3.52	1E-3
75928	18.2	-3.52	1E-3
75948	18.2	-3.52	1E-3
75968	17.8	-3.52	1E-3
75988	17.8	-3.52	1E-3
76008	17.8	-3.52	1E-3
76028	18.2	-3.52	1E-3
76048	18	-3.52	1E-3
76068	17.8	-3.52	1E-3
76088	17.7	-3.52	1E-3
76108	18	-3.52	1E-3
76128	18.2	-3.52	1E-3
76148	17.8	-3.52	1E-3
76168	17.8	-3.52	1E-3
76188	17.8	-3.52	1E-3
76208	18	-3.52	1E-3
76228	17.7	-3.52	1E-3
76248	17.8	-3.52	1E-3
76268	18	-3.52	1E-3
76288	18.2	-3.52	1E-3
76308	17.8	-3.52	1E-3
76328	17.8	-3.52	1E-3
76348	17.8	-3.52	1E-3
76368	17.8	-3.52	1E-3
76388	18	-3.52	1E-3
76408	18	-3.52	1E-3
76428	17.8	-3.52	1E-3
76448	17.8	-3.52	1E-3
76468	17.8	-3.52	1E-3
76488	17.7	-3.52	1E-3
76508	17.7	-3.52	1E-3
76528	17.8	-3.52	1E-3
76548	18	-3.52	1E-3
76568	18.4	-3.52	1E-3
76589	17.8	-3.52	1E-3
76609	17.8	-3.52	1E-3
76629	17.8	-3.52	1E-3
76649	18	-3.52	1E-3
76669	17.5	-3.52	1E-3
76689	17.8	-3.52	1E-3
76709	18.2	-3.52	1E-3
76729	18.2	-3.52	1E-3
76749	17.8	-3.52	1E-3
76769	17.8	-3.52	1E-3
76789	17.7	-3.52	1E-3
76809	18	-3.52	1E-3
76829	17.8	-3.52	1E-3
76849	18.2	-3.52	1E-3
76869	17.8	-3.52	1E-3
76889	17.8	-3.52	1E-3
76909	18	-3.52	1E-3
76929	18	-3.52	1E-3
76949	17.8	-3.52	1E-3
76969	18	-3.52	1E-3
76989	17.8	-3.52	1E-3
77009	17.7	-3.52	1E-3
77029	17.5	-3.52	1E-3
77049	17.3	-3.52	1E-3
77069	17.7	-3.52	1E-3
77089	17.8	-3.52	1E-3
77109	17.8	-3.52	1E-3
77129	17.7	-3.52	1E-3
77149	17.7	-3.52	1E-3
77169	18	-3.52	1E-3
77189	17.8	-3.52	1E-3
77209	17.8	-3.52	1E-3
77229	17.8	-3.52	1E-3
77249	17.8	-3.52	1E-3
77269	18	-3.52	1E-3
77290	17.8	-3.52	1E-3
77314	17.8	-3.52	1E-3
77334	17.8	-3.52	1E-3
77355	17.8	-3.52	1E-3
77375	17.7	-3.52	1E-3
77395	17.8	-3.52	1E-3
77415	17.8	-3.52	1E-3
77435	17.8	-3.52	1E-3
77455	18	-3.52	1E-3
77475	17.7	-3.52	1E-3
77495	17.7	-3.52	1E-3
77515	17.7	-3.52	1E-3
77535	17.5	-3.52	1E-3
77555	17.8	-3.52	1E-3
77575	18	-3.52	1E-3
77595	17.7	-3.52	1E-3
77615	17.7	-3.52	1E-3
77635	17.8	-3.52	1E-3
77655	17.8	-3.52	1E-3
77675	17.8	-3.52	1E-3
77695	18	-3.52	1E-3
77715	17.7	-3.52	1E-3
77735	17.8	-3.52	1E-3
77755	17.7	-3.52	1E-3
77775	18	-3.52	1E-3
77795	17.8	-3.52	1E-3
77815	17.7	-3.52	1E-3
77835	17.7	-3.52	1E-3
77855	17.7	-3.52	1E-3
77875	17.7	-3.52	1E-3
77895	17.7	-3.52	1E-3
77915	17.7	-3.52	1E-3
77935	17.8	-3.52	1E-3
77955	17.8	-3.52	1E-3
77975	17.8	-3.52	1E-3
77995	17.8	-3.52	1E-3
78015	17.7	-3.52	1E-3
78035	17.8	-3.52	1E-3
78055	18	-3.52	1E-3
78075	17.8	-3.52	1E-3
78095	17.7	-3.52	1E-3
78115	17.7	-3.52	1E-3
78135	17.7	-3.52	1E-3
78155	17.7	-3.52	1E-3
78176	17.7	-3.52	1E-3
78196	17.8	-3.52	1E-3
78216	17.5	-3.52	1E-3
78236	17.8	-3.52	1E-3
78256	17.7	-3.52	1E-3
78276	17.8	-3.52	1E-3
78296	17.7	-3.52	1E-3
78316	18	-3.52	1E-3
78336	17.8	-3.52	1E-3
78356	17.5	-3.52	1E-3
78376	17.8	-3.52	1E-3
78396	17.8	-3.52	1E-3
78416	17.8	-3.52	1E-3
78436	18.2	-3.52	1E-3
78456	17.8	-3.52	1E-3
78476	17.8	-3.52	1E-3
78496	17.8	-3.52	1E-3
78516	17.8	-3.52	1E-3
78536	17.7	-3.52	1E-3
78556	17.8	-3.52	1E-3
78576	17.7	-3.52	1E-3
78596	18	-3.52	1E-3
78616	17.7	-3.52	1E-3
78636	17.8	-3.52	1E-3
78656	17.7	-3.52	1E-3
78676	17.5	-3.52	1E-3
78696	17.8	-3.52	1E-3
78716	17.7	-3.52	1E-3
78736	18	-3.52	1E-3
78756	17.7	-3.52	1E-3
78776	17.7	-3.52	1E-3
78796	17.7	-3.52	1E-3
78816	18.2	-3.52	1E-3
78836	17.7	-3.52	1E-3
78856	18.2	-3.52	1E-3
78877	17.8	-3.52	1E-3
78897	17.8	-3.52	1E-3
78917	17.7	-3.52	1E-3
78937	18.2	-3.52	1E-3
78957	17.5	-3.52	1E-3
78977	17.7	-3.52	1E-3
78997	17.7	-3.52	1E-3
79017	18	-3.52	1E-3
79037	17.8	-3.52	1E-3
79057	17.7	-3.52	1E-3
79077	17.8	-3.52	1E-3
79097	18	-3.52	1E-3
79117	18	-3.52	1E-3
79137	17.8	-3.52	1E-3
79157	17.7	-3.52	1E-3
79177	17.7	-3.52	1E-3
79197	17.8	-3.52	1E-3
79217	17.8	-3.52	1E-3
79237	17.8	-3.52	1E-3
79257	17.7	-3.52	1E-3
79277	18	-3.52	1E-3
79297	17.7	-3.52	1E-3
79317	17.7	-3.52	1E-3
79337	17.7	-3.52	1E-3
79357	17.8	-3.52	1E-3
79377	17.8	-3.52	1E-3
79397	17.8	-3.52	1E-3
79418	17.8	-3.52	1E-3
79442	17.8	-3.52	1E-3
79463	17.7	-3.52	1E-3
79483	17.7	-3.52	1E-3
79503	17.7	-3.52	1E-3
79523	17.8	-3.52	1E-3
79543	17.8	-3.52	1E-3
79563	17.7	-3.52	1E-3
79583	17.7	-3.52	1E-3
79603	17.7	-3.52	1E-3
79623	17.7	-3.52	1E-3
79643	17.7	-3.52	1E-3
79663	17.8	-3.52	1E-3
79683	17.8	-3.52	1E-3
79703	17.7	-3.52	1E-3
79723	17.8	-3.52	1E-3
79743	18	-3.52	1E-3
79763	17.3	-3.52	1E-3
79783	17.8	-3.52	1E-3
79803	17.7	-3.52	1E-3
79823	17.5	-3.52	1E-3
79843	17.5	-3.52	1E-3
79863	17.8	-3.52	1E-3
79883	17.7	-3.52	1E-3
79903	17.5	-3.52	1E-3
79923	17.7	-3.52	1E-3
79943	17.7	-3.52	1E-3
79963	17.7	-3.52	1E-3
79983	18	-3.52	1E-3
80003	18	-3.52	1E-3
80023	18	-3.52	1E-3
80043	17.7	-3.52	1E-3
80063	17.8	-3.52	1E-3
80083	17.7	-3.52	1E-3
80103	17.8	-3.52	1E-3
80123	17.7	-3.52	1E-3
80144	17.7	-3.52	1E-3
80168	18	-3.52	1E-3
80189	17.7	-3.52	1E-3
80209	17.7	-3.52	1E-3
80229	17.7	-3.52	1E-3
80249	17.8	-3.52	1E-3
80269	17.5	-3.52	1E-3
80289	17.5	-3.52	1E-3
80309	17.8	-3.52	1E-3
80329	17.7	-3.52	1E-3
80349	17.8	-3.52	1E-3
80369	17.8	-3.52	1E-3
80389	17.7	-3.52	1E-3
80409	17.7	-3.52	1E-3
80429	17.7	-3.52	1E-3
80449	17.7	-3.52	1E-3
80469	17.5	-3.52	1E-3
80489	17.7	-3.52	1E-3
80509	17.7	-3.52	1E-3
80529	17.3	-3.52	1E-3
80549	17.7	-3.52	1E-3
80569	17.8	-3.52	1E-3
80589	17.7	-3.52	1E-3
80609	17.7	-3.52	1E-3
80629	17.8	-3.52	1E-3
80649	17.1	-3.52	1E-3
80669	17.7	-3.52	1E-3
80689	17.7	-3.52	1E-3
80709	17.5	-3.52	1E-3
80729	17.7	-3.52	1E-3
80749	17.5	-3.52	1E-3
80769	17.7	-3.52	1E-3
80789	17.7	-3.52	1E-3
80809	17.7	-3.52	1E-3
80829	17.5	-3.52	1E-3
80849	17.5	-3.52	1E-3
80869	17.8	-3.52	1E-3
80889	17.5	-3.52	1E-3
80909	17.3	-3.52	1E-3
80929	17.7	-3.52	1E-3
80949	17.7	-3.52	1E-3
80969	17.7	-3.52	1E-3
80989	17.5	-3.52	1E-3
81009	17.5	-3.52	1E-3
81029	17.5	-3.52	1E-3
81049	17.5	-3.52	1E-3
81069	17.8	-3.52	1E-3
81089	17.7	-3.52	1E-3
81109	17.7	-3.52	1E-3
81130	17.7	-3.52	1E-3
81150	17.7	-3.52	1E-3
81170	17.7	-3.52	1E-3
81190	17.5	-3.52	1E-3
81210	17.8	-3.52	1E-3
81230	17.7	-3.52	1E-3
81250	17.5	-3.52	1E-3
81270	17.5	-3.52	1E-3
81290	17.8	-3.52	1E-3
81310	17.8	-3.52	1E-3
81330	17.7	-3.52	1E-3
81350	17.7	-3.52	1E-3
81370	17.8	-3.52	1E-3
81390	17.7	-3.52	1E-3
81410	17.8	-3.52	1E-3
81430	17.8	-3.52	1E-3
81450	17.7	-3.52	1E-3
81470	17.5	-3.52	1E-3
81490	17.7	-3.52	1E-3
81510	17.3	-3.52	1E-3
81530	17.5	-3.52	1E-3
81550	17.7	-3.52	1E-3
81570	17.7	-3.52	1E-3
81590	17.5	-3.52	1E-3
81610	17.5	-3.52	1E-3
81630	17.5	-3.52	1E-3
81650	17.7	-3.52	1E-3
81670	17.7	-3.52	1E-3
81690	17.7	-3.52	1E-3
81710	17.7	-3.52	1E-3
81730	17.5	-3.52	1E-3
81750	17.1	-3.52	1E-3
81770	17.7	-3.52	1E-3
81790	17.7	-3.52	1E-3
81810	17.7	-3.52	1E-3
81830	17.3	-3.52	1E-3
81850	17.5	-3.52	1E-3
81870	17.5	-3.52	1E-3
81890	17.5	-3.52	1E-3
81910	17.5	-3.52	1E-3
81930	17.7	-3.52	1E-3
81950	17.5	-3.52	1E-3
81971	17.5	-3.52	1E-3
81995	17.7	-3.52	1E-3
82015	17.5	-3.52	1E-3
82035	17.3	-3.52	1E-3
82055	17.7	-3.52	1E-3
82075	17.7	-3.52	1E-3
82096	17.7	-3.52	1E-3
82116	17.7	-3.52	1E-3
82136	17.7	-3.52	1E-3
82156	17.3	-3.52	1E-3
82176	17.8	-3.52	1E-3
82196	17.5	-3.52	1E-3
82216	17.8	-3.52	1E-3
82236	17.7	-3.52	1E-3
82256	17.7	-3.52	1E-3
82276	17.5	-3.52	1E-3
82296	17.8	-3.52	1E-3
82316	17.7	-3.52	1E-3
82336	17.5	-3.52	1E-3
82356	17.7	-3.52	1E-3
82376	17.8	-3.52	1E-3
82396	17.5	-3.52	1E-3
82416	17.3	-3.52	1E-3
82436	17.3	-3.52	1E-3
82456	17.7	-3.52	1E-3
82476	17.3	-3.52	1E-3
82496	17.7	-3.52	1E-3
82516	17.3	-3.52	1E-3
