0	18.7	0	1E-3
20	18.9	0	1E-3
40	18.7	0	1E-3
60	18.9	0	1E-3
80	19.1	0	1E-3
100	18.9	0	1E-3
121	18.9	0	1E-3
141	18.7	0	1E-3
161	18.7	0	1E-3
181	18.7	0	1E-3
201	18.7	0	1E-3
221	18.7	0	1E-3
241	18.5	0	1E-3
261	18.5	0	1E-3
281	18.7	0	1E-3
301	19.1	0	1E-3
321	19.1	0	1E-3
341	19.1	0	1E-3
361	18.9	0	1E-3
381	19.6	0	1E-3
401	19.8	-1E-3	1E-3
421	19.8	-1E-3	1E-3
441	20.1	-1E-3	1E-3
461	20.6	-1E-3	1E-3
481	20.6	-1E-3	1E-3
501	21.2	-1E-3	1E-3
521	21.2	-1E-3	1E-3
541	21.7	-1E-3	1E-3
561	22	-1E-3	1E-3
581	22	-0.002	1E-3
601	22.9	-0.002	1E-3
621	23.1	-0.002	1E-3
641	24	-0.002	1E-3
661	24.3	-0.002	1E-3
681	25	-0.002	1E-3
701	25.9	-0.002	1E-3
721	26.4	-0.003	1E-3
742	27	-0.003	1E-3
766	27.8	-0.003	1E-3
786	28.4	-0.003	1E-3
806	28.9	-0.003	1E-3
827	29.8	-0.003	1E-3
847	30.6	-0.003	1E-3
867	31.3	-0.003	1E-3
887	32	-0.004	1E-3
907	32.9	-0.004	1E-3
927	33.6	-0.004	1E-3
947	34.5	-0.004	1E-3
967	35	-0.004	1E-3
987	36.6	-0.004	1E-3
1007	37.1	-0.004	1E-3
1027	38.2	-0.004	1E-3
1047	39.6	-0.004	1E-3
1067	40.1	-0.004	1E-3
1087	41.1	-0.004	1E-3
1107	42.3	-0.005	1E-3
1128	43.4	-0.005	1E-3
1153	44.6	-0.005	1E-3
1173	45.7	-0.005	1E-3
1193	47.1	-0.005	1E-3
1213	48.5	-0.005	1E-3
1233	49.7	-0.005	1E-3
1253	50.8	-0.005	1E-3
1274	52	-0.005	1E-3
1298	53.4	-0.006	1E-3
1318	55	-0.006	1E-3
1339	56.4	-0.006	1E-3
1359	57.2	-0.006	1E-3
1379	58.8	-0.006	1E-3
1399	59.9	-0.006	1E-3
1419	61.3	-0.006	1E-3
1439	62.6	-0.007	1E-3
1459	64.1	-0.007	1E-3
1479	65.4	-0.007	1E-3
1499	66.7	-0.007	1E-3
1519	68.1	-0.007	1E-3
1539	69.3	-0.008	1E-3
1559	71	-0.008	1E-3
1579	72.3	-0.008	1E-3
1599	74.2	-0.009	1E-3
1619	75.8	-0.009	1E-3
1639	77	-0.01	1E-3
1660	78.9	-0.01	1E-3
1680	80.3	-0.011	1E-3
1700	82.4	-0.011	1E-3
1720	83.8	-0.012	1E-3
1740	85.6	-0.012	1E-3
1760	87	-0.013	1E-3
1780	88.9	-0.013	1E-3
1800	90.8	-0.014	1E-3
1820	92.6	-0.014	1E-3
1840	94.3	-0.015	1E-3
1860	95.7	-0.015	1E-3
1881	97.8	-0.016	1E-3
1901	99.4	-0.016	1E-3
1921	101.5	-0.017	1E-3
1941	103.4	-0.017	1E-3
1961	105.2	-0.017	1E-3
1981	106.9	-0.018	1E-3
2001	108.7	-0.018	1E-3
2021	110.8	-0.019	1E-3
2041	112.5	-0.019	1E-3
2061	115	-0.02	1E-3
2081	116.7	-0.02	1E-3
2101	118.5	-0.021	1E-3
2121	120.8	-0.021	1E-3
2141	122.5	-0.022	1E-3
2161	124.4	-0.022	1E-3
2181	126.2	-0.022	1E-3
2201	128.4	-0.023	1E-3
2221	130.6	-0.023	1E-3
2241	132.8	-0.023	1E-3
2261	134.9	-0.024	1E-3
2281	137.2	-0.024	1E-3
2301	139.1	-0.024	1E-3
2321	141.6	-0.025	1E-3
2341	143.5	-0.025	1E-3
2361	146	-0.025	1E-3
2381	148.2	-0.026	1E-3
2401	150.3	-0.026	1E-3
2421	151.7	-0.026	1E-3
2442	154.2	-0.026	1E-3
2462	156.4	-0.027	1E-3
2482	158.6	-0.027	1E-3
2502	160.5	-0.027	1E-3
2522	163.1	-0.028	1E-3
2542	165	-0.028	1E-3
2562	167.3	-0.028	1E-3
2582	169.4	-0.028	1E-3
2602	172.2	-0.029	1E-3
2622	174.1	-0.029	1E-3
2642	176.2	-0.029	1E-3
2662	178.3	-0.03	1E-3
2682	180.8	-0.03	1E-3
2702	182.5	-0.031	1E-3
2722	185.3	-0.031	1E-3
2742	187.4	-0.031	1E-3
2762	189.9	-0.032	1E-3
2782	192.1	-0.032	1E-3
2802	194.4	-0.032	1E-3
2822	196.9	-0.033	1E-3
2842	199.2	-0.033	1E-3
2862	201.6	-0.033	1E-3
2882	204.1	-0.034	1E-3
2902	206.7	-0.034	1E-3
2922	208.2	-0.034	1E-3
2943	210.5	-0.035	1E-3
2967	213.3	-0.035	1E-3
2987	215.6	-0.035	1E-3
3007	217.9	-0.035	1E-3
3027	220.7	-0.036	1E-3
3048	223.1	-0.036	1E-3
3068	225.4	-0.036	1E-3
3088	227.7	-0.036	1E-3
3108	230.1	-0.037	1E-3
3128	232.2	-0.037	1E-3
3148	234.7	-0.037	1E-3
3168	237.1	-0.037	1E-3
3188	239.2	-0.038	1E-3
3208	241.3	-0.038	1E-3
3228	243.9	-0.038	1E-3
3248	246.8	-0.038	1E-3
3268	249	-0.039	1E-3
3288	251.5	-0.039	1E-3
3308	253.9	-0.039	1E-3
3328	256.5	-0.04	1E-3
3348	259	-0.04	1E-3
3368	261.3	-0.04	1E-3
3388	263.7	-0.041	1E-3
3408	266.2	-0.041	1E-3
3429	268.8	-0.041	1E-3
3449	271.1	-0.042	1E-3
3469	273.3	-0.042	1E-3
3489	276	-0.043	1E-3
3509	278.6	-0.043	1E-3
3529	280.7	-0.043	1E-3
3549	283.3	-0.044	1E-3
3569	285.6	-0.044	1E-3
3589	287.9	-0.044	1E-3
3609	290.1	-0.045	1E-3
3629	292.6	-0.045	1E-3
3649	295.2	-0.045	1E-3
3669	297.7	-0.045	1E-3
3690	299.9	-0.046	1E-3
3710	302.8	-0.046	1E-3
3730	304.9	-0.046	1E-3
3750	307.5	-0.046	1E-3
3770	309.9	-0.047	1E-3
3790	312.4	-0.047	1E-3
3810	314.6	-0.047	1E-3
3830	317.1	-0.047	1E-3
3850	319.6	-0.047	1E-3
3870	322.2	-0.048	1E-3
3890	324.6	-0.048	1E-3
3910	327.4	-0.048	1E-3
3930	329.7	-0.048	1E-3
3950	332.3	-0.048	1E-3
3970	334.9	-0.049	1E-3
3990	337.2	-0.049	1E-3
4010	339.8	-0.049	1E-3
4030	342.1	-0.049	1E-3
4050	344.8	-0.05	1E-3
4070	347.4	-0.05	1E-3
4090	349.8	-0.05	1E-3
4110	352.4	-0.05	1E-3
4130	354.7	-0.05	1E-3
4150	357.2	-0.051	1E-3
4170	359.8	-0.051	1E-3
4190	362.3	-0.051	1E-3
4210	364.5	-0.051	1E-3
4230	367	-0.052	1E-3
4251	369.3	-0.052	1E-3
4271	371.9	-0.052	1E-3
4291	374.3	-0.052	1E-3
4311	377	-0.052	1E-3
4331	379.2	-0.053	1E-3
4351	381.9	-0.053	1E-3
4371	384.3	-0.053	1E-3
4392	386.9	-0.053	1E-3
4416	389.5	-0.054	1E-3
4436	392.2	-0.054	1E-3
4457	394.6	-0.054	1E-3
4477	397.1	-0.054	1E-3
4497	399.5	-0.055	1E-3
4518	402	-0.055	1E-3
4538	404.6	-0.055	1E-3
4563	407.8	-0.055	1E-3
4588	410.9	-0.056	1E-3
4612	413.7	-0.056	1E-3
4632	416.1	-0.056	1E-3
4653	418.8	-0.056	1E-3
4673	421.4	-0.057	1E-3
4693	423.8	-0.057	1E-3
4713	426.1	-0.057	1E-3
4734	429.1	-0.057	1E-3
4758	431.9	-0.058	1E-3
4779	434.5	-0.058	1E-3
4804	437.3	-0.058	1E-3
4824	439.8	-0.058	1E-3
4844	442.2	-0.059	1E-3
4864	444.9	-0.059	1E-3
4884	447.3	-0.059	1E-3
4904	449.8	-0.059	1E-3
4924	452	-0.06	1E-3
4944	454.3	-0.06	1E-3
4964	457.3	-0.06	1E-3
4984	459.2	-0.061	1E-3
5004	461.5	-0.061	1E-3
5024	463.7	-0.061	1E-3
5044	466.2	-0.062	1E-3
5064	468.5	-0.062	1E-3
5084	470.9	-0.062	1E-3
5104	473.4	-0.063	1E-3
5125	475.7	-0.063	1E-3
5145	478.1	-0.063	1E-3
5165	480.5	-0.064	1E-3
5185	483.2	-0.064	1E-3
5205	485.4	-0.064	1E-3
5225	487.6	-0.065	1E-3
5245	489.8	-0.065	1E-3
5265	492.1	-0.065	1E-3
5285	494.6	-0.066	1E-3
5305	496.8	-0.066	1E-3
5326	499.3	-0.066	1E-3
5346	501.7	-0.067	1E-3
5366	504	-0.067	1E-3
5386	506.8	-0.068	1E-3
5406	509.1	-0.068	1E-3
5426	511.2	-0.069	1E-3
5446	513.3	-0.069	1E-3
5466	516.1	-0.07	1E-3
5486	517.8	-0.07	1E-3
5506	520.3	-0.071	1E-3
5526	522.7	-0.072	1E-3
5546	525.2	-0.072	1E-3
5566	527.5	-0.073	1E-3
5586	529.9	-0.073	1E-3
5606	532.2	-0.074	1E-3
5626	534.5	-0.074	1E-3
5646	536.9	-0.075	1E-3
5666	539.2	-0.076	1E-3
5686	541.5	-0.076	1E-3
5707	544.1	-0.076	1E-3
5727	546.2	-0.077	1E-3
5747	548.5	-0.078	1E-3
5767	550.9	-0.078	1E-3
5787	553.5	-0.079	1E-3
5807	555.8	-0.08	1E-3
5827	557.9	-0.081	1E-3
5847	559.8	-0.082	1E-3
5867	562.1	-0.082	1E-3
5887	564.5	-0.083	1E-3
5907	566.5	-0.084	1E-3
5927	568.9	-0.085	1E-3
5947	571.2	-0.086	1E-3
5967	573.5	-0.086	1E-3
5987	575.8	-0.087	1E-3
6008	578	-0.088	1E-3
6028	580.1	-0.088	1E-3
6048	582.2	-0.089	1E-3
6068	584.5	-0.09	1E-3
6088	586.6	-0.091	1E-3
6108	589	-0.092	1E-3
6128	591	-0.093	1E-3
6149	593.6	-0.094	1E-3
6169	595.9	-0.095	1E-3
6189	598	-0.096	1E-3
6209	600.1	-0.097	1E-3
6229	602.3	-0.097	1E-3
6249	604.5	-0.098	1E-3
6269	606.5	-0.099	1E-3
6289	609	-0.1	1E-3
6309	611.1	-0.101	1E-3
6329	613.2	-0.102	1E-3
6349	615.5	-0.103	1E-3
6369	617.9	-0.104	1E-3
6390	620.2	-0.105	1E-3
6410	622.5	-0.106	1E-3
6430	624.4	-0.107	1E-3
6450	626.5	-0.108	1E-3
6471	628.9	-0.11	1E-3
6495	631.2	-0.112	1E-3
6515	633.5	-0.113	1E-3
6535	635.8	-0.114	1E-3
6555	638	-0.115	1E-3
6576	640.5	-0.117	1E-3
6596	642.4	-0.118	1E-3
6616	644.9	-0.119	1E-3
6636	647.2	-0.121	1E-3
6656	649.3	-0.123	1E-3
6676	651.4	-0.124	1E-3
6696	653.8	-0.126	1E-3
6716	655.7	-0.127	1E-3
6736	658	-0.128	1E-3
6756	660.1	-0.13	1E-3
6776	662.2	-0.132	1E-3
6796	664.3	-0.133	1E-3
6816	666.4	-0.135	1E-3
6836	668.7	-0.137	1E-3
6856	670.8	-0.139	1E-3
6876	673	-0.14	1E-3
6896	675.2	-0.142	1E-3
6917	677.3	-0.144	1E-3
6937	679	-0.146	1E-3
6957	681.1	-0.148	1E-3
6977	683.4	-0.15	1E-3
6997	685.3	-0.153	1E-3
7017	687.6	-0.155	1E-3
7037	689.8	-0.157	1E-3
7057	692.1	-0.16	1E-3
7077	694.2	-0.163	1E-3
7097	696	-0.165	1E-3
7117	698.6	-0.168	1E-3
7137	700.5	-0.17	1E-3
7157	702.5	-0.174	1E-3
7177	704.5	-0.177	1E-3
7197	706.5	-0.18	1E-3
7217	708.8	-0.183	1E-3
7237	710.8	-0.186	1E-3
7257	713	-0.19	1E-3
7278	715.2	-0.194	1E-3
7298	717.5	-0.197	1E-3
7318	719.3	-0.202	1E-3
7338	721.5	-0.206	1E-3
7358	723.6	-0.21	1E-3
7378	725.4	-0.215	1E-3
7398	727.5	-0.219	1E-3
7418	729.4	-0.224	1E-3
7438	731.7	-0.228	1E-3
7458	733.9	-0.234	1E-3
7478	736.1	-0.239	1E-3
7498	738.3	-0.246	1E-3
7518	740.2	-0.251	1E-3
7541	742.7	-0.257	1E-3
7563	745.2	-0.264	1E-3
7583	747.4	-0.27	1E-3
7603	749.4	-0.277	1E-3
7631	752	-0.285	1E-3
7654	754.4	-0.295	1E-3
7674	756.7	-0.302	1E-3
7694	759.2	-0.31	1E-3
7714	760.9	-0.318	1E-3
7734	763.2	-0.326	1E-3
7754	765.3	-0.334	1E-3
7774	767.2	-0.342	1E-3
7794	769.6	-0.351	1E-3
7814	771.4	-0.359	1E-3
7834	773.5	-0.368	1E-3
7854	775.3	-0.378	1E-3
7874	777.2	-0.386	1E-3
7894	779.3	-0.396	1E-3
7914	781.4	-0.406	1E-3
7934	783.3	-0.415	1E-3
7954	785.8	-0.425	1E-3
7974	787.8	-0.435	1E-3
7994	789.8	-0.445	1E-3
8014	792	-0.455	1E-3
8034	794.2	-0.465	1E-3
8055	795.5	-0.475	1E-3
8075	797.7	-0.486	1E-3
8095	799.6	-0.497	1E-3
8115	801.7	-0.507	1E-3
8135	803.8	-0.518	1E-3
8155	805.7	-0.529	1E-3
8175	807.8	-0.54	1E-3
8196	810.3	-0.551	1E-3
8220	812.7	-0.566	1E-3
8240	814.8	-0.577	1E-3
8260	816.7	-0.587	1E-3
8280	818.5	-0.599	1E-3
8300	820.4	-0.611	1E-3
8320	822.8	-0.622	1E-3
8340	825	-0.634	1E-3
8360	826.9	-0.646	1E-3
8380	828.6	-0.657	1E-3
8400	831.1	-0.669	1E-3
8420	833	-0.681	1E-3
8441	835.3	-0.693	1E-3
8465	837.5	-0.707	1E-3
8486	839.5	-0.719	1E-3
8506	841.4	-0.731	1E-3
8526	843.7	-0.743	1E-3
8546	845.8	-0.755	1E-3
8566	847.5	-0.767	1E-3
8586	849.8	-0.779	1E-3
8606	851.9	-0.791	1E-3
8626	854	-0.803	1E-3
8646	856.3	-0.815	1E-3
8666	858	-0.827	1E-3
8686	860.3	-0.839	1E-3
8706	862.2	-0.852	1E-3
8726	864.2	-0.864	1E-3
8746	866.3	-0.876	1E-3
8766	868.3	-0.888	1E-3
8786	870.6	-0.9	1E-3
8806	872.5	-0.912	1E-3
8826	874.7	-0.925	1E-3
8846	876.8	-0.936	1E-3
8866	878.9	-0.947	1E-3
8886	880.6	-0.959	1E-3
8906	882.5	-0.971	1E-3
8926	884.6	-0.983	1E-3
8947	886.9	-0.995	1E-3
8967	888.6	-1.006	1E-3
8987	890.8	-1.018	1E-3
9007	892.5	-1.029	1E-3
9027	894.8	-1.041	1E-3
9047	897	-1.053	1E-3
9067	899	-1.064	1E-3
9087	900.9	-1.075	1E-3
9107	903.2	-1.087	1E-3
9127	905.3	-1.098	1E-3
9147	907.2	-1.109	1E-3
9167	909.1	-1.12	1E-3
9187	911.1	-1.131	1E-3
9207	913.1	-1.142	1E-3
9227	915.1	-1.154	1E-3
9247	917.2	-1.165	1E-3
9267	919.3	-1.176	1E-3
9287	921.5	-1.186	1E-3
9307	923.1	-1.197	1E-3
9327	925.4	-1.208	1E-3
9347	927.5	-1.219	1E-3
9367	929.2	-1.229	1E-3
9387	931.5	-1.24	1E-3
9408	933.3	-1.25	1E-3
9428	935.2	-1.261	1E-3
9448	937.7	-1.271	1E-3
9468	939.2	-1.282	1E-3
9488	941.5	-1.292	1E-3
9508	943.9	-1.302	1E-3
9528	945.7	-1.313	1E-3
9548	948	-1.323	1E-3
9568	949.9	-1.332	1E-3
9588	952	-1.342	1E-3
9608	953.8	-1.352	1E-3
9628	956	-1.363	1E-3
9648	957.8	-1.372	1E-3
9668	959.7	-1.382	1E-3
9688	962	-1.391	1E-3
9708	963.7	-1.401	1E-3
9728	966	-1.41	1E-3
9748	968.3	-1.42	1E-3
9768	970.4	-1.429	1E-3
9788	972.5	-1.439	1E-3
9808	974.7	-1.448	1E-3
9828	976.3	-1.458	1E-3
9848	978.4	-1.467	1E-3
9868	980.5	-1.476	1E-3
9888	982.8	-1.486	1E-3
9908	984.7	-1.495	1E-3
9928	986.7	-1.504	1E-3
9948	988.8	-1.514	1E-3
9968	990.9	-1.523	1E-3
9989	993.1	-1.532	1E-3
10009	994.9	-1.541	1E-3
10029	997.3	-1.55	1E-3
10049	998.9	-1.559	1E-3
10069	1001	-1.568	1E-3
10089	1003.1	-1.577	1E-3
10109	1005	-1.586	1E-3
10129	1007.3	-1.595	1E-3
10149	1009.1	-1.604	1E-3
10169	1011	-1.612	1E-3
10189	1013.1	-1.621	1E-3
10209	1015.4	-1.629	1E-3
10229	1017.6	-1.638	1E-3
10249	1019.5	-1.647	1E-3
10269	1021.7	-1.656	1E-3
10289	1023.7	-1.664	1E-3
10309	1025.5	-1.673	1E-3
10329	1027.3	-1.681	1E-3
10349	1029.5	-1.69	1E-3
10369	1031.6	-1.698	1E-3
10389	1033.7	-1.706	1E-3
10409	1035.8	-1.715	1E-3
10429	1037.8	-1.724	1E-3
10449	1039.8	-1.732	1E-3
10469	1042	-1.74	1E-3
10489	1044.1	-1.748	1E-3
10509	1046.2	-1.756	1E-3
10529	1047.9	-1.765	1E-3
10549	1049.8	-1.773	1E-3
10569	1051.8	-1.781	1E-3
10589	1054.2	-1.788	1E-3
10609	1056.3	-1.796	1E-3
10629	1058.4	-1.805	1E-3
10649	1060.2	-1.812	1E-3
10670	1062.3	-1.82	1E-3
10690	1064.5	-1.827	1E-3
10710	1066.4	-1.836	1E-3
10730	1068.7	-1.844	1E-3
10750	1070.3	-1.851	1E-3
10770	1072.8	-1.858	1E-3
10790	1074.3	-1.866	1E-3
10810	1076.8	-1.874	1E-3
10830	1078.5	-1.881	1E-3
10850	1080.8	-1.888	1E-3
10873	1083.1	-1.896	1E-3
10897	1085.5	-1.905	1E-3
10917	1088	-1.913	1E-3
10937	1089.9	-1.92	1E-3
10957	1091.7	-1.927	1E-3
10977	1094.1	-1.934	1E-3
10997	1096	-1.941	1E-3
11017	1098	-1.948	1E-3
11037	1100.2	-1.955	1E-3
11057	1102.5	-1.962	1E-3
11078	1104.3	-1.969	1E-3
11102	1107.1	-1.978	1E-3
11123	1109.3	-1.984	1E-3
11143	1111.6	-1.991	1E-3
11163	1113.5	-1.998	1E-3
11183	1115.5	-2.005	1E-3
11203	1117.4	-2.011	1E-3
11223	1119.5	-2.018	1E-3
11243	1121.2	-2.024	1E-3
11263	1123.5	-2.031	1E-3
11283	1125.6	-2.037	1E-3
11303	1128	-2.044	1E-3
11323	1130	-2.049	1E-3
11343	1132.1	-2.056	1E-3
11363	1133.8	-2.062	1E-3
11383	1135.9	-2.068	1E-3
11403	1137.8	-2.074	1E-3
11423	1139.6	-2.08	1E-3
11443	1142.1	-2.086	1E-3
11463	1143.8	-2.092	1E-3
11483	1146.1	-2.098	1E-3
11503	1148.2	-2.104	1E-3
11524	1150.3	-2.109	1E-3
11544	1152.4	-2.115	1E-3
11564	1154.5	-2.121	1E-3
11584	1156.8	-2.126	1E-3
11604	1158.5	-2.131	1E-3
11624	1160.4	-2.137	1E-3
11644	1162.7	-2.143	1E-3
11664	1164.8	-2.148	1E-3
11684	1166.9	-2.154	1E-3
11704	1169	-2.159	1E-3
11724	1171.3	-2.165	1E-3
11744	1172.8	-2.169	1E-3
11764	1175.1	-2.175	1E-3
11784	1177.4	-2.18	1E-3
11804	1179.5	-2.185	1E-3
11824	1181.6	-2.19	1E-3
11844	1183.2	-2.195	1E-3
11864	1185.4	-2.2	1E-3
11884	1187.6	-2.205	1E-3
11904	1189.8	-2.209	1E-3
11925	1191.6	-2.215	1E-3
11945	1194	-2.219	1E-3
11965	1195.9	-2.224	1E-3
11985	1198.2	-2.228	1E-3
12005	1200.2	-2.233	1E-3
12025	1202.1	-2.238	1E-3
12045	1204.3	-2.243	1E-3
12065	1206.3	-2.247	1E-3
12085	1208.4	-2.251	1E-3
12105	1210.7	-2.256	1E-3
12125	1212.6	-2.26	1E-3
12145	1214.7	-2.264	1E-3
12165	1216.6	-2.268	1E-3
12185	1219.1	-2.273	1E-3
12205	1221	-2.277	1E-3
12225	1223.3	-2.281	1E-3
12245	1225.5	-2.285	1E-3
12265	1227.3	-2.288	1E-3
12285	1229.4	-2.292	1E-3
12305	1231.3	-2.297	1E-3
12325	1233.6	-2.3	1E-3
12345	1235.8	-2.304	1E-3
12365	1238.1	-2.307	1E-3
12385	1240	-2.311	1E-3
12406	1241.8	-2.315	1E-3
12426	1244.1	-2.318	1E-3
12446	1246.5	-2.322	1E-3
12466	1248.3	-2.326	1E-3
12486	1250.2	-2.329	1E-3
12506	1252.5	-2.332	1E-3
12526	1254.4	-2.336	1E-3
12546	1256.8	-2.339	1E-3
12566	1258.6	-2.342	1E-3
12586	1260.7	-2.345	1E-3
12607	1263.2	-2.348	1E-3
12627	1265.1	-2.352	1E-3
12647	1267.2	-2.355	1E-3
12667	1269.5	-2.358	1E-3
12688	1271.4	-2.361	1E-3
12712	1273.7	-2.365	1E-3
12732	1275.8	-2.368	1E-3
12752	1277.8	-2.37	1E-3
12772	1280	-2.373	1E-3
12792	1282.4	-2.376	1E-3
12813	1284.5	-2.379	1E-3
12833	1286.6	-2.382	1E-3
12854	1288.7	-2.384	1E-3
12878	1291.3	-2.388	1E-3
12899	1293.4	-2.391	1E-3
12924	1295.9	-2.394	1E-3
12944	1298.2	-2.396	1E-3
12964	1300.3	-2.399	1E-3
12984	1302.5	-2.401	1E-3
13004	1304.5	-2.404	1E-3
13024	1306.6	-2.406	1E-3
13044	1308.3	-2.408	1E-3
13064	1310.6	-2.41	1E-3
13084	1312.7	-2.413	1E-3
13104	1315.1	-2.415	1E-3
13124	1317.1	-2.417	1E-3
13145	1319	-2.42	1E-3
13170	1321.4	-2.422	1E-3
13190	1323.5	-2.424	1E-3
13210	1325.8	-2.426	1E-3
13230	1328.1	-2.428	1E-3
13250	1330.2	-2.43	1E-3
13270	1332.1	-2.433	1E-3
13290	1334	-2.435	1E-3
13310	1336.3	-2.437	1E-3
13330	1338.4	-2.438	1E-3
13350	1340.5	-2.44	1E-3
13370	1342.4	-2.442	1E-3
13390	1344.3	-2.445	1E-3
13410	1346.4	-2.446	1E-3
13430	1348.4	-2.448	1E-3
13450	1350.7	-2.449	1E-3
13470	1352.6	-2.451	1E-3
13490	1354.7	-2.453	1E-3
13510	1356.9	-2.455	1E-3
13530	1358.9	-2.456	1E-3
13550	1360.8	-2.458	1E-3
13570	1363.3	-2.459	1E-3
13590	1365	-2.461	1E-3
13610	1367.1	-2.463	1E-3
13631	1369.2	-2.464	1E-3
13656	1371.8	-2.466	1E-3
13676	1373.8	-2.467	1E-3
13700	1376.2	-2.469	1E-3
13721	1378.1	-2.471	1E-3
13741	1380.4	-2.472	1E-3
13761	1382.5	-2.474	1E-3
13781	1384.1	-2.475	1E-3
13836	1372.9	-2.482	1E-3
13856	1381.1	-2.479	1E-3
13876	1382.3	-2.481	1E-3
13896	1380.2	-2.483	1E-3
13916	1377.1	-2.484	1E-3
13936	1373.1	-2.486	1E-3
13957	1368.5	-2.486	1E-3
13977	1364	-2.487	1E-3
13997	1358.4	-2.487	1E-3
14017	1352.6	-2.488	1E-3
14037	1347	-2.488	1E-3
14057	1341.2	-2.489	1E-3
14077	1335.4	-2.489	1E-3
14097	1329.3	-2.489	1E-3
14117	1323	-2.49	1E-3
14137	1316.9	-2.49	1E-3
14157	1310.4	-2.49	1E-3
14177	1303.8	-2.491	1E-3
14201	1296.8	-2.491	1E-3
14222	1289.9	-2.491	1E-3
14243	1283.4	-2.492	1E-3
14263	1277.2	-2.492	1E-3
14286	1270.2	-2.492	1E-3
14308	1263.2	-2.493	1E-3
14328	1257	-2.493	1E-3
14348	1250.9	-2.494	1E-3
14368	1244.8	-2.494	1E-3
14388	1238.6	-2.494	1E-3
14408	1232.3	-2.495	1E-3
14428	1226.2	-2.495	1E-3
14448	1220.1	-2.495	1E-3
14468	1214	-2.496	1E-3
14488	1207.7	-2.496	1E-3
14508	1201.7	-2.496	1E-3
14528	1195.3	-2.497	1E-3
14549	1189.3	-2.497	1E-3
14569	1183.4	-2.497	1E-3
14589	1177.2	-2.497	1E-3
14609	1170.9	-2.498	1E-3
14629	1165.2	-2.498	1E-3
14649	1158.9	-2.498	1E-3
14669	1152.6	-2.499	1E-3
14689	1146.6	-2.499	1E-3
14709	1140.6	-2.499	1E-3
14729	1134.7	-2.5	1E-3
14749	1128.8	-2.5	1E-3
14769	1122.8	-2.5	1E-3
14789	1117	-2.5	1E-3
14810	1110.9	-2.501	1E-3
14834	1103.4	-2.501	1E-3
14854	1096.9	-2.502	1E-3
14874	1091.1	-2.502	1E-3
14895	1085	-2.502	1E-3
14915	1078.9	-2.502	1E-3
14935	1073.3	-2.503	1E-3
14955	1067.2	-2.503	1E-3
14975	1061.2	-2.503	1E-3
14995	1055.3	-2.504	1E-3
15015	1049.5	-2.504	1E-3
15035	1043.7	-2.504	1E-3
15055	1037.8	-2.504	1E-3
15075	1032.2	-2.505	1E-3
15095	1026.7	-2.505	1E-3
15116	1021	-2.505	1E-3
15136	1015.7	-2.506	1E-3
15156	1010.3	-2.506	1E-3
15176	1005	-2.506	1E-3
15196	999.8	-2.506	1E-3
15216	994.5	-2.506	1E-3
15236	989.5	-2.507	1E-3
15256	984.5	-2.507	1E-3
15276	979.3	-2.507	1E-3
15296	974.4	-2.508	1E-3
15316	969.3	-2.508	1E-3
15336	964.8	-2.508	1E-3
15357	959.9	-2.508	1E-3
15377	955	-2.509	1E-3
15397	950.3	-2.509	1E-3
15417	945.5	-2.509	1E-3
15437	941.2	-2.51	1E-3
15457	936.6	-2.51	1E-3
15477	932	-2.51	1E-3
15497	927.7	-2.511	1E-3
15517	923.3	-2.511	1E-3
15538	918.7	-2.511	1E-3
15562	913.7	-2.512	1E-3
15583	909.5	-2.512	1E-3
15603	905.1	-2.512	1E-3
15624	900.9	-2.513	1E-3
15648	896	-2.513	1E-3
15668	892.2	-2.513	1E-3
15688	888.1	-2.514	1E-3
15709	883.9	-2.514	1E-3
15729	880.3	-2.514	1E-3
15749	876.4	-2.514	1E-3
15769	872.5	-2.515	1E-3
15789	868.7	-2.515	1E-3
15809	864.8	-2.515	1E-3
15830	861	-2.515	1E-3
15854	856.1	-2.516	1E-3
15874	852.4	-2.516	1E-3
15894	848.9	-2.516	1E-3
15914	845.1	-2.516	1E-3
15934	841.4	-2.517	1E-3
15954	837.7	-2.517	1E-3
15975	834.2	-2.517	1E-3
15995	830.5	-2.517	1E-3
16015	827	-2.517	1E-3
16035	823.7	-2.518	1E-3
16055	820.4	-2.518	1E-3
16075	816.9	-2.518	1E-3
16095	813.4	-2.519	1E-3
16115	810.1	-2.519	1E-3
16135	806.8	-2.519	1E-3
16155	803.4	-2.519	1E-3
16175	800.3	-2.52	1E-3
16195	797.1	-2.52	1E-3
16215	793.6	-2.52	1E-3
16236	790.3	-2.521	1E-3
16256	787.1	-2.521	1E-3
16276	784.2	-2.521	1E-3
16296	780.8	-2.522	1E-3
16316	777.9	-2.522	1E-3
16336	774.7	-2.522	1E-3
16356	771.8	-2.522	1E-3
16376	768.6	-2.523	1E-3
16396	765.6	-2.523	1E-3
16416	762.5	-2.523	1E-3
16436	759.5	-2.524	1E-3
16456	756.7	-2.524	1E-3
16476	753.6	-2.524	1E-3
16496	750.6	-2.524	1E-3
16516	747.4	-2.525	1E-3
16536	744.3	-2.525	1E-3
16556	741.3	-2.525	1E-3
16576	738.5	-2.525	1E-3
16596	735.7	-2.526	1E-3
16616	732.7	-2.526	1E-3
16636	730.1	-2.526	1E-3
16656	727.1	-2.526	1E-3
16676	724	-2.526	1E-3
16696	721.4	-2.527	1E-3
16716	718.4	-2.527	1E-3
16736	715.8	-2.527	1E-3
16756	713	-2.527	1E-3
16777	710.3	-2.527	1E-3
16801	707.2	-2.528	1E-3
16821	704.4	-2.528	1E-3
16842	701.6	-2.528	1E-3
16862	699	-2.528	1E-3
16882	696.3	-2.528	1E-3
16902	693.3	-2.528	1E-3
16922	690.7	-2.529	1E-3
16942	688.3	-2.529	1E-3
16962	685.8	-2.529	1E-3
16982	683.4	-2.529	1E-3
17002	680.4	-2.53	1E-3
17022	678	-2.53	1E-3
17042	675.5	-2.53	1E-3
17062	672.9	-2.53	1E-3
17082	670.1	-2.531	1E-3
17102	668.1	-2.531	1E-3
17122	665.5	-2.531	1E-3
17142	663.1	-2.531	1E-3
17162	660.5	-2.531	1E-3
17182	658	-2.532	1E-3
17202	655.5	-2.532	1E-3
17222	652.9	-2.532	1E-3
17242	650.7	-2.532	1E-3
17262	648	-2.533	1E-3
17282	645.8	-2.533	1E-3
17302	643.3	-2.533	1E-3
17322	640.5	-2.533	1E-3
17342	638.6	-2.534	1E-3
17362	636.1	-2.534	1E-3
17382	633.9	-2.534	1E-3
17402	631.2	-2.534	1E-3
17423	628.9	-2.535	1E-3
17473	622.7	-2.535	1E-3
17493	620.5	-2.535	1E-3
17513	617.9	-2.535	1E-3
17533	615.5	-2.536	1E-3
17553	613.5	-2.536	1E-3
17573	611.3	-2.536	1E-3
17593	609.2	-2.536	1E-3
17613	606.9	-2.536	1E-3
17633	604.6	-2.536	1E-3
17653	602	-2.537	1E-3
17673	599.9	-2.537	1E-3
17693	597.8	-2.537	1E-3
17713	595.5	-2.537	1E-3
17733	593.4	-2.537	1E-3
17753	591	-2.538	1E-3
17773	589	-2.538	1E-3
17793	586.8	-2.538	1E-3
17814	584.8	-2.538	1E-3
17839	581.9	-2.538	1E-3
17859	580	-2.539	1E-3
17883	577.2	-2.539	1E-3
17904	575.1	-2.539	1E-3
17924	572.8	-2.539	1E-3
17944	570.8	-2.539	1E-3
17964	568.6	-2.539	1E-3
17984	566.5	-2.54	1E-3
18004	564.7	-2.54	1E-3
18024	562.6	-2.54	1E-3
18044	560.5	-2.54	1E-3
18064	558.6	-2.54	1E-3
18084	556.5	-2.541	1E-3
18104	554.4	-2.541	1E-3
18124	552.5	-2.541	1E-3
18144	550.2	-2.541	1E-3
18164	548.1	-2.541	1E-3
18184	546.3	-2.542	1E-3
18204	544.1	-2.542	1E-3
18224	542	-2.542	1E-3
18244	540	-2.542	1E-3
18264	538.1	-2.542	1E-3
18284	536.4	-2.543	1E-3
18304	534.1	-2.543	1E-3
18324	532	-2.543	1E-3
18344	530.1	-2.543	1E-3
18364	528.2	-2.543	1E-3
18384	526.2	-2.543	1E-3
18404	524.1	-2.543	1E-3
18424	522	-2.544	1E-3
18444	520.5	-2.544	1E-3
18464	518.5	-2.544	1E-3
18484	516.6	-2.544	1E-3
18504	514.8	-2.544	1E-3
18524	512.9	-2.544	1E-3
18544	511	-2.544	1E-3
18564	509.1	-2.545	1E-3
18584	507	-2.545	1E-3
18604	505	-2.545	1E-3
18624	503.5	-2.545	1E-3
18644	501.4	-2.545	1E-3
18664	499.3	-2.545	1E-3
18684	497.5	-2.546	1E-3
18704	495.6	-2.546	1E-3
18724	493.8	-2.546	1E-3
18744	492.1	-2.546	1E-3
18764	490.4	-2.546	1E-3
18784	488.8	-2.546	1E-3
18804	486.9	-2.546	1E-3
18824	485.1	-2.546	1E-3
18844	483.4	-2.546	1E-3
18864	481.6	-2.547	1E-3
18885	479.8	-2.547	1E-3
18905	477.9	-2.547	1E-3
18925	476	-2.547	1E-3
18945	474.1	-2.547	1E-3
18965	472.7	-2.547	1E-3
18985	470.8	-2.548	1E-3
19005	469	-2.548	1E-3
19025	467.1	-2.548	1E-3
19045	465.5	-2.548	1E-3
19065	464.1	-2.548	1E-3
19085	462.5	-2.548	1E-3
19105	460.8	-2.548	1E-3
19125	459	-2.548	1E-3
19145	457.3	-2.549	1E-3
19165	455.7	-2.549	1E-3
19185	454.1	-2.549	1E-3
19205	452.4	-2.549	1E-3
19225	450.6	-2.549	1E-3
19245	448.9	-2.549	1E-3
19265	447.3	-2.55	1E-3
19285	445.5	-2.55	1E-3
19305	444	-2.55	1E-3
19325	442.4	-2.55	1E-3
19345	440.8	-2.55	1E-3
19365	439.3	-2.55	1E-3
19385	437.5	-2.551	1E-3
19405	435.9	-2.551	1E-3
19426	434.2	-2.551	1E-3
19446	432.6	-2.551	1E-3
19466	430.9	-2.551	1E-3
19486	429.3	-2.551	1E-3
19506	427.5	-2.551	1E-3
19526	426	-2.552	1E-3
19546	424.4	-2.552	1E-3
19566	422.6	-2.552	1E-3
19586	421	-2.552	1E-3
19606	419.5	-2.552	1E-3
19626	418.1	-2.552	1E-3
19646	416.7	-2.552	1E-3
19666	415.1	-2.552	1E-3
19686	413.5	-2.553	1E-3
19706	412	-2.553	1E-3
19726	410.4	-2.553	1E-3
19746	408.6	-2.553	1E-3
19766	407.1	-2.553	1E-3
19786	405.5	-2.553	1E-3
19806	403.9	-2.553	1E-3
19826	402.5	-2.553	1E-3
19846	400.9	-2.554	1E-3
19866	399.5	-2.554	1E-3
19886	397.8	-2.554	1E-3
19906	396.5	-2.554	1E-3
19926	394.8	-2.554	1E-3
19946	393.6	-2.554	1E-3
19966	392.2	-2.554	1E-3
19986	390.6	-2.555	1E-3
20006	389.2	-2.555	1E-3
20026	387.8	-2.555	1E-3
20046	386	-2.555	1E-3
20067	385	-2.555	1E-3
20087	383.3	-2.555	1E-3
20107	382	-2.555	1E-3
20127	380.6	-2.555	1E-3
20147	379	-2.555	1E-3
20167	377.5	-2.555	1E-3
20187	376.1	-2.555	1E-3
20207	374.5	-2.556	1E-3
20227	373.5	-2.556	1E-3
20247	371.7	-2.556	1E-3
20267	370.3	-2.556	1E-3
20287	369.3	-2.556	1E-3
20307	367.7	-2.556	1E-3
20327	366.6	-2.556	1E-3
20347	365.2	-2.556	1E-3
20367	363.6	-2.556	1E-3
20387	362.3	-2.556	1E-3
20407	360.9	-2.556	1E-3
20427	359.6	-2.557	1E-3
20447	358.4	-2.557	1E-3
20467	356.8	-2.557	1E-3
20487	355.4	-2.557	1E-3
20507	354	-2.557	1E-3
20527	352.8	-2.557	1E-3
20547	351.4	-2.557	1E-3
20567	350.2	-2.557	1E-3
20587	349	-2.557	1E-3
20607	347.6	-2.557	1E-3
20627	346.2	-2.557	1E-3
20647	344.6	-2.557	1E-3
20667	343.4	-2.558	1E-3
20687	342.3	-2.558	1E-3
20707	340.7	-2.558	1E-3
20727	339.8	-2.558	1E-3
20747	338.3	-2.558	1E-3
20768	337	-2.558	1E-3
20788	335.6	-2.558	1E-3
20808	334.4	-2.558	1E-3
20828	333	-2.558	1E-3
20848	331.8	-2.558	1E-3
20868	330.8	-2.558	1E-3
20888	329.2	-2.559	1E-3
20908	327.8	-2.559	1E-3
20928	326.5	-2.559	1E-3
20948	325.1	-2.559	1E-3
20968	323.9	-2.559	1E-3
20988	322.7	-2.559	1E-3
21008	321.3	-2.559	1E-3
21028	320.3	-2.559	1E-3
21048	318.9	-2.559	1E-3
21068	317.8	-2.559	1E-3
21088	316.6	-2.56	1E-3
21108	315.4	-2.56	1E-3
21128	314.1	-2.56	1E-3
21148	312.9	-2.56	1E-3
21168	311.8	-2.56	1E-3
21188	310.6	-2.56	1E-3
21208	309.4	-2.56	1E-3
21228	308.4	-2.56	1E-3
21248	307	-2.561	1E-3
21268	305.9	-2.561	1E-3
21288	304.5	-2.561	1E-3
21308	303.3	-2.561	1E-3
21328	302.2	-2.561	1E-3
21348	300.8	-2.561	1E-3
21368	299.9	-2.561	1E-3
21388	298.5	-2.561	1E-3
21408	297.5	-2.561	1E-3
21428	296.1	-2.562	1E-3
21448	295.2	-2.562	1E-3
21468	294	-2.562	1E-3
21488	293	-2.562	1E-3
21508	291.7	-2.562	1E-3
21528	290.7	-2.562	1E-3
21548	289.8	-2.562	1E-3
21568	288.6	-2.562	1E-3
21588	287.7	-2.563	1E-3
21609	286.5	-2.563	1E-3
21629	285.4	-2.563	1E-3
21649	284.5	-2.563	1E-3
21669	283	-2.563	1E-3
21689	281.8	-2.563	1E-3
21709	280.7	-2.563	1E-3
21729	279.8	-2.563	1E-3
21749	278.6	-2.563	1E-3
21769	277.9	-2.563	1E-3
21789	276.3	-2.564	1E-3
21809	275.3	-2.564	1E-3
21829	274.6	-2.564	1E-3
21849	273.3	-2.564	1E-3
21869	272.1	-2.564	1E-3
21889	271.3	-2.564	1E-3
21909	270	-2.564	1E-3
21929	268.8	-2.564	1E-3
21949	268.1	-2.564	1E-3
21969	267.2	-2.564	1E-3
21989	266.2	-2.564	1E-3
22009	265.1	-2.565	1E-3
22029	263.9	-2.565	1E-3
22049	262.9	-2.565	1E-3
22069	262	-2.565	1E-3
22089	260.9	-2.565	1E-3
22109	259.9	-2.565	1E-3
22129	258.8	-2.565	1E-3
22149	257.8	-2.565	1E-3
22169	256.7	-2.565	1E-3
22189	255.7	-2.565	1E-3
22209	254.8	-2.565	1E-3
22229	253.4	-2.565	1E-3
22249	252.5	-2.565	1E-3
22269	251.5	-2.565	1E-3
22289	250.6	-2.566	1E-3
22309	249.4	-2.566	1E-3
22329	248.5	-2.566	1E-3
22349	247.5	-2.566	1E-3
22369	246.6	-2.566	1E-3
22389	245.4	-2.566	1E-3
22409	244.5	-2.566	1E-3
22429	243.4	-2.566	1E-3
22449	242.4	-2.566	1E-3
22469	241.7	-2.566	1E-3
22489	240.8	-2.566	1E-3
22509	239.6	-2.566	1E-3
22530	238.7	-2.566	1E-3
22550	238	-2.566	1E-3
22570	236.9	-2.566	1E-3
22590	235.9	-2.566	1E-3
22610	235	-2.567	1E-3
22630	234	-2.567	1E-3
22650	233.1	-2.567	1E-3
22670	232.1	-2.567	1E-3
22690	231	-2.567	1E-3
22710	230.3	-2.567	1E-3
22730	229.4	-2.567	1E-3
22750	228.2	-2.567	1E-3
22770	227.3	-2.567	1E-3
22790	226.4	-2.567	1E-3
22810	225.7	-2.567	1E-3
22830	224.7	-2.567	1E-3
22850	223.7	-2.567	1E-3
22870	222.8	-2.567	1E-3
22890	222.3	-2.567	1E-3
22910	221	-2.567	1E-3
22930	220.3	-2.568	1E-3
22950	219.1	-2.568	1E-3
22970	218.4	-2.568	1E-3
22990	218.1	-2.568	1E-3
23010	217	-2.568	1E-3
23030	216.1	-2.568	1E-3
23050	215.3	-2.568	1E-3
23070	214.4	-2.568	1E-3
23090	213.5	-2.568	1E-3
23110	212.6	-2.568	1E-3
23130	211.8	-2.568	1E-3
23150	210.9	-2.568	1E-3
23170	210.2	-2.568	1E-3
23190	209.5	-2.568	1E-3
23210	208.6	-2.568	1E-3
23230	207.7	-2.568	1E-3
23250	206.8	-2.568	1E-3
23270	206.3	-2.569	1E-3
23290	205.4	-2.569	1E-3
23310	204.6	-2.569	1E-3
23330	203.5	-2.569	1E-3
23350	202.5	-2.569	1E-3
23370	201.8	-2.569	1E-3
23390	200.9	-2.569	1E-3
23410	200	-2.569	1E-3
23430	199.3	-2.569	1E-3
23450	198.5	-2.569	1E-3
23470	197.6	-2.569	1E-3
23490	196.7	-2.569	1E-3
23510	196	-2.569	1E-3
23530	195.1	-2.569	1E-3
23550	194.3	-2.569	1E-3
23570	193.2	-2.569	1E-3
23590	192.7	-2.57	1E-3
23610	192	-2.57	1E-3
23630	191.1	-2.57	1E-3
23650	190.2	-2.57	1E-3
23671	189.3	-2.57	1E-3
23691	188.8	-2.57	1E-3
23711	188.5	-2.57	1E-3
23731	187.3	-2.57	1E-3
23751	186.6	-2.57	1E-3
23771	185.9	-2.57	1E-3
23791	185.2	-2.57	1E-3
23811	184.3	-2.57	1E-3
23831	183.8	-2.57	1E-3
23851	182.9	-2.57	1E-3
23871	182	-2.571	1E-3
23891	181.5	-2.571	1E-3
23911	180.4	-2.571	1E-3
23931	179.9	-2.571	1E-3
23951	179.4	-2.571	1E-3
23971	178.3	-2.571	1E-3
23991	177.5	-2.571	1E-3
24011	176.8	-2.571	1E-3
24031	176.2	-2.571	1E-3
24051	175.5	-2.571	1E-3
24071	174.8	-2.571	1E-3
24091	173.9	-2.571	1E-3
24111	173.3	-2.571	1E-3
24131	172.7	-2.572	1E-3
24151	171.8	-2.572	1E-3
24171	171.1	-2.572	1E-3
24191	170.4	-2.572	1E-3
24211	169.6	-2.572	1E-3
24231	169	-2.572	1E-3
24251	168.3	-2.572	1E-3
24271	167.8	-2.572	1E-3
24291	166.9	-2.572	1E-3
24311	166.4	-2.572	1E-3
24331	165.6	-2.572	1E-3
24351	164.9	-2.572	1E-3
24371	164.1	-2.572	1E-3
24391	163.4	-2.572	1E-3
24411	163.1	-2.573	1E-3
24431	162.4	-2.573	1E-3
24451	161.7	-2.573	1E-3
24471	161	-2.573	1E-3
24491	160.5	-2.573	1E-3
24511	159.8	-2.573	1E-3
24531	159.3	-2.573	1E-3
24551	158.7	-2.573	1E-3
24571	158	-2.573	1E-3
24591	157.1	-2.573	1E-3
24612	156.8	-2.573	1E-3
24632	156.3	-2.573	1E-3
24652	155.6	-2.573	1E-3
24672	154.9	-2.574	1E-3
24692	154.2	-2.574	1E-3
24712	153.3	-2.574	1E-3
24732	152.8	-2.574	1E-3
24752	152.1	-2.574	1E-3
24772	151.7	-2.574	1E-3
24792	151	-2.574	1E-3
24812	150.5	-2.574	1E-3
24832	149.8	-2.574	1E-3
24852	149.3	-2.574	1E-3
24872	148.6	-2.574	1E-3
24892	147.9	-2.574	1E-3
24912	147.4	-2.574	1E-3
24932	146.8	-2.574	1E-3
24952	146	-2.574	1E-3
24972	145.3	-2.574	1E-3
24992	144.9	-2.574	1E-3
25012	144.4	-2.575	1E-3
25032	143.5	-2.575	1E-3
25052	143.2	-2.575	1E-3
25072	142.5	-2.575	1E-3
25092	141.8	-2.575	1E-3
25112	141.1	-2.575	1E-3
25132	140.7	-2.575	1E-3
25152	140	-2.575	1E-3
25172	139.5	-2.575	1E-3
25192	138.8	-2.575	1E-3
25212	138.1	-2.575	1E-3
25232	137.6	-2.575	1E-3
25252	136.9	-2.575	1E-3
25272	136.3	-2.575	1E-3
25292	135.8	-2.575	1E-3
25312	135.1	-2.575	1E-3
25332	134.6	-2.575	1E-3
25352	134.1	-2.575	1E-3
25372	133.5	-2.576	1E-3
25392	132.8	-2.576	1E-3
25412	132.5	-2.576	1E-3
25432	131.8	-2.576	1E-3
25452	131.4	-2.576	1E-3
25472	130.7	-2.576	1E-3
25492	130.2	-2.576	1E-3
25512	129.7	-2.576	1E-3
25532	129.3	-2.576	1E-3
25552	129.1	-2.576	1E-3
25572	128.6	-2.576	1E-3
25592	127.9	-2.576	1E-3
25612	127.1	-2.576	1E-3
25633	127.1	-2.576	1E-3
25653	126.5	-2.576	1E-3
25673	125.8	-2.576	1E-3
25693	125.3	-2.576	1E-3
25713	124.8	-2.576	1E-3
25733	124.4	-2.577	1E-3
25753	123.7	-2.577	1E-3
25773	123	-2.577	1E-3
25793	122.8	-2.577	1E-3
25813	122.7	-2.577	1E-3
25833	121.8	-2.577	1E-3
25853	121.6	-2.577	1E-3
25873	120.9	-2.577	1E-3
25893	120.4	-2.577	1E-3
25913	119.5	-2.577	1E-3
25933	119.3	-2.577	1E-3
25953	118.7	-2.577	1E-3
25973	118.3	-2.577	1E-3
25993	118.1	-2.577	1E-3
26013	117.3	-2.577	1E-3
26033	117.1	-2.577	1E-3
26053	116.7	-2.577	1E-3
26073	115.7	-2.577	1E-3
26093	115.1	-2.577	1E-3
26113	114.8	-2.577	1E-3
26133	114.3	-2.577	1E-3
26153	113.7	-2.577	1E-3
26173	113.6	-2.577	1E-3
26193	113.4	-2.578	1E-3
26213	112.7	-2.578	1E-3
26233	112.2	-2.578	1E-3
26253	111.7	-2.578	1E-3
26273	111.3	-2.578	1E-3
26293	110.9	-2.578	1E-3
26313	110.6	-2.578	1E-3
26334	110.1	-2.578	1E-3
26354	109.6	-2.578	1E-3
26374	109	-2.578	1E-3
26394	108.7	-2.578	1E-3
26414	108.3	-2.578	1E-3
26434	107.6	-2.578	1E-3
26454	107.3	-2.578	1E-3
26474	106.9	-2.578	1E-3
26494	106.8	-2.578	1E-3
26514	106	-2.578	1E-3
26534	105.7	-2.578	1E-3
26554	105.5	-2.578	1E-3
26574	104.8	-2.578	1E-3
26594	104.5	-2.578	1E-3
26614	104.1	-2.578	1E-3
26634	103.9	-2.578	1E-3
26654	103.4	-2.578	1E-3
26674	103.1	-2.578	1E-3
26694	102.6	-2.579	1E-3
26714	102	-2.579	1E-3
26734	101.9	-2.579	1E-3
26754	101.3	-2.579	1E-3
26774	100.8	-2.579	1E-3
26794	100.3	-2.579	1E-3
26814	100.1	-2.579	1E-3
26834	99.7	-2.579	1E-3
26854	99.2	-2.579	1E-3
26874	98.9	-2.579	1E-3
26894	98.2	-2.579	1E-3
26914	98	-2.579	1E-3
26934	97.8	-2.579	1E-3
26954	97.5	-2.579	1E-3
26974	96.8	-2.579	1E-3
26994	96.6	-2.579	1E-3
27014	96.1	-2.579	1E-3
27034	95.9	-2.579	1E-3
27054	95.4	-2.579	1E-3
27074	94.7	-2.579	1E-3
27094	94.8	-2.579	1E-3
27114	94.3	-2.579	1E-3
27134	94	-2.579	1E-3
27154	93.8	-2.579	1E-3
27174	93.5	-2.579	1E-3
27194	92.9	-2.579	1E-3
27214	92.6	-2.58	1E-3
27234	92.1	-2.58	1E-3
27254	91.5	-2.58	1E-3
27274	91.2	-2.58	1E-3
27294	91	-2.58	1E-3
27314	90.5	-2.58	1E-3
27334	89.9	-2.58	1E-3
27354	89.8	-2.58	1E-3
27374	89.3	-2.58	1E-3
27394	89.1	-2.58	1E-3
27414	88.7	-2.58	1E-3
27434	88.2	-2.58	1E-3
27454	87.8	-2.58	1E-3
27474	87.5	-2.58	1E-3
27494	87.2	-2.58	1E-3
27514	86.8	-2.58	1E-3
27534	86.5	-2.58	1E-3
27554	86.1	-2.58	1E-3
27574	85.6	-2.58	1E-3
27594	85.4	-2.58	1E-3
27614	85.1	-2.58	1E-3
27634	84.9	-2.581	1E-3
27654	84.3	-2.581	1E-3
27674	84	-2.581	1E-3
27695	84.2	-2.581	1E-3
27715	83.3	-2.581	1E-3
27735	83.1	-2.581	1E-3
27755	82.3	-2.581	1E-3
27775	82.3	-2.581	1E-3
27795	81.7	-2.581	1E-3
27815	81.5	-2.581	1E-3
27835	81.2	-2.581	1E-3
27855	81.2	-2.581	1E-3
27875	80.5	-2.581	1E-3
27895	80.5	-2.581	1E-3
27915	80.2	-2.581	1E-3
27935	79.6	-2.581	1E-3
27955	79.3	-2.581	1E-3
27975	79.1	-2.581	1E-3
27995	78.9	-2.581	1E-3
28015	78.8	-2.581	1E-3
28035	78.4	-2.581	1E-3
28055	78.2	-2.581	1E-3
28075	77.9	-2.581	1E-3
28095	77.9	-2.581	1E-3
28115	77.3	-2.581	1E-3
28135	77.2	-2.581	1E-3
28155	76.8	-2.581	1E-3
28175	76.3	-2.582	1E-3
28195	76	-2.582	1E-3
28215	75.6	-2.582	1E-3
28235	75.4	-2.582	1E-3
28255	75.3	-2.582	1E-3
28275	74.7	-2.582	1E-3
28295	74.6	-2.582	1E-3
28315	74.4	-2.582	1E-3
28335	74.2	-2.582	1E-3
28355	74	-2.582	1E-3
28375	73.7	-2.582	1E-3
28396	73.3	-2.582	1E-3
28416	73	-2.582	1E-3
28436	72.6	-2.582	1E-3
28456	72.6	-2.582	1E-3
28476	72.1	-2.583	1E-3
28496	72.1	-2.583	1E-3
28516	71.4	-2.583	1E-3
28536	71.2	-2.583	1E-3
28556	71.2	-2.583	1E-3
28576	70.7	-2.583	1E-3
28596	70.3	-2.583	1E-3
28616	70.2	-2.583	1E-3
28636	69.8	-2.583	1E-3
28656	69.8	-2.583	1E-3
28676	69.5	-2.583	1E-3
28696	69.1	-2.583	1E-3
28716	69.1	-2.583	1E-3
28736	68.8	-2.583	1E-3
28756	68.8	-2.583	1E-3
28776	68.6	-2.583	1E-3
28796	68.4	-2.583	1E-3
28816	68.3	-2.583	1E-3
28836	67.9	-2.583	1E-3
28856	67.7	-2.583	1E-3
28876	67.5	-2.583	1E-3
28896	67.4	-2.583	1E-3
28916	66.8	-2.583	1E-3
28936	66.7	-2.583	1E-3
28956	66.5	-2.583	1E-3
28976	66.2	-2.583	1E-3
28996	66	-2.583	1E-3
29016	65.8	-2.583	1E-3
29036	65.3	-2.583	1E-3
29056	65.3	-2.583	1E-3
29076	65.1	-2.583	1E-3
29096	64.8	-2.583	1E-3
29116	64.6	-2.583	1E-3
29136	64.2	-2.583	1E-3
29156	64.4	-2.583	1E-3
29176	64.4	-2.583	1E-3
29196	64.1	-2.583	1E-3
29216	64.1	-2.583	1E-3
29236	63.9	-2.583	1E-3
29256	63.5	-2.583	1E-3
29276	63.3	-2.583	1E-3
29296	63.2	-2.583	1E-3
29316	62.8	-2.583	1E-3
29336	62.6	-2.583	1E-3
29356	62.5	-2.583	1E-3
29376	62.1	-2.583	1E-3
29396	61.8	-2.583	1E-3
29416	61.4	-2.583	1E-3
29436	61.8	-2.583	1E-3
29456	61.4	-2.583	1E-3
29476	60.9	-2.583	1E-3
29496	60.9	-2.583	1E-3
29516	60.6	-2.583	1E-3
29536	60.4	-2.583	1E-3
29557	60.2	-2.583	1E-3
29577	59.9	-2.583	1E-3
29597	59.9	-2.583	1E-3
29617	59.5	-2.583	1E-3
29637	59.2	-2.583	1E-3
29657	59.2	-2.583	1E-3
29677	58.8	-2.583	1E-3
29697	58.6	-2.583	1E-3
29717	58.6	-2.583	1E-3
29737	58.1	-2.583	1E-3
29757	58.1	-2.583	1E-3
29777	58.1	-2.583	1E-3
29797	58.1	-2.583	1E-3
29817	57.8	-2.583	1E-3
29837	57.6	-2.583	1E-3
29857	57.2	-2.583	1E-3
29877	57	-2.583	1E-3
29897	56.5	-2.583	1E-3
29917	56.5	-2.583	1E-3
29937	56.7	-2.583	1E-3
29957	56.2	-2.583	1E-3
29977	56.2	-2.583	1E-3
29997	55.8	-2.583	1E-3
30017	55.8	-2.583	1E-3
30037	55.5	-2.583	1E-3
30057	55.5	-2.583	1E-3
30077	55	-2.583	1E-3
30097	55	-2.583	1E-3
30117	54.8	-2.583	1E-3
30137	54.6	-2.583	1E-3
30157	54.4	-2.583	1E-3
30177	54.1	-2.583	1E-3
30197	54.1	-2.583	1E-3
30217	53.9	-2.583	1E-3
30237	53.7	-2.583	1E-3
30258	53.5	-2.583	1E-3
30283	53.4	-2.583	1E-3
30303	53.2	-2.583	1E-3
30323	53	-2.583	1E-3
30343	52.8	-2.583	1E-3
30363	52.7	-2.583	1E-3
30383	52.5	-2.583	1E-3
30403	52.3	-2.583	1E-3
30423	52.3	-2.583	1E-3
30443	51.8	-2.583	1E-3
30463	51.8	-2.583	1E-3
30483	51.6	-2.583	1E-3
30503	51.5	-2.583	1E-3
30523	51.5	-2.583	1E-3
30543	51.1	-2.583	1E-3
30563	51.1	-2.583	1E-3
30583	50.9	-2.583	1E-3
30603	50.8	-2.583	1E-3
30623	50.6	-2.583	1E-3
30643	50	-2.583	1E-3
30663	50	-2.583	1E-3
30683	50	-2.583	1E-3
30703	49.5	-2.583	1E-3
30723	49.5	-2.583	1E-3
30743	49.3	-2.583	1E-3
30763	49.3	-2.583	1E-3
30783	49.3	-2.583	1E-3
30803	49.3	-2.583	1E-3
30824	49	-2.583	1E-3
30844	48.8	-2.583	1E-3
30864	49	-2.583	1E-3
30884	48.6	-2.583	1E-3
30904	48.5	-2.583	1E-3
30924	48.3	-2.583	1E-3
30944	48.3	-2.583	1E-3
30964	48	-2.583	1E-3
30984	48.1	-2.583	1E-3
31004	48	-2.583	1E-3
31024	47.4	-2.583	1E-3
31044	47.4	-2.583	1E-3
31064	47.4	-2.583	1E-3
31084	47.3	-2.583	1E-3
31104	47.3	-2.583	1E-3
31124	47.1	-2.583	1E-3
31144	46.7	-2.583	1E-3
31164	46.9	-2.583	1E-3
31184	46.6	-2.583	1E-3
31204	46.4	-2.583	1E-3
31224	46.2	-2.583	1E-3
31244	46.2	-2.583	1E-3
31264	45.8	-2.583	1E-3
31284	45.8	-2.583	1E-3
31304	45.8	-2.583	1E-3
31324	45.5	-2.583	1E-3
31344	45.5	-2.583	1E-3
31364	45.1	-2.583	1E-3
31384	45.3	-2.583	1E-3
31404	45.1	-2.583	1E-3
31424	44.8	-2.583	1E-3
31444	44.6	-2.583	1E-3
31464	44.8	-2.583	1E-3
31484	44.3	-2.583	1E-3
31504	44.5	-2.583	1E-3
31524	44.3	-2.583	1E-3
31544	44.1	-2.583	1E-3
31564	43.9	-2.583	1E-3
31584	43.9	-2.583	1E-3
31605	43.6	-2.583	1E-3
31625	43.4	-2.583	1E-3
31645	43.6	-2.583	1E-3
31665	43.2	-2.583	1E-3
31685	43.6	-2.583	1E-3
31705	43.6	-2.583	1E-3
31725	42.9	-2.583	1E-3
31745	43.1	-2.583	1E-3
31765	43.1	-2.583	1E-3
31785	42.9	-2.583	1E-3
31805	43.1	-2.583	1E-3
31825	42.9	-2.583	1E-3
31845	42.9	-2.583	1E-3
31865	42.3	-2.583	1E-3
31885	42.3	-2.583	1E-3
31905	42.2	-2.583	1E-3
31925	42.2	-2.583	1E-3
31945	42	-2.584	1E-3
31965	42	-2.584	1E-3
31985	41.8	-2.584	1E-3
32005	41.8	-2.584	1E-3
32025	41.8	-2.584	1E-3
32045	41.7	-2.584	1E-3
32065	41.5	-2.584	1E-3
32085	41.5	-2.584	1E-3
32105	41.1	-2.584	1E-3
32125	41.1	-2.584	1E-3
32145	41	-2.584	1E-3
32165	41	-2.584	1E-3
32185	40.8	-2.584	1E-3
32205	40.8	-2.584	1E-3
32225	40.6	-2.584	1E-3
32245	40.6	-2.584	1E-3
32265	40.6	-2.584	1E-3
32285	40.3	-2.584	1E-3
32305	40.4	-2.584	1E-3
32325	40.4	-2.584	1E-3
32345	40.4	-2.584	1E-3
32365	40.3	-2.584	1E-3
32385	40.1	-2.584	1E-3
32405	40.1	-2.584	1E-3
32426	39.7	-2.584	1E-3
32446	39.7	-2.584	1E-3
32466	39.2	-2.584	1E-3
32486	39	-2.584	1E-3
32506	38.8	-2.584	1E-3
32526	38.8	-2.584	1E-3
32546	38.8	-2.584	1E-3
32566	38.8	-2.584	1E-3
32586	38.8	-2.584	1E-3
32606	38.8	-2.584	1E-3
32626	38.3	-2.584	1E-3
32646	38.3	-2.584	1E-3
32666	38.3	-2.584	1E-3
32686	38.3	-2.584	1E-3
32706	38.2	-2.584	1E-3
32726	38.2	-2.584	1E-3
32746	38.3	-2.584	1E-3
32766	38.3	-2.584	1E-3
32786	38.2	-2.584	1E-3
32806	37.8	-2.584	1E-3
32826	37.8	-2.584	1E-3
32846	37.6	-2.584	1E-3
32866	37.6	-2.584	1E-3
32886	37.8	-2.584	1E-3
32906	37.3	-2.584	1E-3
32926	37.3	-2.584	1E-3
32946	37.1	-2.584	1E-3
32966	37.3	-2.584	1E-3
32986	37.3	-2.584	1E-3
33006	37.3	-2.584	1E-3
33026	37.1	-2.584	1E-3
33046	36.9	-2.584	1E-3
33066	37.1	-2.584	1E-3
33086	37.1	-2.584	1E-3
33106	36.9	-2.584	1E-3
33126	36.9	-2.584	1E-3
33146	36.4	-2.584	1E-3
33166	36.6	-2.584	1E-3
33186	36.8	-2.584	1E-3
33206	36.6	-2.584	1E-3
33226	36.8	-2.584	1E-3
33246	36.4	-2.584	1E-3
33267	36.4	-2.584	1E-3
33287	36	-2.584	1E-3
33307	36.4	-2.584	1E-3
33327	36.4	-2.584	1E-3
33347	36.2	-2.584	1E-3
33367	36.4	-2.584	1E-3
33387	36.2	-2.584	1E-3
33407	36.4	-2.584	1E-3
33427	36.2	-2.584	1E-3
33447	36.2	-2.584	1E-3
33467	36	-2.584	1E-3
33487	36	-2.584	1E-3
33507	35.7	-2.584	1E-3
33527	35.5	-2.584	1E-3
33547	35.5	-2.584	1E-3
33567	35.5	-2.584	1E-3
33587	35.3	-2.584	1E-3
33607	35.2	-2.584	1E-3
33627	35.2	-2.584	1E-3
33647	35.2	-2.584	1E-3
33667	35.3	-2.584	1E-3
33687	35.2	-2.584	1E-3
33707	35	-2.584	1E-3
33727	35	-2.584	1E-3
33747	35	-2.584	1E-3
33767	35	-2.584	1E-3
33787	34.7	-2.584	1E-3
33807	34.7	-2.584	1E-3
33827	34.5	-2.584	1E-3
33847	34.7	-2.584	1E-3
33867	34.1	-2.584	1E-3
33887	34	-2.584	1E-3
33907	34	-2.584	1E-3
33927	34	-2.584	1E-3
33947	34	-2.584	1E-3
33967	34	-2.584	1E-3
33987	33.8	-2.584	1E-3
34007	34	-2.584	1E-3
34027	33.8	-2.584	1E-3
34047	33.8	-2.584	1E-3
34067	33.8	-2.584	1E-3
34087	33.6	-2.584	1E-3
34107	33.3	-2.584	1E-3
34127	33.8	-2.584	1E-3
34147	33.3	-2.584	1E-3
34168	33.4	-2.584	1E-3
34188	33.3	-2.584	1E-3
34208	33.3	-2.584	1E-3
34228	33.3	-2.584	1E-3
34248	33.1	-2.584	1E-3
34268	33.1	-2.584	1E-3
34288	33.1	-2.584	1E-3
34308	33.1	-2.584	1E-3
34328	32.9	-2.584	1E-3
34348	33.1	-2.584	1E-3
34368	32.5	-2.584	1E-3
34388	32.7	-2.584	1E-3
34408	32.9	-2.584	1E-3
34428	32.7	-2.584	1E-3
34448	32.5	-2.584	1E-3
34468	32.4	-2.584	1E-3
34488	32.4	-2.584	1E-3
34508	32.5	-2.584	1E-3
34528	32.9	-2.584	1E-3
34548	32.5	-2.584	1E-3
34568	32.4	-2.584	1E-3
34588	32.2	-2.584	1E-3
34608	32.4	-2.584	1E-3
34628	32.4	-2.584	1E-3
34648	32.5	-2.584	1E-3
34668	32.7	-2.584	1E-3
34688	32.2	-2.584	1E-3
34708	32	-2.584	1E-3
34728	31.9	-2.584	1E-3
34748	31.9	-2.584	1E-3
34768	31.9	-2.584	1E-3
34788	32	-2.584	1E-3
34808	31.9	-2.584	1E-3
34828	31.7	-2.584	1E-3
34848	31.5	-2.584	1E-3
34868	31.9	-2.584	1E-3
34888	31.7	-2.585	1E-3
34908	31.5	-2.585	1E-3
34928	31.7	-2.585	1E-3
34948	31.5	-2.585	1E-3
34968	31.3	-2.585	1E-3
34988	31.5	-2.585	1E-3
35008	31.1	-2.585	1E-3
35028	31.1	-2.585	1E-3
35048	31.1	-2.585	1E-3
35068	31.1	-2.585	1E-3
35089	31.1	-2.585	1E-3
35114	31.1	-2.585	1E-3
35138	31.1	-2.585	1E-3
35159	31	-2.585	1E-3
35179	31	-2.585	1E-3
35199	31	-2.585	1E-3
35219	31	-2.585	1E-3
35239	31	-2.585	1E-3
35259	31	-2.585	1E-3
35279	31	-2.585	1E-3
35299	30.6	-2.585	1E-3
35319	30.8	-2.585	1E-3
35339	30.6	-2.585	1E-3
35359	30.8	-2.585	1E-3
35379	30.6	-2.585	1E-3
35399	30.3	-2.585	1E-3
35419	30.6	-2.585	1E-3
35439	30.3	-2.585	1E-3
35459	30.5	-2.585	1E-3
35479	30.6	-2.585	1E-3
35499	30.3	-2.585	1E-3
35519	29.9	-2.585	1E-3
35539	29.9	-2.585	1E-3
35559	30.1	-2.585	1E-3
35579	30.1	-2.585	1E-3
35599	29.8	-2.585	1E-3
35619	29.9	-2.585	1E-3
35639	29.9	-2.585	1E-3
35659	30.1	-2.585	1E-3
35679	29.9	-2.585	1E-3
35699	30.1	-2.585	1E-3
35719	30.3	-2.585	1E-3
35739	29.9	-2.585	1E-3
35759	29.9	-2.585	1E-3
35779	30.1	-2.585	1E-3
35799	29.9	-2.585	1E-3
35819	29.8	-2.585	1E-3
35840	29.8	-2.585	1E-3
35860	29.8	-2.585	1E-3
35880	29.8	-2.585	1E-3
35900	29.8	-2.585	1E-3
35920	29.6	-2.585	1E-3
35940	29.6	-2.585	1E-3
35960	29.6	-2.585	1E-3
35980	29.4	-2.585	1E-3
36000	29.6	-2.585	1E-3
36020	29.4	-2.585	1E-3
36040	29.2	-2.585	1E-3
36060	29	-2.585	1E-3
36080	29.2	-2.585	1E-3
36100	29.2	-2.585	1E-3
36120	28.9	-2.585	1E-3
36140	29	-2.585	1E-3
36160	29.2	-2.585	1E-3
36180	29	-2.585	1E-3
36200	29	-2.585	1E-3
36220	29	-2.585	1E-3
36240	28.9	-2.585	1E-3
36260	29	-2.585	1E-3
36280	28.9	-2.585	1E-3
36300	28.9	-2.585	1E-3
36320	28.7	-2.585	1E-3
36340	29	-2.585	1E-3
36360	28.5	-2.585	1E-3
36380	28.5	-2.585	1E-3
36400	28.7	-2.585	1E-3
36420	28.7	-2.585	1E-3
36440	28.5	-2.585	1E-3
36460	28.7	-2.585	1E-3
36480	28.5	-2.585	1E-3
36500	28.4	-2.585	1E-3
36520	28.7	-2.585	1E-3
36540	28.5	-2.585	1E-3
36560	28.7	-2.585	1E-3
36580	28.5	-2.585	1E-3
36600	28.5	-2.585	1E-3
36620	28.9	-2.585	1E-3
36640	28.5	-2.585	1E-3
36660	28.4	-2.585	1E-3
36680	28.5	-2.585	1E-3
36700	28.4	-2.585	1E-3
36721	28.4	-2.585	1E-3
36741	28.4	-2.585	1E-3
36761	28.4	-2.585	1E-3
36781	28.2	-2.585	1E-3
36801	28.2	-2.585	1E-3
36821	28.2	-2.585	1E-3
36841	27.8	-2.585	1E-3
36861	28.2	-2.585	1E-3
36881	28	-2.585	1E-3
36901	27.8	-2.585	1E-3
36921	28	-2.585	1E-3
36941	27.8	-2.585	1E-3
36961	27.8	-2.585	1E-3
36981	27.8	-2.585	1E-3
37001	27.8	-2.585	1E-3
37021	27.8	-2.585	1E-3
37041	27.8	-2.585	1E-3
37061	27.8	-2.585	1E-3
37081	27.7	-2.585	1E-3
37101	27.7	-2.585	1E-3
37121	27.5	-2.585	1E-3
37141	27.3	-2.585	1E-3
37161	27.5	-2.585	1E-3
37181	27.3	-2.585	1E-3
37201	27.3	-2.585	1E-3
37221	27.7	-2.585	1E-3
37241	27.5	-2.585	1E-3
37261	27.7	-2.585	1E-3
37281	27.3	-2.585	1E-3
37301	27.5	-2.585	1E-3
37321	27	-2.585	1E-3
37341	27.1	-2.585	1E-3
37361	27	-2.585	1E-3
37381	27.3	-2.585	1E-3
37401	27.1	-2.585	1E-3
37421	27.3	-2.585	1E-3
37442	27.1	-2.585	1E-3
37466	27.3	-2.585	1E-3
37486	27.5	-2.585	1E-3
37506	27.3	-2.585	1E-3
37526	27.1	-2.585	1E-3
37546	27.1	-2.585	1E-3
37567	27.1	-2.585	1E-3
37587	27.1	-2.585	1E-3
37607	27.1	-2.585	1E-3
37627	27.1	-2.585	1E-3
37647	27.1	-2.585	1E-3
37667	27	-2.585	1E-3
37687	27	-2.585	1E-3
37707	26.8	-2.585	1E-3
37727	27	-2.585	1E-3
37747	27	-2.585	1E-3
37767	26.6	-2.585	1E-3
37787	26.6	-2.585	1E-3
37807	26.8	-2.585	1E-3
37827	26.6	-2.585	1E-3
37847	26.4	-2.585	1E-3
37867	26.6	-2.585	1E-3
37887	26.6	-2.585	1E-3
37907	26.8	-2.585	1E-3
37927	27	-2.585	1E-3
37947	26.6	-2.585	1E-3
37967	26.6	-2.585	1E-3
37987	26.4	-2.585	1E-3
38007	26.3	-2.585	1E-3
38027	26.8	-2.585	1E-3
38047	26.1	-2.585	1E-3
38067	26.6	-2.585	1E-3
38087	26.6	-2.585	1E-3
38107	26.4	-2.585	1E-3
38127	26.3	-2.585	1E-3
38147	26.6	-2.585	1E-3
38167	26.1	-2.585	1E-3
38187	26.4	-2.585	1E-3
38207	26.6	-2.585	1E-3
38227	26.3	-2.585	1E-3
38247	26.3	-2.585	1E-3
38267	26.4	-2.585	1E-3
38287	26.1	-2.585	1E-3
38307	26.1	-2.585	1E-3
38327	26.3	-2.585	1E-3
38347	26.3	-2.585	1E-3
38367	26.1	-2.585	1E-3
38387	26.4	-2.585	1E-3
38407	26.4	-2.585	1E-3
38428	26.3	-2.585	1E-3
38448	26.3	-2.585	1E-3
38468	26.3	-2.585	1E-3
38488	26.1	-2.585	1E-3
38508	26.1	-2.585	1E-3
38528	26.1	-2.585	1E-3
38548	26.1	-2.585	1E-3
38568	25.9	-2.585	1E-3
38588	25.9	-2.585	1E-3
38608	25.7	-2.585	1E-3
38628	25.7	-2.585	1E-3
38648	26.1	-2.585	1E-3
38668	25.7	-2.585	1E-3
38688	25.9	-2.585	1E-3
38708	25.6	-2.585	1E-3
38728	25.7	-2.585	1E-3
38748	25.6	-2.585	1E-3
38768	25.7	-2.585	1E-3
38788	25.6	-2.585	1E-3
38808	25.7	-2.585	1E-3
38828	25.7	-2.585	1E-3
38848	25.6	-2.585	1E-3
38868	25.6	-2.585	1E-3
38888	25.6	-2.585	1E-3
38908	25.7	-2.585	1E-3
38928	25.7	-2.585	1E-3
38948	25.7	-2.585	1E-3
38968	25.7	-2.585	1E-3
38988	25.6	-2.585	1E-3
39008	25.7	-2.585	1E-3
39028	25.7	-2.585	1E-3
39048	25.7	-2.585	1E-3
39068	25.4	-2.585	1E-3
39088	25.6	-2.585	1E-3
39108	25.6	-2.585	1E-3
39128	25.4	-2.585	1E-3
39148	25.4	-2.585	1E-3
39168	25.6	-2.585	1E-3
39188	25.4	-2.585	1E-3
39208	25.4	-2.585	1E-3
39228	25.6	-2.585	1E-3
39248	25.6	-2.585	1E-3
39269	25.4	-2.585	1E-3
39289	25.4	-2.585	1E-3
39309	25.2	-2.585	1E-3
39329	25.4	-2.585	1E-3
39349	25.4	-2.585	1E-3
39369	25.4	-2.585	1E-3
39389	25.2	-2.585	1E-3
39409	25.2	-2.585	1E-3
39429	25.4	-2.585	1E-3
39449	25.4	-2.585	1E-3
39469	25.4	-2.585	1E-3
39489	25	-2.585	1E-3
39509	25	-2.585	1E-3
39529	25.2	-2.585	1E-3
39549	25.2	-2.585	1E-3
39569	25.2	-2.585	1E-3
39589	25.2	-2.585	1E-3
39609	25.2	-2.585	1E-3
39629	25.2	-2.585	1E-3
39649	25.2	-2.585	1E-3
39669	25	-2.585	1E-3
39689	25.2	-2.585	1E-3
39709	25.2	-2.585	1E-3
39729	25.2	-2.585	1E-3
39749	25	-2.585	1E-3
39769	25.2	-2.585	1E-3
39789	25.2	-2.585	1E-3
39809	25.2	-2.585	1E-3
39829	25	-2.585	1E-3
39849	25	-2.585	1E-3
39869	25	-2.585	1E-3
39889	24.8	-2.585	1E-3
39909	25	-2.585	1E-3
39929	25	-2.585	1E-3
39949	25.2	-2.585	1E-3
39969	25	-2.585	1E-3
39989	24.8	-2.585	1E-3
40009	25	-2.585	1E-3
40029	24.8	-2.585	1E-3
40049	25	-2.585	1E-3
40069	24.8	-2.585	1E-3
40089	24.7	-2.585	1E-3
40109	24.7	-2.585	1E-3
40129	24.5	-2.585	1E-3
40149	24.7	-2.585	1E-3
40170	24.7	-2.585	1E-3
40190	24.8	-2.585	1E-3
40210	24.8	-2.585	1E-3
40230	25	-2.585	1E-3
40250	25	-2.585	1E-3
40270	24.8	-2.585	1E-3
40290	24.7	-2.585	1E-3
40310	25	-2.585	1E-3
40330	24.7	-2.585	1E-3
40350	24.5	-2.585	1E-3
40370	24.7	-2.585	1E-3
40390	24.7	-2.585	1E-3
40410	24.5	-2.585	1E-3
40430	24.7	-2.585	1E-3
40450	24.8	-2.585	1E-3
40470	24.7	-2.585	1E-3
40490	24.7	-2.585	1E-3
40510	24.7	-2.585	1E-3
40530	24.5	-2.585	1E-3
40550	24.7	-2.585	1E-3
40570	24.3	-2.585	1E-3
40590	24.7	-2.585	1E-3
40610	24.5	-2.585	1E-3
40630	24.7	-2.585	1E-3
40650	24.3	-2.585	1E-3
40670	24.5	-2.585	1E-3
40690	24.5	-2.585	1E-3
40710	24.1	-2.585	1E-3
40730	24.5	-2.585	1E-3
40750	24.5	-2.585	1E-3
40770	24.5	-2.585	1E-3
40790	24.5	-2.585	1E-3
40810	24.7	-2.585	1E-3
40830	24.5	-2.585	1E-3
40850	24.5	-2.585	1E-3
40870	24.5	-2.585	1E-3
40890	24.3	-2.585	1E-3
40911	24.3	-2.585	1E-3
40931	24.5	-2.585	1E-3
40951	24.5	-2.585	1E-3
40971	24.3	-2.585	1E-3
40991	24.3	-2.585	1E-3
41011	24.7	-2.585	1E-3
41031	24.3	-2.585	1E-3
41051	24.5	-2.585	1E-3
41071	24.3	-2.585	1E-3
41091	24.5	-2.585	1E-3
41111	24.3	-2.585	1E-3
41131	24.3	-2.585	1E-3
41151	24	-2.585	1E-3
41171	24.3	-2.585	1E-3
41191	24.3	-2.585	1E-3
41211	23.6	-2.585	1E-3
41231	24.1	-2.585	1E-3
41251	24.3	-2.585	1E-3
41271	24.1	-2.585	1E-3
41291	24.3	-2.585	1E-3
41311	24.3	-2.585	1E-3
41331	24.5	-2.585	1E-3
41351	24.7	-2.585	1E-3
41371	24.5	-2.585	1E-3
41391	24	-2.585	1E-3
41411	24.1	-2.585	1E-3
41431	24	-2.585	1E-3
41451	24.3	-2.585	1E-3
41471	24.1	-2.585	1E-3
41491	23.6	-2.585	1E-3
41511	24.3	-2.585	1E-3
41531	23.8	-2.585	1E-3
41551	24.1	-2.585	1E-3
41571	24.3	-2.585	1E-3
41591	23.8	-2.585	1E-3
41611	24	-2.585	1E-3
41632	24.1	-2.585	1E-3
41656	23.8	-2.585	1E-3
41676	23.8	-2.585	1E-3
41696	24.3	-2.585	1E-3
41717	24.3	-2.585	1E-3
41737	24	-2.585	1E-3
41757	24.3	-2.585	1E-3
41777	24	-2.585	1E-3
41797	24	-2.585	1E-3
41817	23.6	-2.585	1E-3
41837	24.1	-2.585	1E-3
41857	23.6	-2.585	1E-3
41877	24	-2.585	1E-3
41897	23.6	-2.585	1E-3
41917	23.6	-2.585	1E-3
41937	23.8	-2.585	1E-3
41957	24	-2.585	1E-3
41977	23.6	-2.585	1E-3
41997	24	-2.585	1E-3
42017	23.6	-2.585	1E-3
42037	24	-2.585	1E-3
42057	23.6	-2.585	1E-3
42077	24	-2.585	1E-3
42097	23.6	-2.585	1E-3
42117	23.5	-2.585	1E-3
42137	23.6	-2.585	1E-3
42157	23.6	-2.585	1E-3
42177	23.6	-2.585	1E-3
42197	23.6	-2.585	1E-3
42217	23.6	-2.585	1E-3
42237	23.5	-2.585	1E-3
42257	23.6	-2.585	1E-3
42277	24.1	-2.585	1E-3
42297	23.8	-2.585	1E-3
42317	23.6	-2.585	1E-3
42337	23.6	-2.585	1E-3
42357	24	-2.585	1E-3
42377	24	-2.585	1E-3
42397	24	-2.585	1E-3
42417	23.6	-2.585	1E-3
42438	23.8	-2.585	1E-3
42458	23.8	-2.585	1E-3
42478	23.8	-2.585	1E-3
42498	23.6	-2.585	1E-3
42518	23.8	-2.585	1E-3
42538	23.6	-2.585	1E-3
42558	24	-2.585	1E-3
42578	23.6	-2.585	1E-3
42598	23.8	-2.585	1E-3
42618	23.6	-2.585	1E-3
42638	23.6	-2.585	1E-3
42658	23.6	-2.585	1E-3
42678	23.6	-2.585	1E-3
42698	23.8	-2.585	1E-3
42718	24	-2.585	1E-3
42738	23.5	-2.585	1E-3
42758	23.5	-2.585	1E-3
42778	23.5	-2.585	1E-3
42798	23.5	-2.585	1E-3
42818	23.5	-2.585	1E-3
42838	23.6	-2.585	1E-3
42858	23.8	-2.585	1E-3
42878	23.5	-2.585	1E-3
42898	23.6	-2.585	1E-3
42918	23.3	-2.585	1E-3
42938	23.8	-2.585	1E-3
42958	23.5	-2.585	1E-3
42978	23.6	-2.585	1E-3
42998	23.5	-2.585	1E-3
43018	23.8	-2.585	1E-3
43038	23.5	-2.585	1E-3
43058	23.8	-2.585	1E-3
43078	24	-2.585	1E-3
43098	23.3	-2.585	1E-3
43118	23.6	-2.585	1E-3
43138	23.5	-2.585	1E-3
43159	23.6	-2.585	1E-3
43179	23.3	-2.585	1E-3
43199	23.5	-2.585	1E-3
43219	23.5	-2.585	1E-3
43239	23.5	-2.585	1E-3
43259	23.8	-2.585	1E-3
43279	23.5	-2.585	1E-3
43299	23.5	-2.585	1E-3
43319	23.5	-2.585	1E-3
43339	23.5	-2.585	1E-3
43359	23.5	-2.585	1E-3
43379	23.5	-2.585	1E-3
43399	23.5	-2.585	1E-3
43419	23.8	-2.585	1E-3
43439	23.3	-2.585	1E-3
43459	23.8	-2.585	1E-3
43479	23.3	-2.585	1E-3
43499	23.3	-2.585	1E-3
43519	23.3	-2.585	1E-3
43539	23.3	-2.585	1E-3
43559	23.5	-2.585	1E-3
43580	23.3	-2.585	1E-3
43600	23.3	-2.585	1E-3
43620	23.5	-2.585	1E-3
43640	23.3	-2.585	1E-3
43660	23.3	-2.585	1E-3
43680	23.5	-2.585	1E-3
43700	23.5	-2.585	1E-3
43720	23.5	-2.585	1E-3
43740	23.5	-2.585	1E-3
43760	23.3	-2.585	1E-3
43780	23.3	-2.585	1E-3
43800	23.1	-2.585	1E-3
43820	23.3	-2.585	1E-3
43840	23.5	-2.585	1E-3
43860	23.3	-2.585	1E-3
43880	23.3	-2.585	1E-3
43900	23.3	-2.585	1E-3
43920	23.1	-2.585	1E-3
43940	23.5	-2.585	1E-3
43960	23.3	-2.585	1E-3
43980	23.3	-2.585	1E-3
44000	23.3	-2.585	1E-3
44020	23.3	-2.585	1E-3
44040	23.5	-2.585	1E-3
44060	23.1	-2.585	1E-3
44080	23.3	-2.585	1E-3
44100	23.3	-2.585	1E-3
44120	23.3	-2.585	1E-3
44140	23.3	-2.585	1E-3
44160	23.5	-2.585	1E-3
44180	23.3	-2.585	1E-3
44200	23.1	-2.585	1E-3
44220	23.3	-2.585	1E-3
44240	23.1	-2.585	1E-3
44260	23.6	-2.585	1E-3
44280	23.3	-2.585	1E-3
44300	23.5	-2.585	1E-3
44320	23.3	-2.585	1E-3
44340	23.1	-2.585	1E-3
44360	23.3	-2.585	1E-3
44380	23.1	-2.585	1E-3
44400	23.6	-2.585	1E-3
44420	22.9	-2.585	1E-3
44440	23.6	-2.585	1E-3
44460	23.3	-2.585	1E-3
44480	23.1	-2.585	1E-3
44500	23.3	-2.585	1E-3
44520	23.1	-2.585	1E-3
44540	23.1	-2.585	1E-3
44560	23.1	-2.585	1E-3
44581	23.5	-2.585	1E-3
44601	23.3	-2.585	1E-3
44621	22.9	-2.585	1E-3
44641	23.5	-2.585	1E-3
44661	23.3	-2.585	1E-3
44681	23.3	-2.585	1E-3
44701	23.3	-2.585	1E-3
44721	23.1	-2.585	1E-3
44741	23.1	-2.585	1E-3
44761	23.3	-2.585	1E-3
44781	23.1	-2.585	1E-3
44801	23.3	-2.585	1E-3
44821	23.3	-2.585	1E-3
44841	23.3	-2.585	1E-3
44861	23.1	-2.585	1E-3
44881	23.1	-2.585	1E-3
44901	23.1	-2.585	1E-3
44921	23.1	-2.585	1E-3
44941	22.9	-2.585	1E-3
44961	23.1	-2.585	1E-3
44981	23.1	-2.585	1E-3
45001	23.1	-2.585	1E-3
45021	23.1	-2.585	1E-3
45041	23.1	-2.585	1E-3
45061	23.1	-2.585	1E-3
45081	23.1	-2.585	1E-3
45101	23.1	-2.585	1E-3
45121	23.1	-2.585	1E-3
45141	23.1	-2.585	1E-3
45161	23.1	-2.585	1E-3
45181	23.3	-2.585	1E-3
45201	23.3	-2.585	1E-3
45221	23.1	-2.585	1E-3
45241	23.1	-2.585	1E-3
45261	22.9	-2.585	1E-3
45281	22.9	-2.585	1E-3
45301	23.1	-2.585	1E-3
45321	23.1	-2.585	1E-3
45341	22.9	-2.585	1E-3
45361	22.9	-2.585	1E-3
45381	23.5	-2.585	1E-3
45402	23.1	-2.585	1E-3
45422	23.1	-2.585	1E-3
45442	23.1	-2.585	1E-3
45462	23.1	-2.585	1E-3
45482	22.6	-2.586	1E-3
45502	22.9	-2.586	1E-3
45522	23.1	-2.586	1E-3
45542	23.1	-2.586	1E-3
45562	23.1	-2.586	1E-3
45582	22.9	-2.586	1E-3
45602	23.1	-2.586	1E-3
45622	23.1	-2.586	1E-3
45642	23.1	-2.586	1E-3
45662	22.9	-2.586	1E-3
45682	22.9	-2.586	1E-3
45702	22.9	-2.586	1E-3
45722	23.1	-2.586	1E-3
45742	23.1	-2.586	1E-3
45762	23.1	-2.586	1E-3
45782	22.9	-2.586	1E-3
45802	23.1	-2.586	1E-3
45822	22.9	-2.586	1E-3
45842	22.7	-2.586	1E-3
45862	22.9	-2.586	1E-3
45882	23.3	-2.586	1E-3
45902	22.6	-2.586	1E-3
45922	22.9	-2.586	1E-3
45942	22.9	-2.586	1E-3
45962	22.7	-2.586	1E-3
45982	22.9	-2.586	1E-3
46002	22.9	-2.586	1E-3
46022	22.4	-2.586	1E-3
46042	22.9	-2.586	1E-3
46063	22.9	-2.586	1E-3
46083	22.9	-2.586	1E-3
46103	23.1	-2.586	1E-3
46123	23.1	-2.586	1E-3
46143	22.7	-2.586	1E-3
46163	22.9	-2.586	1E-3
46183	22.7	-2.586	1E-3
46203	22.7	-2.586	1E-3
46223	22.7	-2.586	1E-3
46243	22.7	-2.586	1E-3
46263	22.6	-2.586	1E-3
46283	22.9	-2.586	1E-3
46303	23.1	-2.586	1E-3
46323	22.9	-2.586	1E-3
46343	22.9	-2.586	1E-3
46363	23.1	-2.586	1E-3
46383	22.7	-2.586	1E-3
46403	23.1	-2.586	1E-3
46423	22.9	-2.586	1E-3
46443	22.9	-2.586	1E-3
46463	22.7	-2.586	1E-3
46483	22.9	-2.586	1E-3
46503	22.7	-2.586	1E-3
46523	22.9	-2.586	1E-3
46543	22.9	-2.586	1E-3
46563	22.9	-2.586	1E-3
46583	22.9	-2.586	1E-3
46603	22.4	-2.586	1E-3
46623	22.9	-2.586	1E-3
46643	22.7	-2.586	1E-3
46663	22.9	-2.586	1E-3
46683	23.1	-2.586	1E-3
46703	22.9	-2.586	1E-3
46723	22.9	-2.586	1E-3
46743	22.7	-2.586	1E-3
46763	23.1	-2.586	1E-3
46784	22.7	-2.586	1E-3
46804	22.2	-2.586	1E-3
46824	22.9	-2.586	1E-3
46844	22.9	-2.586	1E-3
46864	22.9	-2.586	1E-3
46884	22.7	-2.586	1E-3
46904	22.9	-2.586	1E-3
46924	22.6	-2.586	1E-3
46944	23.1	-2.586	1E-3
46964	22.7	-2.586	1E-3
46984	22.9	-2.586	1E-3
47004	22.7	-2.586	1E-3
47024	22.6	-2.586	1E-3
47044	22.7	-2.586	1E-3
47064	22.9	-2.586	1E-3
47084	22.7	-2.586	1E-3
47104	22.9	-2.586	1E-3
47124	22.9	-2.586	1E-3
47144	22.9	-2.586	1E-3
47164	22.9	-2.586	1E-3
47184	22.7	-2.586	1E-3
47204	22.9	-2.586	1E-3
47224	22.7	-2.586	1E-3
47244	22.6	-2.586	1E-3
47264	22.9	-2.586	1E-3
47284	22.6	-2.586	1E-3
47304	22.7	-2.586	1E-3
47324	23.1	-2.586	1E-3
47344	22.7	-2.586	1E-3
47364	22.9	-2.586	1E-3
47384	22.4	-2.586	1E-3
47404	22.6	-2.586	1E-3
47424	22.6	-2.586	1E-3
47444	22.7	-2.586	1E-3
47464	22.9	-2.586	1E-3
47484	22.6	-2.586	1E-3
47504	22.6	-2.586	1E-3
47524	22.7	-2.586	1E-3
47544	22.6	-2.586	1E-3
47564	22.4	-2.586	1E-3
47584	22.7	-2.586	1E-3
47604	22.6	-2.586	1E-3
47624	22.7	-2.586	1E-3
47644	22.6	-2.586	1E-3
47664	22.7	-2.586	1E-3
47684	22.6	-2.586	1E-3
47704	22.6	-2.586	1E-3
47724	22.7	-2.586	1E-3
47744	22.4	-2.586	1E-3
47764	22.7	-2.586	1E-3
47784	22.6	-2.586	1E-3
47804	22.7	-2.586	1E-3
47824	22.7	-2.586	1E-3
47844	22.6	-2.586	1E-3
47865	22.9	-2.586	1E-3
47885	22.6	-2.586	1E-3
47905	22.6	-2.586	1E-3
47925	22.7	-2.586	1E-3
47945	22.6	-2.586	1E-3
47965	22.7	-2.586	1E-3
47985	22.7	-2.586	1E-3
48005	22.7	-2.586	1E-3
48025	22.4	-2.586	1E-3
48045	22.7	-2.586	1E-3
48065	22.7	-2.586	1E-3
48085	22.7	-2.586	1E-3
48105	22.7	-2.586	1E-3
48125	22.6	-2.586	1E-3
48145	22.7	-2.586	1E-3
48165	22.6	-2.586	1E-3
48185	22.4	-2.586	1E-3
48205	22.7	-2.586	1E-3
48225	22.4	-2.586	1E-3
48245	22.4	-2.586	1E-3
48265	22.6	-2.586	1E-3
48285	22.7	-2.586	1E-3
48305	22.7	-2.586	1E-3
48325	22.4	-2.586	1E-3
48345	22.4	-2.586	1E-3
48365	22.4	-2.586	1E-3
48385	22.6	-2.586	1E-3
48405	22.4	-2.586	1E-3
48425	22.7	-2.586	1E-3
48445	22.9	-2.586	1E-3
48465	22.6	-2.586	1E-3
48485	22.7	-2.586	1E-3
48505	22.2	-2.586	1E-3
48525	22.6	-2.586	1E-3
48545	22.7	-2.586	1E-3
48565	22.4	-2.586	1E-3
48585	22.6	-2.586	1E-3
48605	22.6	-2.586	1E-3
48625	22.6	-2.586	1E-3
48645	22.2	-2.586	1E-3
48665	22.6	-2.586	1E-3
48685	22.4	-2.586	1E-3
48705	22.2	-2.586	1E-3
48725	22.2	-2.586	1E-3
48745	22.2	-2.586	1E-3
48765	22.2	-2.586	1E-3
48785	22.6	-2.586	1E-3
48806	22.7	-2.586	1E-3
48826	22.4	-2.586	1E-3
48846	22.7	-2.586	1E-3
48866	22.7	-2.586	1E-3
48886	22.2	-2.586	1E-3
48906	22	-2.586	1E-3
48926	22.6	-2.586	1E-3
48946	22.2	-2.586	1E-3
48966	22.6	-2.586	1E-3
48986	22.6	-2.586	1E-3
49006	22.4	-2.586	1E-3
49026	22.2	-2.586	1E-3
49046	22.2	-2.586	1E-3
49066	22.6	-2.586	1E-3
49086	22.6	-2.586	1E-3
49106	22.2	-2.586	1E-3
49126	22.4	-2.586	1E-3
49146	22.6	-2.586	1E-3
49166	22.6	-2.586	1E-3
49186	22.2	-2.586	1E-3
49206	22.4	-2.586	1E-3
49226	22.7	-2.586	1E-3
49246	22	-2.586	1E-3
49266	22.2	-2.586	1E-3
49286	22.2	-2.586	1E-3
49306	22	-2.586	1E-3
49326	22.4	-2.586	1E-3
49346	22	-2.586	1E-3
49366	22	-2.586	1E-3
49387	22.2	-2.586	1E-3
49407	22.6	-2.586	1E-3
49427	22.2	-2.586	1E-3
49447	22	-2.586	1E-3
49467	22.6	-2.586	1E-3
49487	22	-2.586	1E-3
49507	22	-2.586	1E-3
49527	21.9	-2.586	1E-3
49547	21.9	-2.586	1E-3
49567	22.6	-2.586	1E-3
49587	22	-2.586	1E-3
49607	22.2	-2.586	1E-3
49627	22.7	-2.586	1E-3
49647	22.4	-2.586	1E-3
49667	22	-2.586	1E-3
49687	21.9	-2.586	1E-3
49707	22.6	-2.586	1E-3
49727	22.4	-2.586	1E-3
49747	22.2	-2.586	1E-3
49767	22	-2.586	1E-3
49787	22	-2.586	1E-3
49807	22.2	-2.586	1E-3
49827	22.6	-2.586	1E-3
49847	22.4	-2.586	1E-3
49867	22.4	-2.586	1E-3
49887	22.2	-2.586	1E-3
49908	22	-2.586	1E-3
49928	22.2	-2.586	1E-3
49948	22.2	-2.586	1E-3
49968	22	-2.586	1E-3
49988	21.9	-2.586	1E-3
50008	22	-2.586	1E-3
50028	22	-2.586	1E-3
50048	21.9	-2.586	1E-3
50068	22.4	-2.586	1E-3
50088	22.6	-2.586	1E-3
50108	22.4	-2.586	1E-3
50128	22.4	-2.586	1E-3
50148	22.6	-2.586	1E-3
50168	22	-2.586	1E-3
50188	22.2	-2.586	1E-3
50208	22	-2.586	1E-3
50228	22.2	-2.586	1E-3
50248	22.2	-2.586	1E-3
50268	22.4	-2.586	1E-3
50288	22.7	-2.586	1E-3
50308	21.9	-2.586	1E-3
50328	22	-2.586	1E-3
50348	22	-2.586	1E-3
50368	22	-2.586	1E-3
50388	22	-2.586	1E-3
50408	21.9	-2.586	1E-3
50428	22	-2.586	1E-3
50448	22	-2.586	1E-3
50468	21.9	-2.586	1E-3
50488	22	-2.586	1E-3
50508	22	-2.586	1E-3
50528	22.4	-2.586	1E-3
50548	22	-2.586	1E-3
50568	22.2	-2.586	1E-3
50588	21.9	-2.586	1E-3
50608	22	-2.586	1E-3
50628	22.4	-2.586	1E-3
50648	21.7	-2.586	1E-3
50668	22	-2.586	1E-3
50688	22.4	-2.586	1E-3
50708	22.4	-2.586	1E-3
50728	22.2	-2.586	1E-3
50748	22	-2.586	1E-3
50768	22	-2.586	1E-3
50788	22	-2.586	1E-3
50808	22	-2.586	1E-3
50828	22	-2.586	1E-3
50848	22	-2.586	1E-3
50868	22	-2.586	1E-3
50888	22	-2.586	1E-3
50908	22	-2.586	1E-3
50928	22.2	-2.586	1E-3
50948	22.2	-2.586	1E-3
50968	21.7	-2.586	1E-3
50988	22	-2.586	1E-3
51009	22.4	-2.586	1E-3
51029	22	-2.586	1E-3
51049	22	-2.586	1E-3
51069	22	-2.586	1E-3
51089	21.9	-2.586	1E-3
51109	22.2	-2.586	1E-3
51129	21.9	-2.586	1E-3
51149	22	-2.586	1E-3
51169	22	-2.586	1E-3
51189	22	-2.586	1E-3
51209	22.2	-2.586	1E-3
51229	22	-2.586	1E-3
51249	21.9	-2.586	1E-3
51269	21.7	-2.586	1E-3
51289	22	-2.586	1E-3
51309	22	-2.586	1E-3
51329	22	-2.586	1E-3
51349	22	-2.586	1E-3
51369	22	-2.586	1E-3
51389	21.9	-2.586	1E-3
51409	22.2	-2.586	1E-3
51429	21.9	-2.586	1E-3
51449	22.4	-2.586	1E-3
51469	21.9	-2.586	1E-3
51489	22.4	-2.586	1E-3
51509	22	-2.586	1E-3
51529	22	-2.586	1E-3
51549	21.9	-2.586	1E-3
51569	22	-2.586	1E-3
51589	21.7	-2.586	1E-3
51609	22	-2.586	1E-3
51629	22	-2.586	1E-3
51649	22	-2.586	1E-3
51669	22	-2.586	1E-3
51689	22	-2.586	1E-3
51710	22	-2.586	1E-3
51730	22	-2.586	1E-3
51750	22	-2.586	1E-3
51770	22	-2.586	1E-3
51790	22	-2.586	1E-3
51810	22	-2.586	1E-3
51830	22	-2.586	1E-3
51850	22	-2.586	1E-3
51870	22	-2.586	1E-3
51890	22.2	-2.586	1E-3
51910	22	-2.586	1E-3
51930	21.9	-2.586	1E-3
51950	21.9	-2.586	1E-3
51970	21.5	-2.586	1E-3
51990	22	-2.586	1E-3
52010	21.9	-2.586	1E-3
52030	22	-2.586	1E-3
52050	22	-2.586	1E-3
52070	22	-2.586	1E-3
52090	22	-2.586	1E-3
52110	22	-2.586	1E-3
52130	22	-2.586	1E-3
52150	21.9	-2.586	1E-3
52170	21.9	-2.586	1E-3
52190	22	-2.586	1E-3
52210	22	-2.586	1E-3
52230	22	-2.586	1E-3
52250	21.5	-2.586	1E-3
52270	22	-2.586	1E-3
52290	21.7	-2.586	1E-3
52310	22	-2.586	1E-3
52330	22	-2.586	1E-3
52350	22	-2.586	1E-3
52370	22	-2.586	1E-3
52390	21.9	-2.586	1E-3
52410	22	-2.586	1E-3
52430	21.9	-2.586	1E-3
52450	22.2	-2.586	1E-3
52470	21.9	-2.586	1E-3
52490	21.9	-2.586	1E-3
52510	21.9	-2.586	1E-3
52530	21.9	-2.586	1E-3
52550	21.9	-2.586	1E-3
52570	21.9	-2.586	1E-3
52591	21.9	-2.586	1E-3
52611	21.9	-2.586	1E-3
52631	21.9	-2.586	1E-3
52651	21.9	-2.586	1E-3
52671	21.9	-2.586	1E-3
52691	21.9	-2.586	1E-3
52711	21.9	-2.586	1E-3
52731	21.9	-2.586	1E-3
52751	21.9	-2.586	1E-3
52771	21.9	-2.586	1E-3
52791	21.7	-2.586	1E-3
52811	21.7	-2.586	1E-3
52831	21.9	-2.586	1E-3
52851	22	-2.586	1E-3
52871	21.7	-2.586	1E-3
52891	21.9	-2.586	1E-3
52911	21.9	-2.586	1E-3
52931	21.7	-2.586	1E-3
52951	21.7	-2.586	1E-3
52971	21.7	-2.586	1E-3
52991	21.9	-2.586	1E-3
53011	21.7	-2.586	1E-3
53031	21.9	-2.586	1E-3
53051	21.9	-2.586	1E-3
53071	21.9	-2.586	1E-3
53091	21.9	-2.586	1E-3
53111	21.9	-2.586	1E-3
53131	21.9	-2.586	1E-3
53151	21.9	-2.586	1E-3
53171	21.9	-2.586	1E-3
53191	21.9	-2.586	1E-3
53211	21.9	-2.586	1E-3
53231	21.9	-2.586	1E-3
53251	21.5	-2.586	1E-3
53271	21.9	-2.586	1E-3
53291	21.9	-2.586	1E-3
53311	21.9	-2.586	1E-3
53331	21.9	-2.586	1E-3
53352	22	-2.586	1E-3
53372	22	-2.586	1E-3
53392	22.2	-2.586	1E-3
53412	21.9	-2.586	1E-3
53432	21.7	-2.586	1E-3
53452	21.9	-2.586	1E-3
53472	21.9	-2.586	1E-3
53492	21.9	-2.586	1E-3
53512	21.9	-2.586	1E-3
53532	21.7	-2.586	1E-3
53552	21.9	-2.586	1E-3
53572	22	-2.586	1E-3
53592	21.9	-2.586	1E-3
53612	21.9	-2.586	1E-3
53632	21.9	-2.586	1E-3
53652	21.9	-2.586	1E-3
53672	22.2	-2.586	1E-3
53692	21.9	-2.586	1E-3
53712	21.9	-2.586	1E-3
53732	21.9	-2.586	1E-3
53752	21.9	-2.586	1E-3
53772	21.9	-2.586	1E-3
53792	21.7	-2.586	1E-3
53812	21.7	-2.586	1E-3
53832	21.7	-2.586	1E-3
53852	21.9	-2.586	1E-3
53872	21.7	-2.586	1E-3
53892	21.5	-2.586	1E-3
53912	21.7	-2.586	1E-3
53932	21.7	-2.586	1E-3
53952	21.5	-2.586	1E-3
53972	21.7	-2.586	1E-3
53993	21.9	-2.586	1E-3
54013	21.9	-2.586	1E-3
54033	21.7	-2.586	1E-3
54053	21.7	-2.586	1E-3
54073	21.7	-2.586	1E-3
54093	21.7	-2.586	1E-3
54113	22	-2.586	1E-3
54133	21.9	-2.586	1E-3
54153	21.5	-2.586	1E-3
54173	21.7	-2.586	1E-3
54193	21.7	-2.586	1E-3
54213	21.7	-2.586	1E-3
54233	21.7	-2.586	1E-3
54253	21.9	-2.586	1E-3
54273	21.9	-2.586	1E-3
54293	21.9	-2.586	1E-3
54313	21.7	-2.586	1E-3
54333	21.7	-2.586	1E-3
54353	21.9	-2.586	1E-3
54373	22	-2.586	1E-3
54393	21.7	-2.586	1E-3
54413	21.5	-2.586	1E-3
54433	21.9	-2.586	1E-3
54453	21.9	-2.586	1E-3
54473	21.5	-2.586	1E-3
54493	22	-2.586	1E-3
54513	21.7	-2.586	1E-3
54533	21.9	-2.586	1E-3
54553	22	-2.586	1E-3
54573	21.7	-2.586	1E-3
54593	21.7	-2.586	1E-3
54613	21.9	-2.586	1E-3
54633	21.5	-2.586	1E-3
54653	21.7	-2.586	1E-3
54673	21.7	-2.586	1E-3
54693	21.9	-2.586	1E-3
54713	21.9	-2.586	1E-3
54733	21.9	-2.586	1E-3
54753	22	-2.586	1E-3
54774	21.7	-2.586	1E-3
54794	21.7	-2.586	1E-3
54814	21.9	-2.586	1E-3
54834	21.7	-2.586	1E-3
54854	21.7	-2.586	1E-3
54874	21.9	-2.586	1E-3
54894	21.7	-2.586	1E-3
54914	21.7	-2.586	1E-3
54934	21.9	-2.586	1E-3
54954	21.7	-2.586	1E-3
54974	21.7	-2.586	1E-3
54994	21.9	-2.586	1E-3
55014	21.7	-2.586	1E-3
55034	21.7	-2.586	1E-3
55054	21.7	-2.586	1E-3
55074	21.7	-2.586	1E-3
55094	21.7	-2.586	1E-3
55114	21.7	-2.586	1E-3
55134	21.7	-2.586	1E-3
55154	21.7	-2.586	1E-3
55174	21.7	-2.586	1E-3
55194	21.9	-2.586	1E-3
55214	21.7	-2.586	1E-3
55234	21.5	-2.586	1E-3
55254	21.7	-2.586	1E-3
55274	21.7	-2.586	1E-3
55294	21.7	-2.586	1E-3
55314	21.9	-2.586	1E-3
55334	22	-2.586	1E-3
55354	21.9	-2.586	1E-3
55374	21.9	-2.586	1E-3
55394	21.7	-2.586	1E-3
55414	21.7	-2.586	1E-3
55434	21.9	-2.586	1E-3
55455	21.9	-2.586	1E-3
55479	21.7	-2.586	1E-3
55499	21.5	-2.586	1E-3
55520	21.5	-2.586	1E-3
55540	21.7	-2.586	1E-3
55560	21.4	-2.586	1E-3
55580	21.4	-2.586	1E-3
55600	21.4	-2.586	1E-3
55620	21.5	-2.586	1E-3
55640	21.7	-2.586	1E-3
55660	21.7	-2.586	1E-3
55680	21.5	-2.586	1E-3
55700	21.7	-2.587	1E-3
55720	21.7	-2.587	1E-3
55740	21.5	-2.587	1E-3
55760	21.9	-2.587	1E-3
55780	21.7	-2.587	1E-3
55800	21.7	-2.587	1E-3
55820	21.7	-2.587	1E-3
55840	21.5	-2.587	1E-3
55860	21.5	-2.587	1E-3
55880	21.5	-2.587	1E-3
55900	21.7	-2.587	1E-3
55920	21.9	-2.587	1E-3
55940	21.5	-2.587	1E-3
55960	21.7	-2.587	1E-3
55980	21.4	-2.587	1E-3
56000	21.7	-2.587	1E-3
56021	21.5	-2.587	1E-3
56041	21.5	-2.587	1E-3
56061	21.5	-2.587	1E-3
56081	21.9	-2.587	1E-3
56101	21.4	-2.587	1E-3
56121	21.5	-2.587	1E-3
56141	21.9	-2.587	1E-3
56161	21.9	-2.587	1E-3
56181	21.4	-2.587	1E-3
56201	21.2	-2.587	1E-3
56221	21.9	-2.587	1E-3
56241	21.4	-2.587	1E-3
56261	21.4	-2.587	1E-3
56281	21.4	-2.587	1E-3
56301	21.5	-2.587	1E-3
56321	21.5	-2.587	1E-3
56341	21.4	-2.587	1E-3
56361	21.2	-2.587	1E-3
56381	21.5	-2.587	1E-3
56401	21.5	-2.587	1E-3
56421	21.7	-2.587	1E-3
56441	21.7	-2.587	1E-3
56461	21.9	-2.587	1E-3
56481	21.5	-2.587	1E-3
56501	21.9	-2.587	1E-3
56521	21.2	-2.587	1E-3
56541	21.5	-2.587	1E-3
56561	21.4	-2.587	1E-3
56581	21.4	-2.587	1E-3
56601	21.5	-2.587	1E-3
56621	21.4	-2.587	1E-3
56641	21.7	-2.587	1E-3
56661	21.9	-2.587	1E-3
56681	21.7	-2.587	1E-3
56701	21.9	-2.587	1E-3
56721	21.7	-2.587	1E-3
56741	21.4	-2.587	1E-3
56761	21.5	-2.587	1E-3
56781	21.4	-2.587	1E-3
56801	20.8	-2.587	1E-3
56821	21.5	-2.587	1E-3
56841	21.5	-2.587	1E-3
56861	21.7	-2.587	1E-3
56881	21.5	-2.587	1E-3
56901	21.5	-2.587	1E-3
56921	21.5	-2.587	1E-3
56941	21.7	-2.587	1E-3
56961	21.4	-2.587	1E-3
56981	21.5	-2.587	1E-3
57001	21.4	-2.587	1E-3
57021	21.4	-2.587	1E-3
57041	21.2	-2.587	1E-3
57061	21.4	-2.587	1E-3
57081	21.5	-2.587	1E-3
57102	21.4	-2.587	1E-3
57122	21.5	-2.587	1E-3
57142	21.7	-2.587	1E-3
57162	21.5	-2.587	1E-3
57182	21.7	-2.587	1E-3
57202	21.4	-2.587	1E-3
57222	21	-2.587	1E-3
57242	21.5	-2.587	1E-3
57262	21.5	-2.587	1E-3
57282	21.9	-2.587	1E-3
57302	21.7	-2.587	1E-3
57322	21	-2.587	1E-3
57342	21.5	-2.587	1E-3
57362	21.7	-2.587	1E-3
57382	21.7	-2.587	1E-3
57402	21.7	-2.587	1E-3
57422	21.4	-2.587	1E-3
57442	21.5	-2.587	1E-3
57462	21.4	-2.587	1E-3
57482	21.4	-2.587	1E-3
57502	21.7	-2.587	1E-3
57522	21.5	-2.587	1E-3
57542	21.2	-2.587	1E-3
57562	21.7	-2.587	1E-3
57582	21.7	-2.587	1E-3
57602	21.5	-2.587	1E-3
57622	21.7	-2.587	1E-3
57642	21.7	-2.587	1E-3
57662	21.7	-2.587	1E-3
57682	21.7	-2.587	1E-3
57702	21.5	-2.587	1E-3
57722	21.5	-2.587	1E-3
57742	21.7	-2.587	1E-3
57762	21.7	-2.587	1E-3
57782	21.5	-2.587	1E-3
57802	21.5	-2.587	1E-3
57822	21.5	-2.587	1E-3
57842	21.7	-2.587	1E-3
57862	21.7	-2.587	1E-3
57882	21.5	-2.587	1E-3
57902	21.7	-2.587	1E-3
57922	22	-2.587	1E-3
57942	21.2	-2.587	1E-3
57962	21.9	-2.587	1E-3
57982	21.2	-2.587	1E-3
58002	21	-2.587	1E-3
58022	21.5	-2.587	1E-3
58042	21.2	-2.587	1E-3
58062	21.5	-2.587	1E-3
58082	21.7	-2.587	1E-3
58102	21.9	-2.587	1E-3
58122	21.5	-2.587	1E-3
58142	21.7	-2.587	1E-3
58162	21.4	-2.587	1E-3
58182	21.7	-2.587	1E-3
58202	21.2	-2.587	1E-3
58222	21.7	-2.587	1E-3
58242	21.4	-2.587	1E-3
58262	21.7	-2.587	1E-3
58282	22	-2.587	1E-3
58302	21.7	-2.587	1E-3
58322	21.5	-2.587	1E-3
58342	21.2	-2.587	1E-3
58362	21.5	-2.587	1E-3
58382	21.5	-2.587	1E-3
58402	21.4	-2.587	1E-3
58422	21.4	-2.587	1E-3
58442	21.5	-2.587	1E-3
58462	21.4	-2.587	1E-3
58482	21.9	-2.587	1E-3
58502	22	-2.587	1E-3
58523	21	-2.587	1E-3
58543	21.4	-2.587	1E-3
58563	21.4	-2.587	1E-3
58583	21.5	-2.587	1E-3
58603	21.5	-2.587	1E-3
58623	21.7	-2.587	1E-3
58643	21.2	-2.587	1E-3
58663	21.5	-2.587	1E-3
58683	21	-2.587	1E-3
58703	21.5	-2.587	1E-3
58723	21.7	-2.587	1E-3
58743	21.7	-2.587	1E-3
58763	21.5	-2.587	1E-3
58783	21.5	-2.587	1E-3
58803	21.7	-2.587	1E-3
58823	21.2	-2.587	1E-3
58843	21.7	-2.587	1E-3
58863	21.9	-2.587	1E-3
58883	21.9	-2.587	1E-3
58903	21.7	-2.587	1E-3
58923	21.4	-2.587	1E-3
58943	21.5	-2.587	1E-3
58963	21.5	-2.587	1E-3
58983	21.5	-2.587	1E-3
59003	21.4	-2.587	1E-3
59023	21.2	-2.587	1E-3
59043	21.7	-2.587	1E-3
59063	21.5	-2.587	1E-3
59083	21.5	-2.587	1E-3
59103	21.5	-2.587	1E-3
59123	21.5	-2.587	1E-3
59143	21.5	-2.587	1E-3
59163	21.4	-2.587	1E-3
59183	21.7	-2.587	1E-3
59203	21.7	-2.587	1E-3
59223	21.9	-2.587	1E-3
59243	21.4	-2.587	1E-3
59263	21.2	-2.587	1E-3
59283	21.4	-2.587	1E-3
59303	21.4	-2.587	1E-3
59323	21.4	-2.587	1E-3
59343	21.9	-2.587	1E-3
59363	21.5	-2.587	1E-3
59383	21.5	-2.587	1E-3
59403	21.7	-2.587	1E-3
59423	21.7	-2.587	1E-3
59443	21.5	-2.587	1E-3
59463	21.5	-2.587	1E-3
59483	21.4	-2.587	1E-3
59503	21.4	-2.587	1E-3
59523	21.5	-2.587	1E-3
59543	21.5	-2.587	1E-3
59563	21.4	-2.587	1E-3
59584	21.5	-2.587	1E-3
59604	21.7	-2.587	1E-3
59624	21.5	-2.587	1E-3
59644	21.5	-2.587	1E-3
59664	21.4	-2.587	1E-3
59684	21.2	-2.587	1E-3
59704	21.7	-2.587	1E-3
59724	21.2	-2.587	1E-3
59744	21.5	-2.587	1E-3
59764	22	-2.587	1E-3
59784	21.4	-2.587	1E-3
59804	21.7	-2.587	1E-3
59824	21.7	-2.587	1E-3
59844	21.7	-2.587	1E-3
59864	21.5	-2.587	1E-3
59884	21.7	-2.587	1E-3
59904	21.7	-2.587	1E-3
59924	21	-2.587	1E-3
59944	21.9	-2.587	1E-3
59964	21.5	-2.587	1E-3
59984	21.4	-2.587	1E-3
60004	21.7	-2.587	1E-3
60024	21.4	-2.587	1E-3
60044	21.7	-2.587	1E-3
60064	21.9	-2.587	1E-3
60084	21.4	-2.587	1E-3
60104	21.2	-2.587	1E-3
60124	21.4	-2.587	1E-3
60144	21.7	-2.587	1E-3
60164	21.7	-2.587	1E-3
60184	21.4	-2.587	1E-3
60204	21.7	-2.587	1E-3
60224	21.9	-2.587	1E-3
60244	21.5	-2.587	1E-3
60264	21.4	-2.587	1E-3
60284	21.7	-2.587	1E-3
60304	21.5	-2.587	1E-3
60324	21.7	-2.587	1E-3
60344	21.7	-2.587	1E-3
60364	22	-2.587	1E-3
60385	21.7	-2.587	1E-3
60405	21.4	-2.587	1E-3
60425	21.7	-2.587	1E-3
60445	22	-2.587	1E-3
60465	21.5	-2.587	1E-3
60485	21.5	-2.587	1E-3
60505	21.7	-2.587	1E-3
60525	21.7	-2.587	1E-3
60545	21.7	-2.587	1E-3
60565	21.4	-2.587	1E-3
60585	21.7	-2.587	1E-3
60605	21.9	-2.587	1E-3
60625	21.7	-2.587	1E-3
60645	21.5	-2.587	1E-3
60665	21.4	-2.587	1E-3
60685	21.7	-2.587	1E-3
60705	21.5	-2.587	1E-3
60725	22	-2.587	1E-3
60745	21.5	-2.587	1E-3
60765	21.7	-2.587	1E-3
60785	21.5	-2.587	1E-3
60805	21.9	-2.587	1E-3
60825	21.5	-2.587	1E-3
60845	21.4	-2.587	1E-3
60865	21.5	-2.587	1E-3
60885	21.5	-2.587	1E-3
60905	21.5	-2.587	1E-3
60925	21.5	-2.587	1E-3
60945	21.4	-2.587	1E-3
60965	21.4	-2.587	1E-3
60985	21.7	-2.587	1E-3
61006	21.7	-2.587	1E-3
61026	21.5	-2.587	1E-3
61046	21.5	-2.587	1E-3
61066	21.7	-2.587	1E-3
61086	21.9	-2.587	1E-3
61106	21.5	-2.587	1E-3
61126	21.4	-2.587	1E-3
61146	21.7	-2.587	1E-3
61166	21.7	-2.587	1E-3
61186	21.7	-2.587	1E-3
61206	21.5	-2.587	1E-3
61226	21.7	-2.587	1E-3
61246	21.4	-2.587	1E-3
61266	21.5	-2.587	1E-3
61286	21	-2.587	1E-3
61306	21.5	-2.587	1E-3
61326	21.7	-2.587	1E-3
61346	21.4	-2.587	1E-3
61366	21.5	-2.587	1E-3
61386	21.5	-2.587	1E-3
61406	21.7	-2.587	1E-3
61426	21	-2.587	1E-3
61446	21.7	-2.587	1E-3
61466	21.7	-2.587	1E-3
61486	21.7	-2.587	1E-3
61506	21.5	-2.587	1E-3
61526	21.4	-2.587	1E-3
61546	21.5	-2.587	1E-3
61566	21.4	-2.587	1E-3
61586	21.5	-2.587	1E-3
61606	21.7	-2.587	1E-3
61626	21.4	-2.587	1E-3
61646	21.4	-2.587	1E-3
61666	21.2	-2.587	1E-3
61686	21.2	-2.587	1E-3
61706	21.7	-2.587	1E-3
61726	21.5	-2.587	1E-3
61746	21.2	-2.587	1E-3
61766	21.5	-2.587	1E-3
61786	21.4	-2.587	1E-3
61806	21.4	-2.587	1E-3
61826	21.2	-2.587	1E-3
61846	21.5	-2.587	1E-3
61866	21.7	-2.587	1E-3
61886	21.7	-2.587	1E-3
61906	21.4	-2.587	1E-3
61926	21.4	-2.587	1E-3
61946	21.2	-2.587	1E-3
61966	21.7	-2.587	1E-3
61986	21.4	-2.587	1E-3
62006	21.4	-2.587	1E-3
62027	21.5	-2.587	1E-3
62047	21.5	-2.587	1E-3
62067	21.4	-2.587	1E-3
62087	21.5	-2.587	1E-3
62107	21.9	-2.587	1E-3
62127	21.5	-2.587	1E-3
62147	21.4	-2.587	1E-3
62167	21.5	-2.587	1E-3
62187	21.2	-2.587	1E-3
62207	21.2	-2.587	1E-3
62227	20.8	-2.587	1E-3
62247	21.5	-2.587	1E-3
62267	21.4	-2.587	1E-3
62287	21.4	-2.587	1E-3
62307	21.4	-2.587	1E-3
62327	21	-2.587	1E-3
62347	21.2	-2.587	1E-3
62367	21.2	-2.587	1E-3
62387	21.4	-2.587	1E-3
62407	21.2	-2.587	1E-3
62427	21.4	-2.587	1E-3
62447	21.5	-2.587	1E-3
62467	21.7	-2.587	1E-3
62487	21.7	-2.587	1E-3
62507	21.4	-2.587	1E-3
62527	21	-2.587	1E-3
62547	21	-2.587	1E-3
62567	21.4	-2.587	1E-3
62587	21.2	-2.587	1E-3
62607	21.2	-2.587	1E-3
62627	21.5	-2.587	1E-3
62647	21.2	-2.587	1E-3
62667	21.7	-2.587	1E-3
62687	21.2	-2.587	1E-3
62707	21.4	-2.587	1E-3
62727	21.5	-2.587	1E-3
62747	21.5	-2.587	1E-3
62768	21.2	-2.587	1E-3
62788	21.2	-2.587	1E-3
62808	21.2	-2.587	1E-3
62828	21	-2.587	1E-3
62848	21.2	-2.587	1E-3
62868	21.4	-2.587	1E-3
62888	21.4	-2.587	1E-3
62908	21	-2.587	1E-3
62928	21.2	-2.587	1E-3
62948	21	-2.587	1E-3
62968	21.2	-2.587	1E-3
62988	21.4	-2.587	1E-3
63008	21.2	-2.587	1E-3
63028	21	-2.587	1E-3
63048	21.4	-2.587	1E-3
63068	20.6	-2.587	1E-3
63088	21	-2.587	1E-3
63108	21.4	-2.587	1E-3
63128	21.4	-2.587	1E-3
63148	21	-2.587	1E-3
63168	21.5	-2.587	1E-3
63188	21.4	-2.587	1E-3
63208	21.4	-2.587	1E-3
63228	21.4	-2.587	1E-3
63248	21.4	-2.587	1E-3
63268	21	-2.588	1E-3
63288	21.2	-2.587	1E-3
63308	21.5	-2.588	1E-3
63328	21.4	-2.588	1E-3
63348	21	-2.588	1E-3
63368	21.4	-2.588	1E-3
63388	21.5	-2.588	1E-3
63408	21	-2.588	1E-3
63428	21	-2.588	1E-3
63448	21.5	-2.588	1E-3
63468	21.4	-2.588	1E-3
63489	21	-2.588	1E-3
63513	21.5	-2.588	1E-3
63533	21.4	-2.588	1E-3
63553	21.2	-2.588	1E-3
63573	21.2	-2.588	1E-3
63593	21.4	-2.588	1E-3
63614	21.2	-2.588	1E-3
63634	21.4	-2.588	1E-3
63654	21.5	-2.588	1E-3
63674	21	-2.588	1E-3
63694	21.4	-2.588	1E-3
63714	21.2	-2.588	1E-3
63734	21.2	-2.588	1E-3
63754	21.4	-2.588	1E-3
63774	21	-2.588	1E-3
63794	20.8	-2.588	1E-3
63814	21.5	-2.588	1E-3
63834	21.2	-2.588	1E-3
63854	21.2	-2.588	1E-3
63874	21	-2.588	1E-3
63894	21.4	-2.588	1E-3
63914	21.4	-2.588	1E-3
63934	21	-2.588	1E-3
63954	21.2	-2.588	1E-3
63974	21.4	-2.588	1E-3
63994	21.2	-2.588	1E-3
64014	21.2	-2.588	1E-3
64034	21.4	-2.588	1E-3
64054	21.2	-2.588	1E-3
64074	21.5	-2.588	1E-3
64094	21.4	-2.588	1E-3
64114	21.4	-2.588	1E-3
64134	20.6	-2.588	1E-3
64154	21	-2.588	1E-3
64174	21.2	-2.588	1E-3
64194	20.8	-2.588	1E-3
64214	21.4	-2.588	1E-3
64234	21.2	-2.588	1E-3
64254	21	-2.588	1E-3
64274	21	-2.588	1E-3
64294	21.4	-2.588	1E-3
64315	21.4	-2.588	1E-3
64339	21.4	-2.588	1E-3
64359	21.4	-2.588	1E-3
64380	21.4	-2.588	1E-3
64400	21.2	-2.588	1E-3
64420	21	-2.588	1E-3
64440	21.2	-2.588	1E-3
64460	21.2	-2.588	1E-3
64480	21.4	-2.588	1E-3
64500	21.2	-2.588	1E-3
64520	21	-2.588	1E-3
64540	20.8	-2.588	1E-3
64560	21	-2.588	1E-3
64580	21.4	-2.588	1E-3
64600	21.2	-2.588	1E-3
64620	21	-2.588	1E-3
64640	21.2	-2.588	1E-3
64660	21	-2.588	1E-3
64680	21.5	-2.588	1E-3
64700	21.2	-2.588	1E-3
64720	21	-2.588	1E-3
64740	21.4	-2.588	1E-3
64760	21	-2.588	1E-3
64780	21	-2.588	1E-3
64800	21.2	-2.588	1E-3
64820	20.8	-2.588	1E-3
64840	21.2	-2.588	1E-3
64860	21.2	-2.588	1E-3
64880	21	-2.588	1E-3
64900	21.2	-2.588	1E-3
64920	20.8	-2.588	1E-3
64940	21.2	-2.588	1E-3
64960	21	-2.588	1E-3
64980	21.4	-2.588	1E-3
65000	21.4	-2.588	1E-3
65020	21.2	-2.588	1E-3
65040	21.4	-2.588	1E-3
65060	21	-2.588	1E-3
65080	21.2	-2.588	1E-3
65100	21	-2.588	1E-3
65120	21.2	-2.588	1E-3
65141	20.8	-2.588	1E-3
65161	21.2	-2.588	1E-3
65181	21	-2.588	1E-3
65201	21.4	-2.588	1E-3
65221	21.2	-2.588	1E-3
65241	21.2	-2.588	1E-3
65261	21.2	-2.588	1E-3
65281	21.2	-2.588	1E-3
65301	21.5	-2.588	1E-3
65321	21.2	-2.588	1E-3
65341	21	-2.588	1E-3
65361	21	-2.588	1E-3
65381	21.2	-2.588	1E-3
65401	21	-2.588	1E-3
65421	21	-2.588	1E-3
65441	20.8	-2.588	1E-3
65461	21	-2.588	1E-3
65481	20.8	-2.588	1E-3
65501	21.2	-2.588	1E-3
65521	21.2	-2.588	1E-3
65541	21	-2.588	1E-3
65561	21.4	-2.588	1E-3
65581	21.5	-2.588	1E-3
65601	21	-2.588	1E-3
65621	21.4	-2.588	1E-3
65641	21.2	-2.588	1E-3
65661	21	-2.588	1E-3
65681	21	-2.588	1E-3
65701	21.2	-2.588	1E-3
65721	20.6	-2.588	1E-3
65741	21	-2.588	1E-3
65761	20.8	-2.588	1E-3
65781	21.2	-2.588	1E-3
65801	21	-2.588	1E-3
65821	21.4	-2.588	1E-3
65841	20.8	-2.588	1E-3
65861	20.6	-2.588	1E-3
65881	21	-2.588	1E-3
65901	20.8	-2.588	1E-3
65921	20.8	-2.588	1E-3
65941	21	-2.588	1E-3
65961	21.2	-2.588	1E-3
65981	21.2	-2.588	1E-3
66001	21.4	-2.588	1E-3
66021	21.2	-2.588	1E-3
66041	21	-2.588	1E-3
66061	21.4	-2.588	1E-3
66081	21.4	-2.588	1E-3
66102	21	-2.588	1E-3
66122	21.2	-2.588	1E-3
66142	21	-2.588	1E-3
66162	21.2	-2.588	1E-3
66182	21.4	-2.588	1E-3
66202	21.4	-2.588	1E-3
66222	21	-2.588	1E-3
66242	21.2	-2.588	1E-3
66262	21.4	-2.588	1E-3
66282	21	-2.588	1E-3
66302	20.5	-2.588	1E-3
66322	21	-2.588	1E-3
66342	21.2	-2.588	1E-3
66362	21.4	-2.588	1E-3
66382	20.8	-2.588	1E-3
66402	21.2	-2.588	1E-3
66422	21	-2.588	1E-3
66442	21	-2.588	1E-3
66462	21	-2.588	1E-3
66482	21	-2.588	1E-3
66502	21	-2.588	1E-3
66522	21.4	-2.588	1E-3
66542	21	-2.588	1E-3
66562	20.6	-2.588	1E-3
66582	20.6	-2.588	1E-3
66602	21.2	-2.588	1E-3
66622	21.2	-2.588	1E-3
66642	20.5	-2.588	1E-3
66662	21.2	-2.588	1E-3
66682	21.4	-2.588	1E-3
66702	20.8	-2.588	1E-3
66722	21	-2.588	1E-3
66742	20.8	-2.588	1E-3
66762	21.4	-2.588	1E-3
66782	21	-2.588	1E-3
66802	21.2	-2.588	1E-3
66822	21	-2.588	1E-3
66842	21	-2.588	1E-3
66862	21.4	-2.588	1E-3
66883	20.8	-2.588	1E-3
66903	20.6	-2.588	1E-3
66923	21	-2.588	1E-3
66943	20.8	-2.588	1E-3
66963	20.5	-2.588	1E-3
66983	20.8	-2.588	1E-3
67003	20.5	-2.588	1E-3
67023	21.2	-2.588	1E-3
67043	20.6	-2.588	1E-3
67063	20.8	-2.588	1E-3
67083	20.5	-2.588	1E-3
67103	20.8	-2.588	1E-3
67123	20.5	-2.588	1E-3
67143	20.6	-2.588	1E-3
67163	21	-2.588	1E-3
67183	20.8	-2.588	1E-3
67203	20.8	-2.588	1E-3
67223	20.8	-2.588	1E-3
67243	21.2	-2.588	1E-3
67263	21	-2.588	1E-3
67283	20.8	-2.588	1E-3
67303	20.6	-2.588	1E-3
67323	20.8	-2.588	1E-3
67343	20.8	-2.588	1E-3
67363	20.5	-2.588	1E-3
67383	21	-2.588	1E-3
67403	20.6	-2.588	1E-3
67423	20.6	-2.588	1E-3
67443	21	-2.588	1E-3
67463	21	-2.588	1E-3
67483	20.8	-2.588	1E-3
67503	21	-2.588	1E-3
67523	21	-2.588	1E-3
67543	20.8	-2.588	1E-3
67563	20.6	-2.588	1E-3
67583	20.6	-2.588	1E-3
67603	20.8	-2.588	1E-3
67623	21	-2.588	1E-3
67644	20.8	-2.588	1E-3
67664	20.5	-2.588	1E-3
67684	20.8	-2.588	1E-3
67704	20.8	-2.588	1E-3
67724	20.6	-2.588	1E-3
67744	20.8	-2.588	1E-3
67764	20.8	-2.588	1E-3
67784	20.8	-2.588	1E-3
67804	20.8	-2.588	1E-3
67824	20.6	-2.588	1E-3
67844	20.8	-2.588	1E-3
67864	20.5	-2.588	1E-3
67884	20.5	-2.588	1E-3
67904	20.3	-2.588	1E-3
67924	20.8	-2.588	1E-3
67944	20.6	-2.588	1E-3
67964	20.5	-2.588	1E-3
67984	20.8	-2.588	1E-3
68004	20.6	-2.588	1E-3
68024	20.6	-2.588	1E-3
68044	20.5	-2.588	1E-3
68064	20.6	-2.588	1E-3
68084	20.5	-2.588	1E-3
68104	20.6	-2.588	1E-3
68124	20.8	-2.588	1E-3
68144	20.8	-2.588	1E-3
68164	20.5	-2.588	1E-3
68184	20.8	-2.588	1E-3
68204	20.5	-2.588	1E-3
68224	20.5	-2.588	1E-3
68244	20.8	-2.588	1E-3
68264	20.6	-2.588	1E-3
68284	20.6	-2.588	1E-3
68304	20.5	-2.588	1E-3
68324	20.5	-2.588	1E-3
68344	20.5	-2.588	1E-3
68364	21.2	-2.588	1E-3
68384	20.8	-2.588	1E-3
68404	20.5	-2.588	1E-3
68424	20.8	-2.588	1E-3
68444	20.8	-2.588	1E-3
68465	20.6	-2.588	1E-3
68489	20.3	-2.588	1E-3
68509	20.6	-2.588	1E-3
68529	20.6	-2.588	1E-3
68549	21	-2.588	1E-3
68569	21	-2.588	1E-3
68590	20.8	-2.588	1E-3
68610	20.8	-2.588	1E-3
68630	20.6	-2.588	1E-3
68650	20.8	-2.588	1E-3
68670	20.8	-2.588	1E-3
68690	20.6	-2.588	1E-3
68710	20.8	-2.588	1E-3
68730	20.6	-2.588	1E-3
68750	20.8	-2.588	1E-3
68770	20.8	-2.588	1E-3
68790	20.6	-2.588	1E-3
68810	20.8	-2.588	1E-3
68830	20.5	-2.588	1E-3
68850	20.6	-2.588	1E-3
68870	20.3	-2.588	1E-3
68890	20.6	-2.588	1E-3
68910	20.6	-2.588	1E-3
68930	20.5	-2.588	1E-3
68950	20.6	-2.588	1E-3
68970	20.6	-2.588	1E-3
68990	20.5	-2.588	1E-3
69010	21	-2.588	1E-3
69030	20.8	-2.588	1E-3
69050	20.6	-2.588	1E-3
69070	20.6	-2.588	1E-3
69090	20.6	-2.588	1E-3
69110	20.5	-2.588	1E-3
69130	20.8	-2.588	1E-3
69150	20.6	-2.588	1E-3
69170	20.8	-2.588	1E-3
69190	20.8	-2.588	1E-3
69210	20.8	-2.588	1E-3
69230	20.6	-2.588	1E-3
69250	21	-2.588	1E-3
69270	20.6	-2.588	1E-3
69290	20.8	-2.588	1E-3
69310	20.6	-2.588	1E-3
69330	20.5	-2.588	1E-3
69350	20.5	-2.588	1E-3
69370	20.5	-2.588	1E-3
69390	20.6	-2.588	1E-3
69410	20.6	-2.588	1E-3
69430	20.3	-2.588	1E-3
69450	20.8	-2.588	1E-3
69470	20.8	-2.588	1E-3
69490	20.6	-2.588	1E-3
69510	20.8	-2.588	1E-3
69530	20.6	-2.588	1E-3
69550	20.6	-2.588	1E-3
69571	20.8	-2.588	1E-3
69591	20.6	-2.588	1E-3
69611	20.8	-2.588	1E-3
69631	20.8	-2.588	1E-3
69651	20.6	-2.588	1E-3
69671	20.6	-2.588	1E-3
69691	20.5	-2.588	1E-3
69711	21	-2.588	1E-3
69731	20.8	-2.588	1E-3
69751	20.3	-2.588	1E-3
69771	20.6	-2.588	1E-3
69791	20.8	-2.588	1E-3
69811	21.2	-2.588	1E-3
69831	20.5	-2.588	1E-3
69851	21	-2.588	1E-3
69871	20.8	-2.588	1E-3
69891	20.5	-2.588	1E-3
69911	20.8	-2.588	1E-3
69931	20.5	-2.588	1E-3
69951	21	-2.588	1E-3
69971	20.1	-2.588	1E-3
69991	20.5	-2.588	1E-3
70011	20.5	-2.588	1E-3
70031	20.3	-2.588	1E-3
70051	20.8	-2.588	1E-3
70071	20.3	-2.588	1E-3
70091	20.6	-2.588	1E-3
70111	20.5	-2.588	1E-3
70131	20.5	-2.588	1E-3
70151	20.5	-2.588	1E-3
70171	20.8	-2.588	1E-3
70191	21	-2.588	1E-3
70211	20.6	-2.588	1E-3
70231	20.8	-2.588	1E-3
70251	20.8	-2.588	1E-3
70271	21	-2.588	1E-3
70291	21	-2.588	1E-3
70311	20.8	-2.588	1E-3
70331	20.5	-2.588	1E-3
70351	20.6	-2.588	1E-3
70371	20.5	-2.588	1E-3
70391	20.8	-2.588	1E-3
70411	20.8	-2.588	1E-3
70431	20.6	-2.588	1E-3
70451	20.6	-2.588	1E-3
70472	20.6	-2.588	1E-3
70492	20.3	-2.588	1E-3
70512	20.6	-2.588	1E-3
70532	20.8	-2.588	1E-3
70552	20.8	-2.588	1E-3
70572	20.5	-2.588	1E-3
70592	20.8	-2.588	1E-3
70612	20.6	-2.588	1E-3
70632	20.8	-2.588	1E-3
70652	20.5	-2.588	1E-3
70672	21	-2.588	1E-3
70692	20.5	-2.588	1E-3
70712	20.8	-2.588	1E-3
70732	20.6	-2.588	1E-3
70752	20.5	-2.588	1E-3
70772	20.3	-2.588	1E-3
70792	20.3	-2.588	1E-3
70812	20.8	-2.588	1E-3
70832	20.8	-2.588	1E-3
70852	20.8	-2.588	1E-3
70872	20.8	-2.588	1E-3
70892	20.6	-2.588	1E-3
70912	20.8	-2.588	1E-3
70932	20.6	-2.588	1E-3
70952	20.6	-2.588	1E-3
70972	20.8	-2.588	1E-3
70992	21	-2.588	1E-3
71013	20.8	-2.588	1E-3
71033	20.6	-2.588	1E-3
71053	20.6	-2.588	1E-3
71073	21	-2.588	1E-3
71093	20.6	-2.588	1E-3
71113	20.5	-2.588	1E-3
71133	20.5	-2.588	1E-3
71153	20.1	-2.588	1E-3
71173	20.6	-2.588	1E-3
71193	20.3	-2.588	1E-3
71213	20.5	-2.588	1E-3
71233	20.5	-2.588	1E-3
71253	20.5	-2.588	1E-3
71273	20.6	-2.588	1E-3
71293	20.5	-2.588	1E-3
71313	20.3	-2.588	1E-3
71333	20.5	-2.588	1E-3
71353	20.6	-2.588	1E-3
71373	21.2	-2.588	1E-3
71393	20.6	-2.588	1E-3
71413	20.5	-2.588	1E-3
71433	20.3	-2.588	1E-3
71453	20.1	-2.588	1E-3
71473	20.5	-2.588	1E-3
71493	20.5	-2.588	1E-3
71513	20.6	-2.588	1E-3
71533	20.5	-2.588	1E-3
71553	20.5	-2.588	1E-3
71573	20	-2.588	1E-3
71593	20.8	-2.588	1E-3
71613	20.6	-2.588	1E-3
71633	20.5	-2.588	1E-3
71653	20.3	-2.588	1E-3
71673	20.5	-2.588	1E-3
71693	20.6	-2.588	1E-3
71713	20.5	-2.588	1E-3
71734	20.1	-2.588	1E-3
71754	20.3	-2.588	1E-3
71774	20.6	-2.588	1E-3
71794	20.6	-2.588	1E-3
71814	20.5	-2.588	1E-3
71834	20.8	-2.588	1E-3
71854	20.1	-2.588	1E-3
71874	20.1	-2.588	1E-3
71894	20.3	-2.588	1E-3
71914	20.8	-2.588	1E-3
71934	20.3	-2.588	1E-3
71954	20.6	-2.588	1E-3
71974	20.1	-2.588	1E-3
71994	20	-2.588	1E-3
72014	20.1	-2.588	1E-3
72034	20.6	-2.588	1E-3
72054	20.5	-2.588	1E-3
72074	20.6	-2.588	1E-3
72094	20.5	-2.588	1E-3
72114	20.5	-2.588	1E-3
72134	20.5	-2.588	1E-3
72154	20.3	-2.588	1E-3
72174	20.1	-2.588	1E-3
72194	20.8	-2.588	1E-3
72214	20.6	-2.588	1E-3
72234	20.5	-2.588	1E-3
72254	20.3	-2.588	1E-3
72274	20.1	-2.588	1E-3
72294	20.1	-2.588	1E-3
72314	20.1	-2.588	1E-3
72334	20.5	-2.588	1E-3
72354	20.3	-2.588	1E-3
72374	20.5	-2.588	1E-3
72394	20.5	-2.588	1E-3
72414	20.5	-2.588	1E-3
72434	20.6	-2.588	1E-3
72454	20.6	-2.588	1E-3
72474	20.1	-2.588	1E-3
72494	20.5	-2.588	1E-3
72514	20.5	-2.588	1E-3
72534	20.3	-2.588	1E-3
72554	20.8	-2.588	1E-3
72574	20.3	-2.588	1E-3
72594	20.3	-2.588	1E-3
72614	20.8	-2.588	1E-3
72634	20.6	-2.588	1E-3
72654	20.6	-2.588	1E-3
72674	20.6	-2.588	1E-3
72695	20.3	-2.588	1E-3
72719	20.5	-2.588	1E-3
72739	20.5	-2.588	1E-3
72759	20.1	-2.588	1E-3
72779	20.3	-2.588	1E-3
72800	20.6	-2.588	1E-3
72820	20.5	-2.588	1E-3
72840	20.5	-2.588	1E-3
72860	20.5	-2.588	1E-3
72880	20.1	-2.588	1E-3
72900	20.5	-2.588	1E-3
72920	20.5	-2.588	1E-3
72940	20.5	-2.588	1E-3
72960	20.1	-2.588	1E-3
72980	20.1	-2.588	1E-3
73000	20.1	-2.588	1E-3
73020	20.6	-2.588	1E-3
73040	20.6	-2.588	1E-3
73060	20.5	-2.588	1E-3
73080	20.5	-2.588	1E-3
73100	20.3	-2.588	1E-3
73120	20.3	-2.588	1E-3
73140	20.5	-2.588	1E-3
73160	20.3	-2.588	1E-3
73180	21	-2.588	1E-3
73200	20.1	-2.588	1E-3
73220	20.3	-2.588	1E-3
73240	20.1	-2.588	1E-3
73260	20.5	-2.588	1E-3
73280	20.3	-2.588	1E-3
73300	20.5	-2.588	1E-3
73320	20	-2.588	1E-3
73340	20.8	-2.588	1E-3
73360	20.3	-2.588	1E-3
73380	20.1	-2.588	1E-3
73400	20.3	-2.588	1E-3
73420	20.5	-2.588	1E-3
73440	20.3	-2.588	1E-3
73460	20	-2.588	1E-3
73480	20.3	-2.588	1E-3
73501	20.3	-2.588	1E-3
73521	20.6	-2.588	1E-3
73541	20.3	-2.588	1E-3
73561	20.5	-2.588	1E-3
73581	20.5	-2.588	1E-3
73601	20.3	-2.588	1E-3
73621	20.5	-2.588	1E-3
73641	20.5	-2.588	1E-3
73661	20.1	-2.588	1E-3
73681	20.1	-2.588	1E-3
73701	20.6	-2.588	1E-3
73721	20.5	-2.588	1E-3
73741	20.5	-2.588	1E-3
73761	20.5	-2.588	1E-3
73781	20.3	-2.588	1E-3
73801	20.5	-2.588	1E-3
73821	20.8	-2.588	1E-3
73841	20.1	-2.588	1E-3
73861	20.3	-2.588	1E-3
73881	20.5	-2.588	1E-3
73901	20.3	-2.588	1E-3
73921	20.5	-2.588	1E-3
73941	20.3	-2.588	1E-3
73961	20.3	-2.588	1E-3
73981	20.5	-2.588	1E-3
74001	20.5	-2.588	1E-3
74021	20.5	-2.588	1E-3
74041	20.3	-2.588	1E-3
74061	20.3	-2.588	1E-3
74081	20.5	-2.588	1E-3
74101	20.1	-2.588	1E-3
74121	20.3	-2.588	1E-3
74141	20.5	-2.588	1E-3
74161	20.1	-2.588	1E-3
74181	20.1	-2.588	1E-3
74201	20.5	-2.588	1E-3
74222	20.3	-2.588	1E-3
74242	20.5	-2.588	1E-3
74262	20.5	-2.588	1E-3
74282	20.1	-2.588	1E-3
74302	20.6	-2.588	1E-3
74322	20.1	-2.588	1E-3
74342	20.3	-2.588	1E-3
74362	20.1	-2.588	1E-3
74382	20.1	-2.588	1E-3
74402	20.1	-2.588	1E-3
74422	20.1	-2.588	1E-3
74442	20.5	-2.588	1E-3
74462	20.5	-2.588	1E-3
74482	20.5	-2.588	1E-3
74502	20	-2.588	1E-3
74522	20.3	-2.588	1E-3
74542	20.5	-2.588	1E-3
74562	20.1	-2.588	1E-3
74582	20.1	-2.588	1E-3
74602	20.5	-2.588	1E-3
74622	20.6	-2.588	1E-3
74642	20.3	-2.588	1E-3
74662	20.5	-2.588	1E-3
74682	20.3	-2.588	1E-3
74702	20.3	-2.588	1E-3
74722	20.1	-2.588	1E-3
74742	20.1	-2.588	1E-3
74762	20.3	-2.588	1E-3
74782	20.5	-2.588	1E-3
74802	20.1	-2.588	1E-3
74822	20.3	-2.588	1E-3
74842	20.5	-2.588	1E-3
74862	20.6	-2.588	1E-3
74882	20.3	-2.588	1E-3
74902	20.1	-2.588	1E-3
74922	20.1	-2.588	1E-3
74943	20.5	-2.588	1E-3
74963	20.5	-2.588	1E-3
74983	20.1	-2.588	1E-3
75003	20.3	-2.588	1E-3
75023	20.5	-2.588	1E-3
75043	20.1	-2.588	1E-3
75063	20.3	-2.588	1E-3
75083	20.3	-2.588	1E-3
75103	20.3	-2.588	1E-3
75123	20	-2.588	1E-3
75143	20.1	-2.588	1E-3
75163	20.3	-2.588	1E-3
75183	20.1	-2.588	1E-3
75203	20.1	-2.588	1E-3
75223	20.3	-2.588	1E-3
75243	20.1	-2.588	1E-3
75263	20.3	-2.588	1E-3
75283	20.1	-2.588	1E-3
75303	20.1	-2.588	1E-3
75323	20.1	-2.588	1E-3
75343	20	-2.588	1E-3
75363	20.3	-2.588	1E-3
75383	20.1	-2.588	1E-3
75403	20.1	-2.588	1E-3
75423	20.3	-2.588	1E-3
75444	20.3	-2.588	1E-3
75468	20.5	-2.588	1E-3
75488	20.3	-2.588	1E-3
75509	20.3	-2.588	1E-3
75529	20	-2.588	1E-3
75549	20.3	-2.588	1E-3
75569	20.3	-2.588	1E-3
75589	20.3	-2.588	1E-3
75609	20	-2.588	1E-3
75629	20.3	-2.588	1E-3
75649	20.1	-2.588	1E-3
75669	20.5	-2.588	1E-3
75689	20.3	-2.588	1E-3
75709	20.3	-2.588	1E-3
75729	20.5	-2.588	1E-3
75749	20.5	-2.588	1E-3
75769	20.3	-2.588	1E-3
75789	20.1	-2.588	1E-3
75809	20.3	-2.588	1E-3
75829	20.5	-2.588	1E-3
75849	20.1	-2.588	1E-3
75869	20.1	-2.588	1E-3
75889	20.3	-2.588	1E-3
75909	20	-2.588	1E-3
75929	20.1	-2.588	1E-3
75949	20.1	-2.588	1E-3
75969	20.1	-2.588	1E-3
75989	20.3	-2.588	1E-3
76009	20.3	-2.588	1E-3
76029	20	-2.588	1E-3
76049	19.6	-2.588	1E-3
76069	20.3	-2.588	1E-3
76089	20.3	-2.588	1E-3
76109	20.5	-2.588	1E-3
76129	20.1	-2.588	1E-3
76149	20.1	-2.588	1E-3
76169	20.1	-2.588	1E-3
76189	20.3	-2.588	1E-3
76209	20.1	-2.588	1E-3
76229	20	-2.588	1E-3
76249	20.3	-2.588	1E-3
76269	20.3	-2.588	1E-3
76289	20.3	-2.588	1E-3
76309	20	-2.588	1E-3
76329	20.3	-2.588	1E-3
76349	20.1	-2.588	1E-3
76369	20.3	-2.588	1E-3
76390	20.5	-2.588	1E-3
76410	20.3	-2.588	1E-3
76430	20	-2.588	1E-3
76450	20	-2.588	1E-3
76470	20.1	-2.588	1E-3
76490	20	-2.588	1E-3
76510	20.5	-2.588	1E-3
76530	20.3	-2.588	1E-3
76550	20.1	-2.588	1E-3
76570	20.1	-2.588	1E-3
76590	20.1	-2.588	1E-3
76610	20	-2.588	1E-3
76630	20.1	-2.588	1E-3
76650	20.1	-2.588	1E-3
76670	20	-2.588	1E-3
76690	20.3	-2.588	1E-3
76710	20.1	-2.588	1E-3
76730	20.1	-2.588	1E-3
76750	20.1	-2.588	1E-3
76770	20.1	-2.588	1E-3
76790	20	-2.588	1E-3
76810	20.1	-2.588	1E-3
76830	20	-2.588	1E-3
76850	20.1	-2.588	1E-3
76870	20.3	-2.588	1E-3
76890	20.1	-2.588	1E-3
76910	20.3	-2.588	1E-3
76930	20	-2.588	1E-3
76950	20	-2.588	1E-3
76970	20.3	-2.588	1E-3
76990	20	-2.588	1E-3
77010	20.1	-2.588	1E-3
77030	20	-2.588	1E-3
77051	20.1	-2.588	1E-3
77071	20.1	-2.588	1E-3
77091	20	-2.588	1E-3
77111	20	-2.588	1E-3
77131	20.3	-2.588	1E-3
77151	20.1	-2.588	1E-3
77171	20.1	-2.588	1E-3
77191	20.3	-2.588	1E-3
77211	20.3	-2.588	1E-3
77231	20.1	-2.588	1E-3
77251	20	-2.588	1E-3
77271	20.1	-2.588	1E-3
77291	20.1	-2.588	1E-3
77311	20	-2.588	1E-3
77331	20.3	-2.588	1E-3
77351	20.1	-2.588	1E-3
77371	20.1	-2.588	1E-3
77391	20.3	-2.588	1E-3
77411	20.1	-2.588	1E-3
77431	20.3	-2.588	1E-3
77451	20.1	-2.588	1E-3
77471	20.3	-2.588	1E-3
77491	20.1	-2.588	1E-3
77511	20.1	-2.588	1E-3
77531	19.8	-2.588	1E-3
77551	20.1	-2.588	1E-3
77571	20.1	-2.588	1E-3
77591	20.3	-2.588	1E-3
77611	20	-2.588	1E-3
77631	20.1	-2.588	1E-3
77651	20	-2.588	1E-3
77671	20.1	-2.588	1E-3
77691	20.3	-2.588	1E-3
77711	20.3	-2.588	1E-3
77732	20.1	-2.588	1E-3
77752	20	-2.588	1E-3
77772	20	-2.588	1E-3
77792	20.3	-2.588	1E-3
77812	20	-2.588	1E-3
77832	20.1	-2.588	1E-3
77852	20.5	-2.588	1E-3
77872	20	-2.588	1E-3
77892	20	-2.588	1E-3
77912	20	-2.588	1E-3
77932	20.1	-2.588	1E-3
77952	20	-2.588	1E-3
77972	20.3	-2.588	1E-3
77992	20.1	-2.588	1E-3
78012	20.1	-2.588	1E-3
78032	20.1	-2.588	1E-3
78052	20.1	-2.588	1E-3
78072	20.3	-2.588	1E-3
78092	20.3	-2.588	1E-3
78112	20.3	-2.588	1E-3
78132	20.1	-2.588	1E-3
78152	20.1	-2.588	1E-3
78172	20	-2.588	1E-3
78192	20	-2.588	1E-3
78212	20	-2.588	1E-3
78232	19.8	-2.588	1E-3
78252	20	-2.588	1E-3
78272	20.1	-2.588	1E-3
78292	20	-2.588	1E-3
78312	20.1	-2.588	1E-3
78332	20	-2.588	1E-3
78352	20	-2.588	1E-3
78372	20	-2.588	1E-3
78393	20	-2.588	1E-3
78413	20	-2.588	1E-3
78433	20.3	-2.588	1E-3
78453	20.1	-2.588	1E-3
78473	20.1	-2.588	1E-3
78493	20	-2.588	1E-3
78513	20.1	-2.588	1E-3
78533	20.1	-2.588	1E-3
78553	20	-2.588	1E-3
78573	20.1	-2.588	1E-3
78593	19.8	-2.588	1E-3
78613	20	-2.588	1E-3
78633	20	-2.588	1E-3
78653	20.1	-2.588	1E-3
78673	20.1	-2.588	1E-3
78693	20	-2.588	1E-3
78713	20.1	-2.588	1E-3
78733	20	-2.588	1E-3
78753	20	-2.588	1E-3
78773	20.1	-2.588	1E-3
78793	20.3	-2.588	1E-3
78813	19.8	-2.588	1E-3
78833	20.1	-2.588	1E-3
78853	20.3	-2.588	1E-3
78873	20.1	-2.588	1E-3
78893	20	-2.588	1E-3
78913	20.1	-2.588	1E-3
78933	20	-2.588	1E-3
78953	20.1	-2.588	1E-3
78973	20	-2.588	1E-3
78993	20	-2.588	1E-3
79013	20.1	-2.588	1E-3
79033	20	-2.588	1E-3
79053	20.1	-2.588	1E-3
79073	20	-2.588	1E-3
79094	20	-2.588	1E-3
79114	20	-2.588	1E-3
79134	20.1	-2.588	1E-3
79154	19.8	-2.588	1E-3
79174	20.1	-2.588	1E-3
79194	20	-2.588	1E-3
79214	20	-2.588	1E-3
79234	19.8	-2.588	1E-3
79254	20.1	-2.589	1E-3
79274	20.3	-2.588	1E-3
79294	20.3	-2.589	1E-3
79314	20.1	-2.588	1E-3
79334	20.1	-2.588	1E-3
79354	20	-2.589	1E-3
79374	20.1	-2.589	1E-3
79394	20.3	-2.589	1E-3
79414	20	-2.589	1E-3
79434	20.1	-2.589	1E-3
79454	20.1	-2.589	1E-3
79474	20.1	-2.589	1E-3
79494	20.3	-2.589	1E-3
79514	20.3	-2.589	1E-3
79534	20	-2.589	1E-3
79554	20.3	-2.589	1E-3
79574	20.1	-2.589	1E-3
79594	20.1	-2.589	1E-3
79614	20.1	-2.589	1E-3
79634	20.3	-2.589	1E-3
79654	20.3	-2.589	1E-3
79674	20	-2.589	1E-3
79694	20.3	-2.589	1E-3
79714	20.3	-2.589	1E-3
79734	19.8	-2.589	1E-3
79754	20	-2.589	1E-3
79774	20.1	-2.589	1E-3
79794	20.1	-2.589	1E-3
79814	20.3	-2.589	1E-3
79834	20.1	-2.589	1E-3
79855	20	-2.589	1E-3
79875	20.1	-2.589	1E-3
79895	20	-2.589	1E-3
79915	20.1	-2.589	1E-3
79935	20.1	-2.589	1E-3
79955	20	-2.589	1E-3
79975	20.3	-2.589	1E-3
79995	20.3	-2.589	1E-3
80015	20.1	-2.589	1E-3
80035	20	-2.589	1E-3
80055	20	-2.589	1E-3
80075	20.1	-2.589	1E-3
80095	19.8	-2.589	1E-3
80115	20	-2.589	1E-3
80135	20.1	-2.589	1E-3
80155	20	-2.589	1E-3
80175	20	-2.589	1E-3
80195	20	-2.589	1E-3
80215	19.8	-2.589	1E-3
80235	20.1	-2.589	1E-3
80255	20.3	-2.589	1E-3
80275	20.1	-2.589	1E-3
80295	20.1	-2.589	1E-3
80315	20	-2.589	1E-3
80335	20.3	-2.589	1E-3
80355	20.1	-2.589	1E-3
80375	20.1	-2.589	1E-3
80395	20	-2.589	1E-3
80415	20.1	-2.589	1E-3
80435	20.1	-2.589	1E-3
80456	20.3	-2.589	1E-3
80476	20.3	-2.589	1E-3
80496	20.1	-2.589	1E-3
80516	20.3	-2.589	1E-3
80536	20.3	-2.589	1E-3
80556	20.1	-2.589	1E-3
80576	19.8	-2.589	1E-3
80596	20.1	-2.589	1E-3
80616	20.1	-2.589	1E-3
80636	20	-2.589	1E-3
80656	20	-2.589	1E-3
80676	20.1	-2.589	1E-3
80696	20.1	-2.589	1E-3
80716	20	-2.589	1E-3
80736	20	-2.589	1E-3
80756	20	-2.589	1E-3
80776	20.3	-2.589	1E-3
80796	20.1	-2.589	1E-3
80816	20	-2.589	1E-3
80836	20.1	-2.589	1E-3
80856	20	-2.589	1E-3
80876	20	-2.589	1E-3
80896	20	-2.589	1E-3
80916	20	-2.589	1E-3
80936	20.3	-2.589	1E-3
80956	20.1	-2.589	1E-3
80976	20.1	-2.589	1E-3
80996	20.3	-2.589	1E-3
81016	20.1	-2.589	1E-3
81036	20	-2.589	1E-3
81056	19.8	-2.589	1E-3
81076	19.8	-2.589	1E-3
81096	20.3	-2.589	1E-3
81116	20.3	-2.589	1E-3
81136	20.3	-2.589	1E-3
81156	20.1	-2.589	1E-3
81176	20	-2.589	1E-3
81197	19.8	-2.589	1E-3
81221	20.3	-2.589	1E-3
81242	20.3	-2.589	1E-3
81262	20	-2.589	1E-3
81282	20.1	-2.589	1E-3
81302	20.3	-2.589	1E-3
81322	20.1	-2.589	1E-3
81342	20	-2.589	1E-3
81362	20.3	-2.589	1E-3
81382	20	-2.589	1E-3
81402	20	-2.589	1E-3
81422	20	-2.589	1E-3
81442	20	-2.589	1E-3
81462	20.1	-2.589	1E-3
81482	20.3	-2.589	1E-3
81502	20.1	-2.589	1E-3
81522	20.3	-2.589	1E-3
81542	20.1	-2.589	1E-3
81562	20	-2.589	1E-3
81582	20	-2.589	1E-3
81602	20.1	-2.589	1E-3
81622	20.1	-2.589	1E-3
81642	19.8	-2.589	1E-3
81662	19.8	-2.589	1E-3
81682	20.1	-2.589	1E-3
81702	20	-2.589	1E-3
81722	20.1	-2.589	1E-3
81742	20.1	-2.589	1E-3
81762	20	-2.589	1E-3
81782	20.1	-2.589	1E-3
81802	19.8	-2.589	1E-3
81822	20	-2.589	1E-3
81842	20	-2.589	1E-3
81862	20.1	-2.589	1E-3
81882	20	-2.589	1E-3
81902	19.8	-2.589	1E-3
81922	20.1	-2.589	1E-3
81942	20.1	-2.589	1E-3
81962	20	-2.589	1E-3
81982	20.1	-2.589	1E-3
82002	20.1	-2.589	1E-3
82022	20.1	-2.589	1E-3
82042	20	-2.589	1E-3
82062	20.3	-2.589	1E-3
82082	20.3	-2.589	1E-3
82102	20	-2.589	1E-3
82122	20.1	-2.589	1E-3
82142	19.6	-2.589	1E-3
82162	20.1	-2.589	1E-3
82182	19.8	-2.589	1E-3
82202	19.8	-2.589	1E-3
82223	19.6	-2.589	1E-3
82243	19.8	-2.589	1E-3
82263	20	-2.589	1E-3
82283	20.3	-2.589	1E-3
82303	20.1	-2.589	1E-3
82323	20.1	-2.589	1E-3
82343	19.8	-2.589	1E-3
82363	19.8	-2.589	1E-3
82383	20.1	-2.589	1E-3
82403	20	-2.589	1E-3
82423	20.1	-2.589	1E-3
82443	20	-2.589	1E-3
82463	19.8	-2.589	1E-3
82483	20.1	-2.589	1E-3
82503	20.1	-2.589	1E-3
82523	20	-2.589	1E-3
82543	20.1	-2.589	1E-3
82563	20	-2.589	1E-3
82583	19.6	-2.589	1E-3
82603	19.4	-2.589	1E-3
82623	20	-2.589	1E-3
82643	20.1	-2.589	1E-3
82663	19.8	-2.589	1E-3
82683	19.8	-2.589	1E-3
82703	19.6	-2.589	1E-3
82723	19.8	-2.589	1E-3
82743	20.1	-2.589	1E-3
82763	20.1	-2.589	1E-3
82783	19.6	-2.589	1E-3
82804	20.1	-2.589	1E-3
82824	20	-2.589	1E-3
82844	20	-2.589	1E-3
82864	19.8	-2.589	1E-3
82884	20.1	-2.589	1E-3
82904	19.8	-2.589	1E-3
82924	20	-2.589	1E-3
82944	20	-2.589	1E-3
82964	20.1	-2.589	1E-3
82984	19.6	-2.589	1E-3
83004	20	-2.589	1E-3
83024	20	-2.589	1E-3
83044	20.1	-2.589	1E-3
83064	20.1	-2.589	1E-3
83084	20.1	-2.589	1E-3
83104	20	-2.589	1E-3
83124	19.8	-2.589	1E-3
83144	19.8	-2.589	1E-3
83164	19.8	-2.589	1E-3
83184	20.1	-2.589	1E-3
83204	20.1	-2.589	1E-3
83224	20	-2.589	1E-3
83244	19.8	-2.589	1E-3
83264	20.1	-2.589	1E-3
83284	20	-2.589	1E-3
83304	20.1	-2.589	1E-3
83324	20	-2.589	1E-3
83344	19.8	-2.589	1E-3
83364	19.8	-2.589	1E-3
83384	19.8	-2.589	1E-3
83404	19.8	-2.589	1E-3
83424	19.6	-2.589	1E-3
83444	19.6	-2.589	1E-3
83464	19.8	-2.589	1E-3
83484	20.3	-2.589	1E-3
83504	20.1	-2.589	1E-3
83524	19.4	-2.589	1E-3
83544	20.1	-2.589	1E-3
83564	20.1	-2.589	1E-3
83584	19.6	-2.589	1E-3
83604	20	-2.589	1E-3
83624	19.8	-2.589	1E-3
83644	20.1	-2.589	1E-3
83664	20	-2.589	1E-3
83684	19.8	-2.589	1E-3
83704	19.6	-2.589	1E-3
83724	20.1	-2.589	1E-3
83744	19.8	-2.589	1E-3
83764	19.8	-2.589	1E-3
83784	19.8	-2.589	1E-3
83804	19.8	-2.589	1E-3
83824	19.8	-2.589	1E-3
83844	20	-2.589	1E-3
83864	19.8	-2.589	1E-3
83884	19.8	-2.589	1E-3
83904	20.1	-2.589	1E-3
83924	20.1	-2.589	1E-3
83944	20	-2.589	1E-3
83965	19.8	-2.589	1E-3
83985	19.8	-2.589	1E-3
84005	19.8	-2.589	1E-3
84025	19.8	-2.589	1E-3
84045	19.8	-2.589	1E-3
84065	19.6	-2.589	1E-3
84085	20.1	-2.589	1E-3
84105	20	-2.589	1E-3
84125	20	-2.589	1E-3
84145	19.8	-2.589	1E-3
84165	19.8	-2.589	1E-3
84185	19.8	-2.589	1E-3
84205	19.6	-2.589	1E-3
84225	20	-2.589	1E-3
84245	19.6	-2.589	1E-3
84265	19.8	-2.589	1E-3
84285	20	-2.589	1E-3
84305	19.8	-2.589	1E-3
84325	19.6	-2.589	1E-3
84345	19.6	-2.589	1E-3
84365	19.8	-2.589	1E-3
84385	20.1	-2.589	1E-3
84405	20.1	-2.589	1E-3
84425	19.8	-2.589	1E-3
84445	20	-2.589	1E-3
84465	20.1	-2.589	1E-3
84485	20.3	-2.589	1E-3
84505	20.1	-2.589	1E-3
84525	20.3	-2.589	1E-3
84545	20.1	-2.589	1E-3
84565	20.1	-2.589	1E-3
84585	20.3	-2.589	1E-3
84605	20	-2.589	1E-3
84626	20	-2.589	1E-3
84646	20.1	-2.589	1E-3
84666	19.8	-2.589	1E-3
84686	20.1	-2.589	1E-3
84706	19.6	-2.589	1E-3
84726	20	-2.589	1E-3
84746	20.1	-2.589	1E-3
84766	20.1	-2.589	1E-3
84786	20	-2.589	1E-3
84806	20	-2.589	1E-3
84826	20.3	-2.589	1E-3
84846	20.1	-2.589	1E-3
84866	20.3	-2.589	1E-3
84886	20.1	-2.589	1E-3
84906	20.1	-2.589	1E-3
84926	20	-2.589	1E-3
84946	20	-2.589	1E-3
84966	20.1	-2.589	1E-3
84986	19.8	-2.589	1E-3
85006	20.3	-2.589	1E-3
85026	20	-2.589	1E-3
85046	20.1	-2.589	1E-3
85066	20	-2.58	1E-3
85086	20	-2.58	1E-3
