0	18.2	0	1E-3
20	18.2	0	1E-3
40	18.2	0	1E-3
60	18	0	1E-3
80	17.7	0	1E-3
100	17.7	0	1E-3
120	17.8	0	1E-3
140	17.7	0	1E-3
160	17.8	0	1E-3
180	17.7	0	1E-3
200	17.8	0	1E-3
220	17.8	0	1E-3
240	18.4	0	1E-3
260	18.7	0	1E-3
280	18.7	0	1E-3
300	19.3	0	1E-3
320	19.1	-1E-3	1E-3
341	20	-1E-3	1E-3
361	20.3	-1E-3	1E-3
381	21	-1E-3	1E-3
401	21.4	-1E-3	1E-3
421	22.4	-1E-3	1E-3
441	23.1	-1E-3	1E-3
461	23.8	-0.002	1E-3
481	24.8	-0.002	1E-3
501	26.1	-0.002	1E-3
521	26.8	-0.002	1E-3
541	28	-0.002	1E-3
561	29	-0.003	1E-3
581	30.1	-0.003	1E-3
601	31.7	-0.003	1E-3
621	32.7	-0.003	1E-3
641	34.1	-0.003	1E-3
661	35.7	-0.003	1E-3
681	37.5	-0.003	1E-3
701	38.7	-0.003	1E-3
721	40.8	-0.003	1E-3
741	42.3	-0.003	1E-3
761	44.1	-0.004	1E-3
781	46	-0.004	1E-3
801	48	-0.004	1E-3
821	49.9	-0.004	1E-3
841	52.1	-0.004	1E-3
861	54.3	-0.004	1E-3
881	56.4	-0.004	1E-3
901	59	-0.004	1E-3
921	60.9	-0.005	1E-3
941	63.3	-0.005	1E-3
961	65.8	-0.005	1E-3
981	68.3	-0.006	1E-3
1001	71	-0.006	1E-3
1021	73.7	-0.007	1E-3
1041	76.5	-0.007	1E-3
1061	79.1	-0.008	1E-3
1081	82.1	-0.009	1E-3
1101	85.4	-0.011	1E-3
1122	88.6	-0.012	1E-3
1142	91.7	-0.014	1E-3
1162	94.2	-0.015	1E-3
1182	97.6	-0.017	1E-3
1202	101.3	-0.018	1E-3
1222	104.7	-0.02	1E-3
1242	107.8	-0.022	1E-3
1262	111.5	-0.024	1E-3
1282	115.1	-0.026	1E-3
1302	119	-0.027	1E-3
1322	122.3	-0.028	1E-3
1342	125.7	-0.029	1E-3
1362	129.9	-0.03	1E-3
1382	134.1	-0.031	1E-3
1402	137.9	-0.033	1E-3
1422	142.3	-0.034	1E-3
1442	146.3	-0.035	1E-3
1462	150.1	-0.036	1E-3
1482	154.2	-0.037	1E-3
1502	157.9	-0.038	1E-3
1522	162.1	-0.038	1E-3
1542	166.1	-0.039	1E-3
1562	170.1	-0.04	1E-3
1582	174.8	-0.041	1E-3
1602	179	-0.042	1E-3
1622	183.2	-0.042	1E-3
1642	187.4	-0.043	1E-3
1662	191.8	-0.044	1E-3
1682	196.7	-0.044	1E-3
1702	201.3	-0.045	1E-3
1722	205.6	-0.046	1E-3
1742	210	-0.047	1E-3
1762	214.4	-0.047	1E-3
1782	219.1	-0.048	1E-3
1803	223.8	-0.049	1E-3
1823	228.7	-0.049	1E-3
1843	233.3	-0.05	1E-3
1863	238	-0.051	1E-3
1883	242.7	-0.052	1E-3
1903	247.8	-0.053	1E-3
1923	253.2	-0.054	1E-3
1943	257.9	-0.054	1E-3
1963	262.9	-0.055	1E-3
1983	267.8	-0.056	1E-3
2003	272.8	-0.056	1E-3
2023	277.7	-0.057	1E-3
2043	282.6	-0.057	1E-3
2063	287.2	-0.058	1E-3
2083	292.4	-0.059	1E-3
2103	297.5	-0.059	1E-3
2123	302.6	-0.06	1E-3
2143	307.5	-0.061	1E-3
2163	312.6	-0.061	1E-3
2183	317.6	-0.062	1E-3
2203	322.9	-0.063	1E-3
2223	327.8	-0.063	1E-3
2243	333.4	-0.064	1E-3
2263	338.1	-0.064	1E-3
2283	343.7	-0.065	1E-3
2303	349.1	-0.065	1E-3
2323	354.2	-0.066	1E-3
2343	359.3	-0.066	1E-3
2363	364.3	-0.066	1E-3
2383	369.3	-0.067	1E-3
2403	374.7	-0.067	1E-3
2423	379.8	-0.068	1E-3
2443	385.2	-0.068	1E-3
2463	390.1	-0.068	1E-3
2483	395.1	-0.069	1E-3
2503	400.6	-0.069	1E-3
2523	406	-0.07	1E-3
2543	411.1	-0.07	1E-3
2564	416.3	-0.071	1E-3
2584	421.4	-0.071	1E-3
2604	426.6	-0.072	1E-3
2624	431.9	-0.072	1E-3
2644	437.1	-0.073	1E-3
2664	442.4	-0.073	1E-3
2684	447.7	-0.074	1E-3
2704	452.7	-0.074	1E-3
2724	458	-0.075	1E-3
2744	462.9	-0.075	1E-3
2764	467.9	-0.076	1E-3
2784	473.4	-0.076	1E-3
2804	478.6	-0.077	1E-3
2824	483.4	-0.077	1E-3
2844	488.6	-0.078	1E-3
2864	493.7	-0.078	1E-3
2884	498.6	-0.079	1E-3
2904	504	-0.08	1E-3
2924	508.7	-0.081	1E-3
2944	513.8	-0.081	1E-3
2964	519.4	-0.082	1E-3
2984	524.5	-0.083	1E-3
3004	529.5	-0.083	1E-3
3024	534.3	-0.084	1E-3
3044	539.3	-0.085	1E-3
3064	544.4	-0.086	1E-3
3084	549.3	-0.087	1E-3
3104	554.4	-0.088	1E-3
3124	559.3	-0.089	1E-3
3144	564	-0.09	1E-3
3164	568.9	-0.091	1E-3
3184	574	-0.093	1E-3
3204	578.7	-0.094	1E-3
3224	583.5	-0.095	1E-3
3245	588.2	-0.096	1E-3
3269	594.3	-0.098	1E-3
3289	599.2	-0.099	1E-3
3309	603.9	-0.101	1E-3
3329	608.8	-0.103	1E-3
3349	613.5	-0.104	1E-3
3369	618.3	-0.106	1E-3
3389	623.5	-0.107	1E-3
3409	627.9	-0.109	1E-3
3429	632.8	-0.11	1E-3
3449	637.5	-0.112	1E-3
3470	642.6	-0.114	1E-3
3490	647.2	-0.116	1E-3
3510	652	-0.118	1E-3
3530	656.3	-0.12	1E-3
3550	660.8	-0.122	1E-3
3570	665.5	-0.124	1E-3
3590	670.4	-0.126	1E-3
3610	674.8	-0.129	1E-3
3630	679.7	-0.132	1E-3
3650	684.1	-0.135	1E-3
3670	688.6	-0.137	1E-3
3690	693.2	-0.141	1E-3
3710	697.6	-0.144	1E-3
3730	702.1	-0.147	1E-3
3750	706.5	-0.151	1E-3
3770	711.4	-0.155	1E-3
3790	716.1	-0.159	1E-3
3810	720.3	-0.164	1E-3
3830	724.8	-0.168	1E-3
3850	729.4	-0.174	1E-3
3870	733.9	-0.179	1E-3
3890	738.5	-0.186	1E-3
3910	743	-0.192	1E-3
3930	747.4	-0.198	1E-3
3950	751.5	-0.205	1E-3
3970	756.4	-0.213	1E-3
3990	760.5	-0.22	1E-3
4010	765.3	-0.229	1E-3
4030	769.5	-0.237	1E-3
4050	773.7	-0.246	1E-3
4070	778.2	-0.255	1E-3
4090	782.6	-0.266	1E-3
4110	786.8	-0.276	1E-3
4130	791.2	-0.286	1E-3
4150	795.5	-0.297	1E-3
4170	799.4	-0.309	1E-3
4190	804	-0.32	1E-3
4210	808.3	-0.333	1E-3
4230	812.5	-0.346	1E-3
4250	816.7	-0.359	1E-3
4270	820.9	-0.373	1E-3
4290	825.3	-0.387	1E-3
4310	830.2	-0.401	1E-3
4330	834.2	-0.416	1E-3
4350	838.3	-0.432	1E-3
4370	842.8	-0.447	1E-3
4390	847.2	-0.464	1E-3
4410	851.6	-0.48	1E-3
4430	856.3	-0.496	1E-3
4450	860.5	-0.514	1E-3
4470	864.7	-0.531	1E-3
4490	868.9	-0.549	1E-3
4510	873.4	-0.567	1E-3
4531	877.6	-0.586	1E-3
4551	882	-0.605	1E-3
4571	886	-0.624	1E-3
4591	890.4	-0.643	1E-3
4611	894.6	-0.663	1E-3
4631	899.2	-0.682	1E-3
4651	903	-0.702	1E-3
4671	907.2	-0.722	1E-3
4691	911.4	-0.742	1E-3
4711	915.6	-0.761	1E-3
4731	920.1	-0.781	1E-3
4751	924.2	-0.801	1E-3
4771	928.2	-0.822	1E-3
4791	932.6	-0.841	1E-3
4811	936.8	-0.862	1E-3
4831	941	-0.881	1E-3
4851	945.2	-0.902	1E-3
4871	949.5	-0.922	1E-3
4891	953.4	-0.943	1E-3
4911	958	-0.962	1E-3
4931	962.5	-0.983	1E-3
4951	966.9	-1.003	1E-3
4971	970.9	-1.023	1E-3
4991	975.3	-1.043	1E-3
5011	979.5	-1.063	1E-3
5031	984	-1.082	1E-3
5051	988.2	-1.102	1E-3
5071	992.4	-1.122	1E-3
5091	996.6	-1.141	1E-3
5111	1000.5	-1.16	1E-3
5131	1004.8	-1.179	1E-3
5151	1009.1	-1.199	1E-3
5171	1013.4	-1.217	1E-3
5191	1017.4	-1.237	1E-3
5211	1021.7	-1.255	1E-3
5231	1026	-1.274	1E-3
5251	1030.4	-1.292	1E-3
5271	1034.4	-1.31	1E-3
5291	1038.6	-1.328	1E-3
5311	1042.8	-1.347	1E-3
5331	1047	-1.365	1E-3
5351	1051.2	-1.384	1E-3
5371	1055.3	-1.401	1E-3
5391	1059.5	-1.419	1E-3
5412	1064.2	-1.438	1E-3
5436	1069.3	-1.46	1E-3
5457	1073.8	-1.478	1E-3
5481	1078.9	-1.5	1E-3
5502	1083.1	-1.518	1E-3
5526	1088.3	-1.539	1E-3
5547	1092.7	-1.557	1E-3
5567	1097.1	-1.575	1E-3
5587	1101.5	-1.592	1E-3
5607	1105.7	-1.609	1E-3
5627	1109.7	-1.628	1E-3
5647	1114.2	-1.645	1E-3
5667	1118.3	-1.662	1E-3
5687	1122.6	-1.679	1E-3
5707	1126.8	-1.696	1E-3
5727	1131	-1.714	1E-3
5747	1135.2	-1.731	1E-3
5767	1139.4	-1.748	1E-3
5787	1143.4	-1.765	1E-3
5807	1147.8	-1.784	1E-3
5827	1152.2	-1.8	1E-3
5847	1156.4	-1.817	1E-3
5867	1160.8	-1.835	1E-3
5887	1165.3	-1.852	1E-3
5907	1169.5	-1.87	1E-3
5927	1173.6	-1.887	1E-3
5947	1178.1	-1.905	1E-3
5967	1182.1	-1.923	1E-3
5987	1186.5	-1.94	1E-3
6007	1190.9	-1.957	1E-3
6027	1195.1	-1.974	1E-3
6047	1199.1	-1.991	1E-3
6067	1203.8	-2.008	1E-3
6087	1207.8	-2.025	1E-3
6107	1212.6	-2.041	1E-3
6127	1216.8	-2.058	1E-3
6147	1221	-2.074	1E-3
6167	1225.3	-2.09	1E-3
6187	1229.7	-2.106	1E-3
6207	1234.1	-2.121	1E-3
6227	1238.3	-2.136	1E-3
6247	1242.5	-2.151	1E-3
6267	1246.9	-2.165	1E-3
6287	1251.3	-2.179	1E-3
6308	1255.6	-2.194	1E-3
6328	1260.2	-2.206	1E-3
6348	1264.2	-2.219	1E-3
6368	1268.4	-2.233	1E-3
6388	1272.8	-2.245	1E-3
6408	1277.2	-2.257	1E-3
6428	1281.7	-2.268	1E-3
6448	1285.7	-2.28	1E-3
6468	1289.9	-2.291	1E-3
6488	1294.3	-2.303	1E-3
6508	1298.7	-2.313	1E-3
6528	1303.2	-2.323	1E-3
6548	1307.6	-2.334	1E-3
6568	1311.6	-2.344	1E-3
6588	1316.2	-2.353	1E-3
6608	1320.5	-2.362	1E-3
6628	1324.9	-2.372	1E-3
6648	1329	-2.381	1E-3
6668	1333.3	-2.39	1E-3
6688	1337.5	-2.398	1E-3
6708	1342.1	-2.406	1E-3
6728	1346.3	-2.415	1E-3
6748	1350.5	-2.424	1E-3
6768	1354.8	-2.431	1E-3
6788	1358.9	-2.439	1E-3
6808	1363.3	-2.446	1E-3
6828	1367.6	-2.453	1E-3
6848	1371.8	-2.46	1E-3
6869	1376.2	-2.467	1E-3
6928	1372.9	-2.487	1E-3
6948	1382.5	-2.488	1E-3
6968	1384.4	-2.494	1E-3
6988	1383.9	-2.498	1E-3
7008	1381.6	-2.503	1E-3
7028	1378.8	-2.506	1E-3
7048	1375.2	-2.508	1E-3
7068	1371.1	-2.51	1E-3
7089	1366	-2.512	1E-3
7109	1360.8	-2.514	1E-3
7129	1355.2	-2.515	1E-3
7149	1349.8	-2.516	1E-3
7169	1344	-2.517	1E-3
7189	1338	-2.518	1E-3
7209	1332.1	-2.518	1E-3
7229	1325.6	-2.519	1E-3
7249	1319.3	-2.519	1E-3
7269	1313	-2.52	1E-3
7289	1306.9	-2.52	1E-3
7309	1300.6	-2.521	1E-3
7329	1294.5	-2.521	1E-3
7349	1288	-2.522	1E-3
7369	1281.9	-2.522	1E-3
7389	1275.9	-2.522	1E-3
7409	1269.3	-2.522	1E-3
7429	1263	-2.523	1E-3
7449	1256.8	-2.523	1E-3
7469	1250.4	-2.523	1E-3
7489	1244.1	-2.524	1E-3
7509	1237.9	-2.524	1E-3
7529	1231.6	-2.524	1E-3
7549	1225.3	-2.524	1E-3
7569	1219.2	-2.525	1E-3
7589	1213.1	-2.525	1E-3
7609	1207	-2.525	1E-3
7629	1200.7	-2.525	1E-3
7649	1194.7	-2.526	1E-3
7669	1188.6	-2.526	1E-3
7689	1182	-2.526	1E-3
7709	1175.8	-2.526	1E-3
7729	1170.1	-2.527	1E-3
7749	1163.6	-2.527	1E-3
7769	1157.5	-2.527	1E-3
7789	1151.5	-2.527	1E-3
7809	1145.2	-2.528	1E-3
7829	1139.1	-2.528	1E-3
7849	1133.1	-2.528	1E-3
7869	1127.2	-2.529	1E-3
7889	1121.2	-2.529	1E-3
7909	1115.1	-2.529	1E-3
7929	1109	-2.529	1E-3
7949	1102.7	-2.53	1E-3
7970	1096.6	-2.53	1E-3
7990	1090.4	-2.53	1E-3
8010	1084.5	-2.531	1E-3
8030	1078.3	-2.531	1E-3
8050	1072.2	-2.531	1E-3
8070	1066.1	-2.532	1E-3
8090	1060.2	-2.532	1E-3
8110	1054	-2.532	1E-3
8130	1047.9	-2.533	1E-3
8150	1042.1	-2.533	1E-3
8170	1036.2	-2.533	1E-3
8190	1030.2	-2.533	1E-3
8210	1024.1	-2.534	1E-3
8230	1018.5	-2.534	1E-3
8250	1012.7	-2.534	1E-3
8270	1007	-2.534	1E-3
8290	1001.2	-2.535	1E-3
8310	995.9	-2.535	1E-3
8330	990.2	-2.535	1E-3
8350	984.5	-2.535	1E-3
8370	979.1	-2.535	1E-3
8390	973.7	-2.536	1E-3
8410	968.4	-2.536	1E-3
8430	963	-2.536	1E-3
8450	957.8	-2.536	1E-3
8470	952.9	-2.536	1E-3
8490	947.8	-2.537	1E-3
8510	942.7	-2.537	1E-3
8530	937.8	-2.537	1E-3
8550	933.1	-2.538	1E-3
8570	928.4	-2.538	1E-3
8590	923.3	-2.538	1E-3
8610	918.7	-2.538	1E-3
8630	914.2	-2.539	1E-3
8650	909.5	-2.539	1E-3
8670	905.5	-2.539	1E-3
8690	900.5	-2.54	1E-3
8710	896.5	-2.54	1E-3
8730	892.3	-2.54	1E-3
8750	888.1	-2.541	1E-3
8770	884.1	-2.541	1E-3
8790	879.9	-2.541	1E-3
8810	875.4	-2.542	1E-3
8830	871.1	-2.542	1E-3
8850	867.1	-2.542	1E-3
8870	863.1	-2.542	1E-3
8890	859.3	-2.542	1E-3
8910	855.1	-2.543	1E-3
8930	851	-2.543	1E-3
8950	847	-2.543	1E-3
8971	843	-2.544	1E-3
8991	839.3	-2.544	1E-3
9011	835.6	-2.544	1E-3
9031	831.8	-2.544	1E-3
9051	828.1	-2.545	1E-3
9071	824.3	-2.545	1E-3
9091	820.6	-2.545	1E-3
9111	816.9	-2.545	1E-3
9131	813.4	-2.546	1E-3
9151	809.7	-2.546	1E-3
9171	806.2	-2.546	1E-3
9191	802.9	-2.546	1E-3
9211	799	-2.546	1E-3
9231	795.9	-2.547	1E-3
9251	792.2	-2.547	1E-3
9271	788.9	-2.547	1E-3
9291	785.8	-2.547	1E-3
9311	782.4	-2.547	1E-3
9331	778.9	-2.548	1E-3
9351	775.8	-2.548	1E-3
9371	772.5	-2.548	1E-3
9391	769.5	-2.548	1E-3
9411	766.1	-2.549	1E-3
9431	762.8	-2.549	1E-3
9451	759.7	-2.549	1E-3
9471	756.4	-2.549	1E-3
9491	753.4	-2.549	1E-3
9511	750.1	-2.55	1E-3
9531	747.1	-2.55	1E-3
9551	744.1	-2.55	1E-3
9571	741	-2.55	1E-3
9591	738.2	-2.551	1E-3
9611	734.6	-2.551	1E-3
9631	731.8	-2.551	1E-3
9651	728.7	-2.551	1E-3
9671	725.7	-2.552	1E-3
9691	723.1	-2.552	1E-3
9711	720.1	-2.552	1E-3
9731	717.1	-2.553	1E-3
9751	714.3	-2.553	1E-3
9771	711.4	-2.553	1E-3
9791	708.4	-2.553	1E-3
9811	705.6	-2.554	1E-3
9831	703	-2.554	1E-3
9852	699.8	-2.554	1E-3
9872	697.2	-2.554	1E-3
9892	694.6	-2.554	1E-3
9912	691.8	-2.555	1E-3
9932	689.2	-2.555	1E-3
9952	686.4	-2.555	1E-3
9972	683.6	-2.555	1E-3
9992	680.8	-2.556	1E-3
10012	678.3	-2.556	1E-3
10032	675.8	-2.556	1E-3
10052	673.4	-2.556	1E-3
10072	670.8	-2.556	1E-3
10092	668	-2.557	1E-3
10112	665.5	-2.557	1E-3
10132	662.9	-2.557	1E-3
10152	660.3	-2.557	1E-3
10172	657.8	-2.557	1E-3
10192	655.4	-2.558	1E-3
10212	652.9	-2.558	1E-3
10232	650.3	-2.558	1E-3
10252	647.7	-2.558	1E-3
10272	645.1	-2.558	1E-3
10292	642.6	-2.559	1E-3
10312	640	-2.559	1E-3
10332	637.3	-2.559	1E-3
10352	634.7	-2.559	1E-3
10372	632.5	-2.559	1E-3
10392	630	-2.559	1E-3
10412	627.9	-2.56	1E-3
10432	625.5	-2.56	1E-3
10452	623.2	-2.56	1E-3
10472	620.5	-2.56	1E-3
10492	618.1	-2.56	1E-3
10512	615.6	-2.561	1E-3
10532	613.4	-2.561	1E-3
10552	610.8	-2.561	1E-3
10572	608.6	-2.561	1E-3
10592	606.5	-2.562	1E-3
10612	604.3	-2.562	1E-3
10632	602	-2.562	1E-3
10652	599.4	-2.562	1E-3
10672	597.3	-2.562	1E-3
10693	595	-2.562	1E-3
10713	592.7	-2.563	1E-3
10733	590.3	-2.563	1E-3
10753	588.2	-2.563	1E-3
10773	585.9	-2.563	1E-3
10793	583.8	-2.563	1E-3
10813	581.7	-2.563	1E-3
10858	577	-2.564	1E-3
10878	574.3	-2.564	1E-3
10898	572.6	-2.564	1E-3
10918	570.3	-2.564	1E-3
10938	568	-2.564	1E-3
10958	566	-2.565	1E-3
10978	563.8	-2.565	1E-3
10998	561.6	-2.565	1E-3
11018	559.5	-2.565	1E-3
11038	557.5	-2.565	1E-3
11058	555.6	-2.565	1E-3
11078	553.7	-2.565	1E-3
11098	551.4	-2.566	1E-3
11118	549.3	-2.566	1E-3
11138	547.1	-2.566	1E-3
11158	545	-2.566	1E-3
11178	543	-2.566	1E-3
11198	540.9	-2.566	1E-3
11218	538.8	-2.567	1E-3
11238	536.5	-2.567	1E-3
11258	534.8	-2.567	1E-3
11278	532.9	-2.567	1E-3
11298	530.8	-2.567	1E-3
11318	528.8	-2.567	1E-3
11338	526.9	-2.567	1E-3
11358	524.8	-2.567	1E-3
11378	522.7	-2.568	1E-3
11398	520.8	-2.568	1E-3
11418	518.7	-2.568	1E-3
11439	516.8	-2.568	1E-3
11459	514.8	-2.568	1E-3
11479	512.8	-2.569	1E-3
11499	510.8	-2.569	1E-3
11519	509.1	-2.569	1E-3
11539	507.3	-2.569	1E-3
11559	505.6	-2.569	1E-3
11579	503.5	-2.569	1E-3
11599	501.5	-2.569	1E-3
11619	499.6	-2.569	1E-3
11639	497.7	-2.57	1E-3
11659	496	-2.57	1E-3
11679	493.8	-2.57	1E-3
11699	492.1	-2.57	1E-3
11719	490.2	-2.57	1E-3
11739	488.4	-2.571	1E-3
11759	486.5	-2.571	1E-3
11779	484.8	-2.571	1E-3
11799	483	-2.571	1E-3
11819	481.4	-2.571	1E-3
11839	479.7	-2.571	1E-3
11859	477.8	-2.571	1E-3
11879	475.7	-2.572	1E-3
11899	474.1	-2.572	1E-3
11919	472.3	-2.572	1E-3
11939	470.8	-2.572	1E-3
11959	468.8	-2.572	1E-3
11979	467.1	-2.572	1E-3
11999	465.1	-2.573	1E-3
12019	463.6	-2.573	1E-3
12039	461.8	-2.573	1E-3
12059	460.2	-2.573	1E-3
12079	458.7	-2.573	1E-3
12099	456.9	-2.573	1E-3
12119	455.3	-2.573	1E-3
12139	453.6	-2.574	1E-3
12159	451.8	-2.574	1E-3
12179	450.1	-2.574	1E-3
12199	448.4	-2.574	1E-3
12219	446.6	-2.574	1E-3
12239	445	-2.574	1E-3
12259	443.3	-2.574	1E-3
12280	441.5	-2.574	1E-3
12300	439.9	-2.575	1E-3
12320	438.2	-2.575	1E-3
12340	436.6	-2.575	1E-3
12360	435.1	-2.575	1E-3
12380	433.5	-2.575	1E-3
12400	431.7	-2.575	1E-3
12420	430.1	-2.575	1E-3
12440	428.4	-2.575	1E-3
12460	426.6	-2.576	1E-3
12480	425.1	-2.576	1E-3
12500	423.5	-2.576	1E-3
12520	421.9	-2.576	1E-3
12540	420.2	-2.576	1E-3
12560	418.4	-2.576	1E-3
12580	416.8	-2.576	1E-3
12600	415.3	-2.576	1E-3
12620	413.7	-2.576	1E-3
12640	412	-2.576	1E-3
12660	410.5	-2.576	1E-3
12680	409.1	-2.577	1E-3
12700	407.6	-2.577	1E-3
12720	406	-2.577	1E-3
12740	404.6	-2.577	1E-3
12760	402.9	-2.577	1E-3
12780	401.3	-2.577	1E-3
12800	400.1	-2.577	1E-3
12820	398.3	-2.577	1E-3
12840	396.5	-2.577	1E-3
12861	395	-2.578	1E-3
12885	393.4	-2.578	1E-3
12905	391.8	-2.578	1E-3
12925	390.4	-2.578	1E-3
12945	389	-2.578	1E-3
12966	387.4	-2.578	1E-3
12990	385.7	-2.578	1E-3
13011	384	-2.578	1E-3
13031	382.9	-2.578	1E-3
13051	381.3	-2.579	1E-3
13071	379.9	-2.579	1E-3
13091	378.5	-2.579	1E-3
13111	376.8	-2.579	1E-3
13131	375.5	-2.579	1E-3
13151	374	-2.579	1E-3
13171	372.8	-2.579	1E-3
13191	371.2	-2.579	1E-3
13211	369.8	-2.58	1E-3
13231	368.4	-2.58	1E-3
13251	366.8	-2.58	1E-3
13271	365.6	-2.58	1E-3
13291	363.8	-2.58	1E-3
13311	362.8	-2.58	1E-3
13331	361.4	-2.58	1E-3
13351	360.3	-2.58	1E-3
13371	358.8	-2.581	1E-3
13391	357.5	-2.581	1E-3
13411	356	-2.581	1E-3
13431	354.6	-2.581	1E-3
13451	353.3	-2.581	1E-3
13471	352.4	-2.581	1E-3
13491	350.7	-2.581	1E-3
13511	349.5	-2.581	1E-3
13531	347.9	-2.582	1E-3
13551	346.5	-2.582	1E-3
13571	344.9	-2.582	1E-3
13591	343.7	-2.582	1E-3
13611	342.5	-2.582	1E-3
13631	341.1	-2.582	1E-3
13651	339.7	-2.582	1E-3
13671	338.3	-2.582	1E-3
13691	337	-2.583	1E-3
13711	336	-2.583	1E-3
13732	334.6	-2.583	1E-3
13756	333	-2.583	1E-3
13777	331.8	-2.583	1E-3
13797	330.6	-2.583	1E-3
13817	329.2	-2.583	1E-3
13837	327.6	-2.583	1E-3
13857	326.5	-2.583	1E-3
13877	325	-2.584	1E-3
13897	323.8	-2.584	1E-3
13917	322.4	-2.584	1E-3
13937	321.1	-2.584	1E-3
13957	320.1	-2.584	1E-3
13977	318.9	-2.584	1E-3
13997	317.6	-2.584	1E-3
14017	316.4	-2.584	1E-3
14037	315	-2.584	1E-3
14057	314	-2.584	1E-3
14077	312.7	-2.585	1E-3
14097	311.3	-2.585	1E-3
14117	310.3	-2.585	1E-3
14137	309	-2.585	1E-3
14157	307.8	-2.585	1E-3
14177	306.8	-2.585	1E-3
14197	305.5	-2.585	1E-3
14217	304.1	-2.585	1E-3
14237	303.1	-2.585	1E-3
14257	301.9	-2.585	1E-3
14277	300.5	-2.585	1E-3
14297	299.4	-2.585	1E-3
14317	298.4	-2.585	1E-3
14337	297	-2.586	1E-3
14357	295.9	-2.586	1E-3
14377	294.5	-2.586	1E-3
14397	293.5	-2.586	1E-3
14417	292.4	-2.586	1E-3
14437	291.6	-2.586	1E-3
14457	290.1	-2.586	1E-3
14477	288.9	-2.586	1E-3
14497	287.7	-2.586	1E-3
14517	286.6	-2.586	1E-3
14537	285.8	-2.586	1E-3
14557	284.7	-2.586	1E-3
14577	283.5	-2.586	1E-3
14597	282.6	-2.586	1E-3
14617	281.4	-2.587	1E-3
14637	280.4	-2.587	1E-3
14657	279.3	-2.587	1E-3
14677	278.1	-2.587	1E-3
14697	277.2	-2.587	1E-3
14717	275.8	-2.587	1E-3
14737	274.9	-2.587	1E-3
14757	273.7	-2.587	1E-3
14777	272.8	-2.587	1E-3
14797	272.1	-2.587	1E-3
14817	270.5	-2.587	1E-3
14837	269.1	-2.587	1E-3
14857	268.5	-2.588	1E-3
14877	267.4	-2.588	1E-3
14897	266.2	-2.588	1E-3
14917	265.3	-2.588	1E-3
14937	263.9	-2.588	1E-3
14957	263.2	-2.588	1E-3
14977	262.1	-2.588	1E-3
14997	260.7	-2.588	1E-3
15017	260	-2.588	1E-3
15037	258.8	-2.588	1E-3
15057	257.8	-2.588	1E-3
15077	256.9	-2.588	1E-3
15097	255.7	-2.588	1E-3
15117	254.6	-2.588	1E-3
15138	253.6	-2.588	1E-3
15158	252.5	-2.589	1E-3
15178	251.8	-2.589	1E-3
15198	250.6	-2.589	1E-3
15218	249.4	-2.589	1E-3
15238	248.3	-2.589	1E-3
15258	247.3	-2.589	1E-3
15278	246.2	-2.589	1E-3
15298	245.2	-2.589	1E-3
15318	244.6	-2.589	1E-3
15338	243.8	-2.589	1E-3
15358	242.7	-2.589	1E-3
15378	241.7	-2.589	1E-3
15398	240.3	-2.589	1E-3
15418	239.2	-2.589	1E-3
15438	238	-2.59	1E-3
15458	237.3	-2.59	1E-3
15478	236.6	-2.59	1E-3
15498	235.2	-2.59	1E-3
15518	234.5	-2.59	1E-3
15538	233.5	-2.59	1E-3
15558	232.6	-2.59	1E-3
15578	231.7	-2.59	1E-3
15598	231	-2.59	1E-3
15618	230	-2.59	1E-3
15638	228.9	-2.59	1E-3
15658	228.2	-2.591	1E-3
15678	227.1	-2.591	1E-3
15698	226.6	-2.591	1E-3
15718	225.4	-2.591	1E-3
15738	224.3	-2.591	1E-3
15758	223.5	-2.591	1E-3
15778	222.8	-2.591	1E-3
15798	221.7	-2.591	1E-3
15818	220.7	-2.591	1E-3
15838	219.8	-2.591	1E-3
15858	219.1	-2.591	1E-3
15878	218.2	-2.591	1E-3
15898	217.2	-2.591	1E-3
15918	216.3	-2.591	1E-3
15938	215.4	-2.592	1E-3
15958	214.6	-2.592	1E-3
15978	213.5	-2.592	1E-3
15998	212.6	-2.592	1E-3
16018	211.8	-2.592	1E-3
16038	210.9	-2.592	1E-3
16058	210.4	-2.592	1E-3
16078	209.5	-2.592	1E-3
16098	208.8	-2.592	1E-3
16118	207.9	-2.592	1E-3
16138	207	-2.592	1E-3
16158	206	-2.592	1E-3
16178	205.3	-2.593	1E-3
16198	204.8	-2.593	1E-3
16218	203.9	-2.593	1E-3
16238	203.2	-2.593	1E-3
16259	202.1	-2.593	1E-3
16279	201.4	-2.593	1E-3
16299	200.2	-2.593	1E-3
16319	199.7	-2.593	1E-3
16339	198.6	-2.593	1E-3
16359	197.9	-2.593	1E-3
16379	196.9	-2.593	1E-3
16399	196.4	-2.594	1E-3
16419	195.1	-2.594	1E-3
16439	194.4	-2.594	1E-3
16459	193.6	-2.594	1E-3
16479	192.9	-2.594	1E-3
16499	191.8	-2.594	1E-3
16519	190.9	-2.594	1E-3
16539	190.4	-2.594	1E-3
16559	189.7	-2.594	1E-3
16579	188.6	-2.594	1E-3
16599	187.8	-2.594	1E-3
16619	187.3	-2.594	1E-3
16639	186.4	-2.594	1E-3
16659	185.9	-2.594	1E-3
16679	185	-2.595	1E-3
16699	184.3	-2.595	1E-3
16719	183.4	-2.595	1E-3
16739	182.5	-2.595	1E-3
16759	181.6	-2.595	1E-3
16779	181.1	-2.595	1E-3
16799	179.9	-2.595	1E-3
16819	179.4	-2.595	1E-3
16839	178.7	-2.595	1E-3
16859	178.3	-2.595	1E-3
16879	177.3	-2.595	1E-3
16899	176.6	-2.595	1E-3
16919	175.9	-2.595	1E-3
16939	175	-2.595	1E-3
16959	174.5	-2.595	1E-3
16979	173.6	-2.595	1E-3
16999	172.9	-2.596	1E-3
17019	172	-2.596	1E-3
17039	171.7	-2.596	1E-3
17059	171	-2.596	1E-3
17080	170.3	-2.596	1E-3
17100	169.7	-2.596	1E-3
17120	168.5	-2.596	1E-3
17140	168	-2.596	1E-3
17160	167.1	-2.596	1E-3
17180	166.4	-2.596	1E-3
17200	165.9	-2.596	1E-3
17220	165.2	-2.596	1E-3
17240	164.7	-2.596	1E-3
17260	163.6	-2.596	1E-3
17280	163.1	-2.596	1E-3
17300	162.6	-2.596	1E-3
17320	161.7	-2.597	1E-3
17340	161.4	-2.597	1E-3
17360	160.5	-2.597	1E-3
17380	159.8	-2.597	1E-3
17400	159.1	-2.597	1E-3
17420	158.6	-2.597	1E-3
17440	157.5	-2.597	1E-3
17460	157	-2.597	1E-3
17480	156.4	-2.597	1E-3
17500	155.9	-2.597	1E-3
17520	154.9	-2.597	1E-3
17540	154.5	-2.598	1E-3
17560	153.8	-2.598	1E-3
17580	153.1	-2.598	1E-3
17600	152.4	-2.598	1E-3
17620	152.4	-2.598	1E-3
17640	151.4	-2.598	1E-3
17660	150.8	-2.598	1E-3
17680	150.1	-2.598	1E-3
17700	149.8	-2.598	1E-3
17720	149.1	-2.598	1E-3
17740	148.4	-2.598	1E-3
17760	147.7	-2.598	1E-3
17780	147.2	-2.598	1E-3
17800	146.5	-2.598	1E-3
17820	146	-2.598	1E-3
17840	145.1	-2.598	1E-3
17861	144.9	-2.598	1E-3
17881	144.4	-2.598	1E-3
17901	143.3	-2.598	1E-3
17921	142.6	-2.599	1E-3
17941	142.1	-2.599	1E-3
17961	141.4	-2.599	1E-3
17981	140.7	-2.599	1E-3
18001	140.5	-2.599	1E-3
18021	139.7	-2.599	1E-3
18041	139.1	-2.599	1E-3
18061	138.4	-2.599	1E-3
18081	137.9	-2.599	1E-3
18101	137.4	-2.599	1E-3
18121	136.5	-2.599	1E-3
18141	136	-2.599	1E-3
18161	135.4	-2.599	1E-3
18181	134.8	-2.599	1E-3
18201	134.6	-2.599	1E-3
18221	133.9	-2.599	1E-3
18241	133.4	-2.599	1E-3
18261	132.8	-2.599	1E-3
18281	131.9	-2.599	1E-3
18301	131.6	-2.599	1E-3
18321	130.9	-2.599	1E-3
18341	130.6	-2.599	1E-3
18361	129.9	-2.599	1E-3
18381	129.5	-2.599	1E-3
18401	129	-2.599	1E-3
18421	128.4	-2.599	1E-3
18441	127.8	-2.599	1E-3
18461	127.1	-2.599	1E-3
18481	126.7	-2.599	1E-3
18501	126.3	-2.599	1E-3
18521	125.3	-2.6	1E-3
18541	125	-2.6	1E-3
18561	124.6	-2.6	1E-3
18582	123.9	-2.6	1E-3
18602	123.4	-2.6	1E-3
18622	122.8	-2.6	1E-3
18642	122.3	-2.6	1E-3
18662	121.8	-2.6	1E-3
18682	121.4	-2.6	1E-3
18702	120.8	-2.6	1E-3
18722	120.9	-2.6	1E-3
18742	120.2	-2.6	1E-3
18762	119.7	-2.6	1E-3
18782	119.2	-2.6	1E-3
18802	118.8	-2.6	1E-3
18822	118.7	-2.6	1E-3
18842	118	-2.6	1E-3
18862	117.4	-2.6	1E-3
18882	116.5	-2.6	1E-3
18902	116.2	-2.6	1E-3
18922	115.8	-2.6	1E-3
18942	115.7	-2.6	1E-3
18962	115	-2.6	1E-3
18982	114.6	-2.6	1E-3
19002	113.9	-2.6	1E-3
19022	113.9	-2.6	1E-3
19042	113.2	-2.6	1E-3
19062	112.5	-2.6	1E-3
19082	112.3	-2.6	1E-3
19102	111.7	-2.6	1E-3
19122	111.3	-2.6	1E-3
19142	110.8	-2.6	1E-3
19162	110.6	-2.6	1E-3
19182	109.9	-2.6	1E-3
19202	109.2	-2.6	1E-3
19222	108.7	-2.6	1E-3
19242	108.7	-2.6	1E-3
19262	108	-2.6	1E-3
19282	107.6	-2.601	1E-3
19302	107.3	-2.601	1E-3
19322	106.8	-2.601	1E-3
19343	106.4	-2.601	1E-3
19367	106	-2.601	1E-3
19387	105.3	-2.601	1E-3
19407	105.2	-2.601	1E-3
19428	104.7	-2.601	1E-3
19448	104.5	-2.601	1E-3
19468	103.4	-2.601	1E-3
19488	103.3	-2.601	1E-3
19508	102.7	-2.601	1E-3
19528	102.4	-2.601	1E-3
19548	102	-2.601	1E-3
19568	101.3	-2.601	1E-3
19588	101.3	-2.601	1E-3
19608	101	-2.601	1E-3
19628	100.1	-2.601	1E-3
19648	100.1	-2.601	1E-3
19668	99.6	-2.601	1E-3
19688	99	-2.601	1E-3
19708	98.5	-2.601	1E-3
19728	97.8	-2.601	1E-3
19748	98	-2.601	1E-3
19768	97.6	-2.601	1E-3
19788	96.9	-2.601	1E-3
19808	96.8	-2.601	1E-3
19828	96.1	-2.601	1E-3
19848	95.7	-2.601	1E-3
19868	95.2	-2.601	1E-3
19888	95.2	-2.601	1E-3
19908	94.5	-2.601	1E-3
19928	94	-2.602	1E-3
19948	94	-2.602	1E-3
19968	93.3	-2.602	1E-3
19988	92.9	-2.602	1E-3
20008	92.6	-2.602	1E-3
20028	92.1	-2.602	1E-3
20048	92.1	-2.602	1E-3
20068	91.3	-2.602	1E-3
20088	91.2	-2.602	1E-3
20108	91	-2.602	1E-3
20128	90.3	-2.602	1E-3
20148	90.1	-2.602	1E-3
20168	89.9	-2.602	1E-3
20188	89.8	-2.602	1E-3
20208	89.3	-2.602	1E-3
20228	88.7	-2.602	1E-3
20248	88.6	-2.602	1E-3
20268	87.8	-2.602	1E-3
20289	87.5	-2.602	1E-3
20309	87.7	-2.602	1E-3
20329	87.2	-2.602	1E-3
20349	87	-2.602	1E-3
20369	86.5	-2.602	1E-3
20389	85.8	-2.602	1E-3
20409	85.8	-2.602	1E-3
20429	85.4	-2.602	1E-3
20449	84.7	-2.602	1E-3
20469	84.9	-2.602	1E-3
20489	84.2	-2.602	1E-3
20509	84	-2.602	1E-3
20529	83.5	-2.602	1E-3
20549	83.5	-2.602	1E-3
20569	83.1	-2.602	1E-3
20589	82.3	-2.602	1E-3
20609	81.9	-2.602	1E-3
20629	81.9	-2.602	1E-3
20649	81.7	-2.602	1E-3
20669	81.4	-2.602	1E-3
20689	80.7	-2.602	1E-3
20709	80.8	-2.602	1E-3
20729	80.3	-2.602	1E-3
20749	80.2	-2.602	1E-3
20769	79.8	-2.602	1E-3
20789	79.5	-2.603	1E-3
20809	78.9	-2.603	1E-3
20829	78.9	-2.603	1E-3
20850	78.4	-2.603	1E-3
20870	77.9	-2.603	1E-3
20890	77.9	-2.603	1E-3
20910	77.7	-2.603	1E-3
20930	77.2	-2.603	1E-3
20950	77	-2.603	1E-3
20970	77	-2.603	1E-3
20990	76.5	-2.603	1E-3
21010	76.3	-2.603	1E-3
21030	75.8	-2.603	1E-3
21050	75.4	-2.603	1E-3
21070	74.9	-2.603	1E-3
21090	74.9	-2.603	1E-3
21110	74.7	-2.603	1E-3
21130	74.7	-2.603	1E-3
21150	74.2	-2.603	1E-3
21170	74.2	-2.603	1E-3
21190	73.8	-2.603	1E-3
21210	73	-2.603	1E-3
21230	73.2	-2.603	1E-3
21250	72.6	-2.603	1E-3
21270	72.6	-2.603	1E-3
21290	72.1	-2.603	1E-3
21310	71.7	-2.603	1E-3
21330	71.6	-2.603	1E-3
21350	71.6	-2.603	1E-3
21370	71.2	-2.603	1E-3
21390	70.9	-2.603	1E-3
21410	70.9	-2.603	1E-3
21430	70.2	-2.603	1E-3
21450	69.8	-2.603	1E-3
21470	69.7	-2.603	1E-3
21490	69.1	-2.603	1E-3
21510	68.9	-2.603	1E-3
21530	68.9	-2.603	1E-3
21550	68.6	-2.603	1E-3
21570	68.4	-2.603	1E-3
21590	68.1	-2.603	1E-3
21611	68.1	-2.603	1E-3
21631	67.9	-2.603	1E-3
21651	67.5	-2.603	1E-3
21671	67.5	-2.603	1E-3
21691	66.8	-2.604	1E-3
21711	66.7	-2.604	1E-3
21731	66.3	-2.604	1E-3
21751	66.2	-2.604	1E-3
21771	65.8	-2.604	1E-3
21791	65.6	-2.604	1E-3
21811	65.1	-2.604	1E-3
21831	64.9	-2.604	1E-3
21851	64.9	-2.604	1E-3
21871	64.6	-2.604	1E-3
21891	64.2	-2.604	1E-3
21911	64.2	-2.604	1E-3
21931	63.9	-2.604	1E-3
21951	63.7	-2.604	1E-3
21971	63.5	-2.604	1E-3
21991	63.5	-2.604	1E-3
22011	63	-2.604	1E-3
22031	63	-2.604	1E-3
22051	63	-2.604	1E-3
22071	62.3	-2.604	1E-3
22091	62.5	-2.604	1E-3
22111	62	-2.604	1E-3
22131	62	-2.604	1E-3
22151	61.4	-2.604	1E-3
22171	61.3	-2.604	1E-3
22191	61.3	-2.604	1E-3
22211	61.3	-2.604	1E-3
22231	60.7	-2.604	1E-3
22251	60.6	-2.604	1E-3
22271	60.4	-2.604	1E-3
22291	60	-2.604	1E-3
22311	60	-2.604	1E-3
22331	59.5	-2.604	1E-3
22351	59.5	-2.604	1E-3
22371	59.5	-2.604	1E-3
22391	58.8	-2.604	1E-3
22411	58.8	-2.604	1E-3
22431	58.4	-2.604	1E-3
22451	58.3	-2.604	1E-3
22471	58.4	-2.604	1E-3
22491	57.9	-2.604	1E-3
22511	57.8	-2.604	1E-3
22531	57.8	-2.604	1E-3
22551	57.4	-2.604	1E-3
22571	57.2	-2.604	1E-3
22591	57	-2.605	1E-3
22611	56.9	-2.605	1E-3
22631	56.5	-2.605	1E-3
22651	56.5	-2.605	1E-3
22671	56.2	-2.605	1E-3
22691	56.2	-2.605	1E-3
22711	56	-2.605	1E-3
22731	55.8	-2.605	1E-3
22752	55.7	-2.605	1E-3
22772	55.5	-2.605	1E-3
22792	55.3	-2.605	1E-3
22812	55	-2.605	1E-3
22832	54.8	-2.605	1E-3
22852	54.6	-2.605	1E-3
22872	54.6	-2.605	1E-3
22892	54.3	-2.605	1E-3
22912	54.1	-2.605	1E-3
22932	53.9	-2.605	1E-3
22952	53.5	-2.605	1E-3
22972	53.4	-2.605	1E-3
22992	53.5	-2.605	1E-3
23012	52.8	-2.605	1E-3
23032	52.8	-2.605	1E-3
23052	52.5	-2.605	1E-3
23072	52.1	-2.605	1E-3
23092	52.3	-2.605	1E-3
23112	52.1	-2.605	1E-3
23132	52	-2.605	1E-3
23152	51.6	-2.605	1E-3
23172	51.8	-2.605	1E-3
23192	51.5	-2.605	1E-3
23212	51.1	-2.605	1E-3
23232	51.1	-2.605	1E-3
23252	51.3	-2.605	1E-3
23272	50.6	-2.605	1E-3
23292	50.6	-2.605	1E-3
23312	50.4	-2.605	1E-3
23332	50.6	-2.605	1E-3
23352	50.4	-2.605	1E-3
23373	50	-2.605	1E-3
23397	49.7	-2.605	1E-3
23417	49.5	-2.605	1E-3
23437	49.2	-2.605	1E-3
23458	49.3	-2.605	1E-3
23478	49.3	-2.605	1E-3
23498	48.8	-2.605	1E-3
23518	48.6	-2.605	1E-3
23538	49	-2.605	1E-3
23558	48.6	-2.605	1E-3
23578	48	-2.605	1E-3
23598	48.5	-2.605	1E-3
23618	48	-2.605	1E-3
23638	47.4	-2.605	1E-3
23658	47.8	-2.605	1E-3
23678	47.4	-2.605	1E-3
23698	47.3	-2.605	1E-3
23718	46.9	-2.605	1E-3
23738	46.9	-2.605	1E-3
23758	46.9	-2.605	1E-3
23778	46.7	-2.605	1E-3
23798	46.6	-2.605	1E-3
23818	46.2	-2.605	1E-3
23838	46.6	-2.605	1E-3
23858	46	-2.605	1E-3
23878	46.2	-2.606	1E-3
23898	46	-2.606	1E-3
23918	45.8	-2.606	1E-3
23938	45.5	-2.606	1E-3
23958	45.3	-2.606	1E-3
23978	45.1	-2.606	1E-3
23998	44.8	-2.606	1E-3
24018	45.3	-2.606	1E-3
24038	44.8	-2.606	1E-3
24058	44.5	-2.606	1E-3
24078	44.6	-2.606	1E-3
24098	44.5	-2.606	1E-3
24118	44.3	-2.606	1E-3
24139	44.1	-2.606	1E-3
24159	43.9	-2.606	1E-3
24179	43.9	-2.606	1E-3
24199	43.8	-2.606	1E-3
24219	43.8	-2.606	1E-3
24239	43.6	-2.606	1E-3
24259	43.4	-2.606	1E-3
24279	43.1	-2.606	1E-3
24299	42.7	-2.606	1E-3
24319	42.9	-2.606	1E-3
24339	42.5	-2.606	1E-3
24359	42.9	-2.606	1E-3
24379	42.5	-2.606	1E-3
24399	42.9	-2.606	1E-3
24419	42.5	-2.606	1E-3
24439	42	-2.606	1E-3
24459	41.8	-2.606	1E-3
24479	41.8	-2.606	1E-3
24499	41.8	-2.606	1E-3
24519	41.8	-2.606	1E-3
24539	41.7	-2.606	1E-3
24559	41.5	-2.606	1E-3
24579	41.3	-2.606	1E-3
24599	41.1	-2.606	1E-3
24619	41.1	-2.606	1E-3
24639	41	-2.606	1E-3
24659	40.8	-2.606	1E-3
24679	40.8	-2.606	1E-3
24699	40.6	-2.606	1E-3
24719	41	-2.606	1E-3
24739	40.3	-2.606	1E-3
24759	40.3	-2.606	1E-3
24780	40.1	-2.606	1E-3
24800	40.3	-2.606	1E-3
24820	40.1	-2.606	1E-3
24840	39.6	-2.606	1E-3
24860	39.6	-2.606	1E-3
24880	39.4	-2.606	1E-3
24900	39.4	-2.606	1E-3
24920	39.6	-2.606	1E-3
24940	39.4	-2.606	1E-3
24960	39.2	-2.606	1E-3
24980	39	-2.606	1E-3
25000	39	-2.606	1E-3
25020	38.8	-2.606	1E-3
25040	38.8	-2.606	1E-3
25060	38.7	-2.606	1E-3
25080	38.8	-2.606	1E-3
25100	38.3	-2.606	1E-3
25120	38.3	-2.606	1E-3
25141	38.5	-2.606	1E-3
25165	38.7	-2.606	1E-3
25185	38.3	-2.606	1E-3
25205	37.8	-2.606	1E-3
25225	37.6	-2.606	1E-3
25246	37.6	-2.606	1E-3
25270	37.8	-2.606	1E-3
25290	37.6	-2.606	1E-3
25311	37.3	-2.606	1E-3
25331	37.3	-2.606	1E-3
25351	37.1	-2.606	1E-3
25371	36.9	-2.606	1E-3
25391	37.1	-2.606	1E-3
25411	36.9	-2.606	1E-3
25431	36.8	-2.606	1E-3
25451	36.8	-2.606	1E-3
25471	36.8	-2.606	1E-3
25491	36.6	-2.606	1E-3
25511	36.2	-2.606	1E-3
25531	36.2	-2.606	1E-3
25551	36.2	-2.606	1E-3
25571	36.2	-2.606	1E-3
25591	36.2	-2.606	1E-3
25611	36	-2.606	1E-3
25631	36	-2.607	1E-3
25656	35.9	-2.607	1E-3
25676	35.5	-2.607	1E-3
25696	35.5	-2.607	1E-3
25716	35.5	-2.607	1E-3
25736	35.5	-2.607	1E-3
25756	35.3	-2.607	1E-3
25776	35.2	-2.607	1E-3
