0	18.2	0	1E-3
20	18.5	0	1E-3
40	18.2	0	1E-3
60	18.4	0	1E-3
80	18.4	0	1E-3
100	18.2	0	1E-3
120	18	0	1E-3
140	18.4	0	1E-3
160	18.7	-1E-3	1E-3
180	18.7	-1E-3	1E-3
200	18.7	-1E-3	1E-3
220	18.5	-1E-3	1E-3
240	18.5	-1E-3	1E-3
260	18.9	-1E-3	1E-3
281	19.1	-1E-3	1E-3
301	19.1	-1E-3	1E-3
321	19.3	-1E-3	1E-3
341	20.1	-1E-3	1E-3
361	20.3	-1E-3	1E-3
381	20.6	-1E-3	1E-3
401	21.5	-0.002	1E-3
421	22	-0.002	1E-3
441	22.2	-0.002	1E-3
461	22.9	-0.002	1E-3
481	23.6	-0.002	1E-3
501	24.5	-0.002	1E-3
521	25.7	-0.002	1E-3
541	26.3	-0.002	1E-3
561	27.5	-0.003	1E-3
581	28.2	-0.003	1E-3
601	29	-0.003	1E-3
621	29.9	-0.003	1E-3
641	31	-0.003	1E-3
661	32.2	-0.003	1E-3
681	33.1	-0.004	1E-3
701	34.1	-0.004	1E-3
721	35.2	-0.004	1E-3
741	36.6	-0.004	1E-3
761	38.2	-0.004	1E-3
781	39.2	-0.005	1E-3
801	41.1	-0.005	1E-3
821	42.3	-0.005	1E-3
841	43.9	-0.005	1E-3
861	45.3	-0.006	1E-3
881	47.3	-0.006	1E-3
901	49	-0.006	1E-3
921	50.9	-0.007	1E-3
941	52.7	-0.007	1E-3
961	54.8	-0.008	1E-3
981	56.5	-0.008	1E-3
1001	58.6	-0.008	1E-3
1021	60.9	-0.009	1E-3
1041	62.8	-0.009	1E-3
1061	65.1	-0.01	1E-3
1081	66.7	-0.011	1E-3
1101	68.8	-0.011	1E-3
1121	71.2	-0.012	1E-3
1141	73.3	-0.012	1E-3
1161	75.6	-0.013	1E-3
1181	77.9	-0.014	1E-3
1201	80.5	-0.014	1E-3
1221	82.9	-0.015	1E-3
1241	85.6	-0.015	1E-3
1261	88.4	-0.016	1E-3
1281	91	-0.017	1E-3
1301	93.8	-0.018	1E-3
1321	96.8	-0.019	1E-3
1341	99.4	-0.02	1E-3
1361	102.4	-0.021	1E-3
1381	105.2	-0.021	1E-3
1401	108	-0.022	1E-3
1421	110.9	-0.023	1E-3
1441	113.9	-0.024	1E-3
1461	117.3	-0.024	1E-3
1481	120	-0.025	1E-3
1501	123	-0.025	1E-3
1521	126.3	-0.025	1E-3
1541	129.3	-0.026	1E-3
1561	132.7	-0.026	1E-3
1581	136	-0.027	1E-3
1601	139.5	-0.027	1E-3
1621	143	-0.028	1E-3
1641	146.5	-0.029	1E-3
1661	150.1	-0.029	1E-3
1681	153.5	-0.03	1E-3
1701	156.6	-0.031	1E-3
1721	160	-0.031	1E-3
1741	163.6	-0.032	1E-3
1761	167.3	-0.032	1E-3
1781	170.6	-0.033	1E-3
1801	174.3	-0.033	1E-3
1821	178.2	-0.034	1E-3
1841	181.8	-0.034	1E-3
1861	185.2	-0.035	1E-3
1881	189	-0.035	1E-3
1901	192.9	-0.036	1E-3
1921	196.5	-0.036	1E-3
1941	200.4	-0.037	1E-3
1961	204.6	-0.037	1E-3
1981	208.2	-0.038	1E-3
2001	211.9	-0.038	1E-3
2021	215.6	-0.039	1E-3
2041	219.5	-0.04	1E-3
2061	223.3	-0.04	1E-3
2081	227.1	-0.04	1E-3
2101	231.4	-0.041	1E-3
2121	235.4	-0.041	1E-3
2141	239.6	-0.042	1E-3
2161	243.1	-0.042	1E-3
2181	247.3	-0.042	1E-3
2201	251.7	-0.043	1E-3
2221	255.7	-0.043	1E-3
2241	259.9	-0.044	1E-3
2261	264.1	-0.044	1E-3
2281	268.3	-0.045	1E-3
2301	272.3	-0.045	1E-3
2321	276.3	-0.045	1E-3
2341	280.4	-0.046	1E-3
2361	284.5	-0.047	1E-3
2381	288.9	-0.047	1E-3
2401	292.4	-0.048	1E-3
2421	296.8	-0.048	1E-3
2441	301.2	-0.048	1E-3
2461	305.2	-0.049	1E-3
2481	309.9	-0.05	1E-3
2501	314	-0.05	1E-3
2521	317.6	-0.05	1E-3
2541	322.2	-0.051	1E-3
2561	326.2	-0.051	1E-3
2581	330.6	-0.052	1E-3
2601	335.5	-0.052	1E-3
2621	339.8	-0.052	1E-3
2641	343.7	-0.053	1E-3
2661	348.1	-0.053	1E-3
2681	352.4	-0.053	1E-3
2701	356.6	-0.054	1E-3
2721	361.2	-0.054	1E-3
2741	365.2	-0.054	1E-3
2761	369.4	-0.054	1E-3
2781	373.8	-0.055	1E-3
2801	378	-0.055	1E-3
2821	382.2	-0.055	1E-3
2841	386.6	-0.056	1E-3
2861	391.1	-0.056	1E-3
2881	395.1	-0.056	1E-3
2901	399.4	-0.057	1E-3
2921	403.7	-0.057	1E-3
2941	407.9	-0.057	1E-3
2961	412.5	-0.058	1E-3
2981	416.7	-0.058	1E-3
3001	420.7	-0.059	1E-3
3021	425.4	-0.059	1E-3
3041	429.6	-0.059	1E-3
3061	434.2	-0.06	1E-3
3081	438.5	-0.06	1E-3
3101	442.4	-0.061	1E-3
3121	446.8	-0.061	1E-3
3141	451.3	-0.062	1E-3
3161	455.2	-0.062	1E-3
3181	459.4	-0.063	1E-3
3201	463.7	-0.063	1E-3
3221	467.9	-0.063	1E-3
3241	472	-0.064	1E-3
3261	476.3	-0.064	1E-3
3281	480.5	-0.065	1E-3
3301	484.8	-0.065	1E-3
3321	488.8	-0.065	1E-3
3341	493	-0.066	1E-3
3361	497.2	-0.066	1E-3
3381	501.5	-0.067	1E-3
3401	505.4	-0.068	1E-3
3421	509.6	-0.068	1E-3
3441	513.6	-0.069	1E-3
3461	518	-0.07	1E-3
3481	522	-0.071	1E-3
3501	526	-0.071	1E-3
3521	530.6	-0.072	1E-3
3541	534.6	-0.073	1E-3
3561	538.5	-0.074	1E-3
3581	542.7	-0.075	1E-3
3601	546.3	-0.076	1E-3
3621	551.1	-0.076	1E-3
3641	555.5	-0.077	1E-3
3661	559.1	-0.078	1E-3
3681	563.1	-0.079	1E-3
3701	567.2	-0.08	1E-3
3721	571	-0.081	1E-3
3741	574.9	-0.082	1E-3
3761	578.9	-0.083	1E-3
3781	582.8	-0.084	1E-3
3801	586.8	-0.086	1E-3
3821	590.6	-0.087	1E-3
3841	594.8	-0.088	1E-3
3861	598.7	-0.09	1E-3
3881	602.5	-0.091	1E-3
3901	606.7	-0.093	1E-3
3921	610.2	-0.094	1E-3
3941	614.2	-0.096	1E-3
3961	618.3	-0.097	1E-3
3981	622.3	-0.099	1E-3
4001	626.1	-0.101	1E-3
4021	630.2	-0.103	1E-3
4041	633.9	-0.104	1E-3
4061	638	-0.106	1E-3
4081	641.9	-0.108	1E-3
4101	645.8	-0.11	1E-3
4121	649.6	-0.112	1E-3
4141	653.5	-0.114	1E-3
4161	657.3	-0.116	1E-3
4181	661	-0.118	1E-3
4201	664.6	-0.12	1E-3
4221	668.5	-0.123	1E-3
4241	672.3	-0.124	1E-3
4261	676	-0.127	1E-3
4281	679.5	-0.13	1E-3
4301	683.2	-0.133	1E-3
4321	686.7	-0.136	1E-3
4341	690.7	-0.14	1E-3
4361	694.4	-0.143	1E-3
4381	698.3	-0.146	1E-3
4401	701.9	-0.15	1E-3
4421	705.4	-0.154	1E-3
4441	709.1	-0.158	1E-3
4461	713	-0.162	1E-3
4481	716.8	-0.167	1E-3
4501	720.3	-0.172	1E-3
4521	724.2	-0.177	1E-3
4541	727.5	-0.184	1E-3
4561	731.1	-0.189	1E-3
4581	735	-0.196	1E-3
4601	738.7	-0.202	1E-3
4621	742.3	-0.21	1E-3
4641	745.8	-0.218	1E-3
4661	749.5	-0.226	1E-3
4681	752.9	-0.235	1E-3
4701	756.7	-0.244	1E-3
4721	760.4	-0.254	1E-3
4741	763.9	-0.265	1E-3
4761	767.5	-0.276	1E-3
4781	770.9	-0.287	1E-3
4801	774.5	-0.3	1E-3
4821	777.9	-0.312	1E-3
4841	781.7	-0.324	1E-3
4861	785	-0.338	1E-3
4881	788.7	-0.352	1E-3
4901	792.6	-0.366	1E-3
4921	796.1	-0.381	1E-3
4941	799.6	-0.396	1E-3
4961	803.1	-0.412	1E-3
4981	806.6	-0.427	1E-3
5001	810.1	-0.443	1E-3
5021	813.8	-0.46	1E-3
5041	816.9	-0.476	1E-3
5061	820.2	-0.493	1E-3
5081	823.7	-0.509	1E-3
5101	827.4	-0.526	1E-3
5121	830.9	-0.544	1E-3
5141	834.6	-0.561	1E-3
5161	838.3	-0.579	1E-3
5181	841.4	-0.597	1E-3
5201	844.9	-0.614	1E-3
5221	848.9	-0.633	1E-3
5241	852.4	-0.651	1E-3
5261	856.1	-0.669	1E-3
5281	859.6	-0.687	1E-3
5301	863.3	-0.706	1E-3
5321	866.6	-0.724	1E-3
5341	870.3	-0.744	1E-3
5361	874	-0.762	1E-3
5381	877.5	-0.781	1E-3
5401	881	-0.799	1E-3
5421	884.5	-0.818	1E-3
5441	887.6	-0.836	1E-3
5461	890.9	-0.854	1E-3
5481	894.6	-0.873	1E-3
5501	898.1	-0.891	1E-3
5521	901.6	-0.909	1E-3
5541	904.9	-0.927	1E-3
5561	908.4	-0.946	1E-3
5581	911.7	-0.963	1E-3
5601	915.1	-0.982	1E-3
5622	918.6	-0.999	1E-3
5642	922.3	-1.017	1E-3
5662	925.9	-1.034	1E-3
5682	929.1	-1.052	1E-3
5702	932.6	-1.069	1E-3
5722	936.1	-1.085	1E-3
5742	939.4	-1.103	1E-3
5762	942.7	-1.119	1E-3
5782	946.4	-1.135	1E-3
5802	950.3	-1.152	1E-3
5822	953.6	-1.167	1E-3
5842	956.9	-1.184	1E-3
5862	960.4	-1.2	1E-3
5882	964.1	-1.215	1E-3
5902	967.9	-1.231	1E-3
5922	971.4	-1.246	1E-3
5942	974.4	-1.262	1E-3
5962	978.1	-1.277	1E-3
5982	981.8	-1.292	1E-3
6002	985.2	-1.307	1E-3
6022	988.8	-1.322	1E-3
6042	992.3	-1.336	1E-3
6062	995.9	-1.351	1E-3
6082	999.1	-1.365	1E-3
6102	1002.4	-1.38	1E-3
6122	1006.3	-1.394	1E-3
6142	1009.6	-1.408	1E-3
6162	1012.9	-1.423	1E-3
6182	1016.4	-1.436	1E-3
6202	1019.7	-1.451	1E-3
6222	1023	-1.465	1E-3
6242	1026.7	-1.478	1E-3
6262	1030	-1.492	1E-3
6282	1033.9	-1.505	1E-3
6302	1037.4	-1.519	1E-3
6322	1040.7	-1.532	1E-3
6342	1044.1	-1.545	1E-3
6362	1047.6	-1.558	1E-3
6382	1050.9	-1.571	1E-3
6402	1054.4	-1.584	1E-3
6422	1058.1	-1.596	1E-3
6442	1061.5	-1.608	1E-3
6462	1065.1	-1.621	1E-3
6482	1068	-1.633	1E-3
6502	1071.9	-1.645	1E-3
6522	1075.4	-1.657	1E-3
6542	1078.9	-1.669	1E-3
6562	1082.4	-1.681	1E-3
6582	1086	-1.692	1E-3
6602	1089.4	-1.704	1E-3
6622	1093.1	-1.715	1E-3
6642	1096.4	-1.726	1E-3
6662	1100.1	-1.737	1E-3
6682	1103.7	-1.748	1E-3
6702	1107.2	-1.759	1E-3
6722	1110.7	-1.77	1E-3
6742	1114.2	-1.781	1E-3
6762	1117.9	-1.791	1E-3
6782	1121.2	-1.801	1E-3
6802	1125.1	-1.811	1E-3
6822	1128.4	-1.822	1E-3
6842	1131.7	-1.832	1E-3
6862	1135	-1.841	1E-3
6882	1138.5	-1.851	1E-3
6902	1142.1	-1.86	1E-3
6922	1145.9	-1.869	1E-3
6942	1149.4	-1.879	1E-3
6962	1152.9	-1.887	1E-3
6982	1156	-1.896	1E-3
7002	1159.7	-1.905	1E-3
7022	1163.4	-1.914	1E-3
7042	1166.9	-1.922	1E-3
7062	1170.4	-1.931	1E-3
7082	1174.1	-1.939	1E-3
7102	1177.4	-1.947	1E-3
7122	1180.7	-1.955	1E-3
7142	1184.4	-1.963	1E-3
7162	1188.1	-1.971	1E-3
7182	1191.6	-1.978	1E-3
7202	1195.4	-1.986	1E-3
7222	1198.8	-1.993	1E-3
7242	1202.3	-2	1E-3
7262	1205.8	-2.006	1E-3
7282	1209.4	-2.014	1E-3
7302	1213.1	-2.021	1E-3
7322	1216.6	-2.027	1E-3
7342	1220.3	-2.034	1E-3
7362	1223.8	-2.04	1E-3
7382	1227.3	-2.045	1E-3
7402	1230.9	-2.052	1E-3
7422	1234.6	-2.057	1E-3
7442	1237.9	-2.064	1E-3
7462	1241.4	-2.069	1E-3
7482	1245.1	-2.075	1E-3
7502	1248.8	-2.08	1E-3
7522	1252.3	-2.084	1E-3
7542	1255.8	-2.09	1E-3
7562	1259.3	-2.095	1E-3
7582	1263	-2.1	1E-3
7602	1266.3	-2.105	1E-3
7622	1270	-2.109	1E-3
7642	1273.5	-2.114	1E-3
7662	1276.8	-2.118	1E-3
7682	1280.7	-2.122	1E-3
7702	1284.2	-2.126	1E-3
7722	1287.7	-2.13	1E-3
7742	1291.2	-2.134	1E-3
7762	1294.7	-2.138	1E-3
7782	1298.2	-2.143	1E-3
7802	1301.8	-2.146	1E-3
7822	1305.3	-2.15	1E-3
7842	1309.2	-2.153	1E-3
7862	1312.3	-2.156	1E-3
7882	1316	-2.16	1E-3
7902	1319.5	-2.163	1E-3
7922	1323.2	-2.166	1E-3
7942	1326.7	-2.169	1E-3
7962	1330.5	-2.172	1E-3
7982	1333.8	-2.175	1E-3
8002	1337.2	-2.178	1E-3
8022	1340.8	-2.182	1E-3
8042	1344.3	-2.184	1E-3
8062	1347.8	-2.187	1E-3
8082	1351.5	-2.189	1E-3
8102	1355	-2.192	1E-3
8122	1358.4	-2.195	1E-3
8142	1362	-2.197	1E-3
8162	1365.5	-2.199	1E-3
8182	1369.2	-2.202	1E-3
8202	1372.7	-2.204	1E-3
8222	1376	-2.206	1E-3
8242	1379.9	-2.208	1E-3
8262	1383.2	-2.211	1E-3
8302	1375.2	-2.217	1E-3
8322	1384.4	-2.216	1E-3
8342	1386	-2.218	1E-3
8362	1385.3	-2.22	1E-3
8382	1383	-2.222	1E-3
8402	1379.9	-2.224	1E-3
8422	1376.2	-2.224	1E-3
8442	1371.6	-2.225	1E-3
8462	1366.6	-2.226	1E-3
8482	1361.3	-2.226	1E-3
8502	1356.1	-2.227	1E-3
8522	1350.3	-2.227	1E-3
8542	1344.2	-2.227	1E-3
8563	1338	-2.228	1E-3
8583	1332.1	-2.228	1E-3
8603	1325.8	-2.228	1E-3
8623	1319.7	-2.229	1E-3
8643	1313.4	-2.229	1E-3
8663	1307.1	-2.229	1E-3
8683	1300.8	-2.23	1E-3
8703	1294.3	-2.23	1E-3
8723	1288.4	-2.23	1E-3
8743	1281.9	-2.231	1E-3
8763	1275.6	-2.231	1E-3
8783	1269.3	-2.231	1E-3
8803	1263	-2.231	1E-3
8823	1256.8	-2.232	1E-3
8843	1250.5	-2.232	1E-3
8863	1244.4	-2.232	1E-3
8883	1238.3	-2.233	1E-3
8903	1232	-2.233	1E-3
8923	1225.7	-2.233	1E-3
8943	1219.8	-2.233	1E-3
8963	1213.4	-2.234	1E-3
8983	1207.2	-2.234	1E-3
9003	1201.2	-2.234	1E-3
9023	1195.1	-2.234	1E-3
9043	1188.8	-2.234	1E-3
9063	1182.5	-2.235	1E-3
9083	1176.5	-2.235	1E-3
9103	1170.2	-2.235	1E-3
9123	1163.9	-2.235	1E-3
9143	1157.8	-2.236	1E-3
9163	1151.7	-2.236	1E-3
9183	1145.7	-2.236	1E-3
9203	1139.4	-2.237	1E-3
9223	1133.8	-2.237	1E-3
9243	1127.9	-2.237	1E-3
9263	1121.6	-2.237	1E-3
9283	1115.5	-2.237	1E-3
9303	1109.8	-2.238	1E-3
9323	1103.7	-2.238	1E-3
9343	1097.4	-2.238	1E-3
9363	1091.1	-2.239	1E-3
9383	1085.2	-2.239	1E-3
9403	1079	-2.239	1E-3
9423	1072.9	-2.239	1E-3
9443	1067.2	-2.24	1E-3
9463	1061.2	-2.24	1E-3
9483	1054.7	-2.24	1E-3
9503	1048.9	-2.24	1E-3
9523	1043.3	-2.241	1E-3
9543	1037.2	-2.241	1E-3
9563	1031.3	-2.241	1E-3
9583	1025.3	-2.241	1E-3
9603	1019.7	-2.242	1E-3
9623	1014	-2.242	1E-3
9643	1008.2	-2.242	1E-3
9663	1003.1	-2.242	1E-3
9683	997.3	-2.242	1E-3
9703	992.1	-2.243	1E-3
9723	986.7	-2.243	1E-3
9743	981.2	-2.243	1E-3
9763	976	-2.243	1E-3
9783	970.9	-2.243	1E-3
9803	965.5	-2.244	1E-3
9823	960.6	-2.244	1E-3
9843	955.8	-2.244	1E-3
9863	951	-2.244	1E-3
9883	945.7	-2.245	1E-3
9903	940.8	-2.245	1E-3
9923	936.1	-2.245	1E-3
9943	931.5	-2.245	1E-3
9963	926.8	-2.246	1E-3
9983	922.1	-2.246	1E-3
10003	917.5	-2.246	1E-3
10023	913.3	-2.247	1E-3
10043	909	-2.247	1E-3
10063	904.8	-2.247	1E-3
10083	900.4	-2.247	1E-3
10103	896	-2.248	1E-3
10123	892	-2.248	1E-3
10143	888	-2.248	1E-3
10163	883.9	-2.249	1E-3
10183	879.7	-2.249	1E-3
10203	875.5	-2.249	1E-3
10223	871.5	-2.25	1E-3
10243	867.7	-2.25	1E-3
10263	863.6	-2.25	1E-3
10283	859.6	-2.251	1E-3
10303	855.4	-2.251	1E-3
10323	851.6	-2.251	1E-3
10343	847.7	-2.251	1E-3
10363	844.2	-2.252	1E-3
10383	840.3	-2.252	1E-3
10403	836.5	-2.252	1E-3
10423	832.8	-2.252	1E-3
10443	829.2	-2.252	1E-3
10463	825.3	-2.253	1E-3
10483	821.8	-2.253	1E-3
10503	818.3	-2.253	1E-3
10523	814.8	-2.253	1E-3
10543	811.3	-2.254	1E-3
10563	807.8	-2.254	1E-3
10583	804.5	-2.254	1E-3
10603	800.8	-2.254	1E-3
10623	797.7	-2.255	1E-3
10643	794.2	-2.255	1E-3
10663	791	-2.255	1E-3
10683	787.7	-2.255	1E-3
10703	784.3	-2.255	1E-3
10723	781	-2.256	1E-3
10743	777.9	-2.256	1E-3
10763	774.5	-2.256	1E-3
10783	771.6	-2.257	1E-3
10803	768.6	-2.257	1E-3
10823	765.5	-2.257	1E-3
10843	762.1	-2.257	1E-3
10863	758.8	-2.258	1E-3
10883	755.8	-2.258	1E-3
10903	752.7	-2.258	1E-3
10923	749.9	-2.258	1E-3
10943	746.7	-2.259	1E-3
10963	743.8	-2.259	1E-3
10983	740.6	-2.259	1E-3
11003	737.6	-2.26	1E-3
11023	734.5	-2.26	1E-3
11043	731.3	-2.26	1E-3
11063	728.7	-2.261	1E-3
11083	725.9	-2.261	1E-3
11103	722.8	-2.261	1E-3
11123	720	-2.261	1E-3
11143	717	-2.262	1E-3
11163	714	-2.262	1E-3
11183	711	-2.262	1E-3
11203	708.4	-2.262	1E-3
11223	705.4	-2.263	1E-3
11243	702.8	-2.263	1E-3
11263	700.2	-2.263	1E-3
11283	697.4	-2.263	1E-3
11303	694.6	-2.263	1E-3
11323	692	-2.264	1E-3
11343	689.3	-2.264	1E-3
11363	686.4	-2.264	1E-3
11383	683.9	-2.264	1E-3
11403	681.3	-2.264	1E-3
11423	678.8	-2.264	1E-3
11443	676	-2.265	1E-3
11463	673.6	-2.265	1E-3
11483	670.8	-2.265	1E-3
11503	668.5	-2.265	1E-3
11523	665.9	-2.266	1E-3
11543	663.1	-2.266	1E-3
11563	660.8	-2.266	1E-3
11583	658.5	-2.266	1E-3
11603	655.9	-2.266	1E-3
11623	653.3	-2.266	1E-3
11643	650.8	-2.266	1E-3
11663	648.2	-2.267	1E-3
11683	645.6	-2.267	1E-3
11703	643.1	-2.267	1E-3
11723	640.7	-2.267	1E-3
11743	638	-2.267	1E-3
11763	635.6	-2.268	1E-3
11783	633.5	-2.268	1E-3
11803	631.2	-2.268	1E-3
11823	628.6	-2.268	1E-3
11843	626.1	-2.269	1E-3
11863	623.9	-2.269	1E-3
11883	621.4	-2.269	1E-3
11903	619.2	-2.269	1E-3
11923	616.5	-2.269	1E-3
11943	614.4	-2.27	1E-3
11963	612	-2.27	1E-3
11983	609.7	-2.27	1E-3
12003	607.8	-2.27	1E-3
12023	605.3	-2.27	1E-3
12043	602.9	-2.271	1E-3
12063	600.6	-2.271	1E-3
12083	598.5	-2.271	1E-3
12103	596.1	-2.271	1E-3
12123	594	-2.272	1E-3
12143	591.5	-2.272	1E-3
12163	589.4	-2.272	1E-3
12183	587.1	-2.272	1E-3
12223	582.9	-2.272	1E-3
12243	580.8	-2.273	1E-3
12263	578.6	-2.273	1E-3
12283	576.4	-2.273	1E-3
12303	574.2	-2.273	1E-3
12323	572.1	-2.273	1E-3
12343	570.2	-2.274	1E-3
12363	567.9	-2.274	1E-3
12383	565.6	-2.274	1E-3
12403	563.3	-2.274	1E-3
12423	561.6	-2.274	1E-3
12443	559.3	-2.274	1E-3
12463	557.5	-2.275	1E-3
12483	555.3	-2.275	1E-3
12503	553.4	-2.275	1E-3
12523	551.1	-2.275	1E-3
12543	549.1	-2.275	1E-3
12563	546.9	-2.275	1E-3
12583	544.8	-2.275	1E-3
12603	542.9	-2.276	1E-3
12623	540.6	-2.276	1E-3
12643	538.6	-2.276	1E-3
12663	536.5	-2.276	1E-3
12683	534.6	-2.276	1E-3
12703	532.7	-2.276	1E-3
12723	530.8	-2.276	1E-3
12743	528.8	-2.277	1E-3
12763	526.9	-2.277	1E-3
12783	525	-2.277	1E-3
12803	522.7	-2.277	1E-3
12823	521	-2.277	1E-3
12843	518.7	-2.278	1E-3
12863	517	-2.278	1E-3
12883	515	-2.278	1E-3
12903	512.9	-2.278	1E-3
12923	511	-2.278	1E-3
12943	509.1	-2.278	1E-3
12963	507.3	-2.278	1E-3
12983	505.6	-2.279	1E-3
13003	503.7	-2.279	1E-3
13023	501.5	-2.279	1E-3
13043	499.8	-2.279	1E-3
13063	497.9	-2.279	1E-3
13083	496	-2.279	1E-3
13103	494	-2.279	1E-3
13123	492.3	-2.28	1E-3
13143	490.5	-2.28	1E-3
13163	488.9	-2.28	1E-3
13183	486.9	-2.28	1E-3
13203	485.1	-2.28	1E-3
13223	483.4	-2.28	1E-3
13243	481.6	-2.281	1E-3
13263	479.8	-2.281	1E-3
13283	478.1	-2.281	1E-3
13303	476.2	-2.281	1E-3
13323	474.4	-2.281	1E-3
13343	472.7	-2.281	1E-3
13363	470.9	-2.281	1E-3
13383	469.2	-2.281	1E-3
13403	467.3	-2.282	1E-3
13423	465.5	-2.282	1E-3
13443	463.9	-2.282	1E-3
13463	462.2	-2.282	1E-3
13483	460.8	-2.282	1E-3
13503	459.2	-2.282	1E-3
13523	457.3	-2.282	1E-3
13543	455.5	-2.282	1E-3
13563	454	-2.283	1E-3
13583	452.2	-2.283	1E-3
13603	450.6	-2.283	1E-3
13623	448.9	-2.283	1E-3
13643	447.1	-2.283	1E-3
13663	445.5	-2.283	1E-3
13683	443.8	-2.283	1E-3
13703	442.1	-2.284	1E-3
13723	440.5	-2.284	1E-3
13743	438.5	-2.284	1E-3
13763	437	-2.284	1E-3
13783	435.6	-2.284	1E-3
13803	433.8	-2.284	1E-3
13823	432.4	-2.284	1E-3
13843	430.7	-2.284	1E-3
13863	429.1	-2.284	1E-3
13883	427.4	-2.284	1E-3
13903	425.6	-2.285	1E-3
13923	424.2	-2.285	1E-3
13943	422.4	-2.285	1E-3
13963	420.9	-2.285	1E-3
13983	419.3	-2.285	1E-3
14003	417.5	-2.285	1E-3
14023	416	-2.285	1E-3
14043	414.4	-2.286	1E-3
14063	413	-2.286	1E-3
14083	411.4	-2.286	1E-3
14103	410	-2.286	1E-3
14123	408.3	-2.286	1E-3
14143	406.9	-2.286	1E-3
14163	405.3	-2.286	1E-3
14183	403.7	-2.286	1E-3
14203	402.1	-2.286	1E-3
14223	400.6	-2.287	1E-3
14243	399.2	-2.287	1E-3
14263	397.6	-2.287	1E-3
14283	396	-2.287	1E-3
14303	394.5	-2.287	1E-3
14323	392.9	-2.287	1E-3
14343	391.5	-2.287	1E-3
14363	390.1	-2.288	1E-3
14383	388.5	-2.288	1E-3
14403	387.1	-2.288	1E-3
14423	386	-2.288	1E-3
14443	384.5	-2.288	1E-3
14463	382.9	-2.288	1E-3
14483	381.3	-2.288	1E-3
14503	379.9	-2.289	1E-3
14523	378.5	-2.288	1E-3
14543	377.1	-2.289	1E-3
14563	375.7	-2.289	1E-3
14583	374.1	-2.289	1E-3
14603	372.6	-2.289	1E-3
14623	371.3	-2.289	1E-3
14643	369.8	-2.289	1E-3
14663	368.5	-2.29	1E-3
14683	367	-2.29	1E-3
14703	365.6	-2.29	1E-3
14723	364.3	-2.29	1E-3
14743	363.1	-2.29	1E-3
14763	361.5	-2.29	1E-3
14783	360.5	-2.29	1E-3
14803	358.9	-2.29	1E-3
14823	357.4	-2.29	1E-3
14843	356.3	-2.291	1E-3
14863	354.9	-2.291	1E-3
14883	353.5	-2.291	1E-3
14903	352.3	-2.291	1E-3
14923	350.9	-2.291	1E-3
14943	349.5	-2.291	1E-3
14963	348.1	-2.291	1E-3
14983	346.7	-2.292	1E-3
15003	345.5	-2.292	1E-3
15023	343.9	-2.292	1E-3
15043	342.7	-2.292	1E-3
15063	341.3	-2.292	1E-3
15083	339.8	-2.292	1E-3
15103	338.6	-2.292	1E-3
15123	337.2	-2.292	1E-3
15143	336.2	-2.292	1E-3
15163	334.9	-2.292	1E-3
15183	333.7	-2.292	1E-3
15203	332.3	-2.293	1E-3
15223	331.1	-2.293	1E-3
15243	329.7	-2.293	1E-3
15263	328.1	-2.293	1E-3
15283	326.9	-2.293	1E-3
15303	325.7	-2.293	1E-3
15323	324.6	-2.293	1E-3
15343	323.2	-2.293	1E-3
15363	321.6	-2.293	1E-3
15383	320.3	-2.293	1E-3
15403	319.4	-2.293	1E-3
15423	318.2	-2.294	1E-3
15443	316.8	-2.294	1E-3
15463	315.5	-2.294	1E-3
15483	314.3	-2.294	1E-3
15503	313.2	-2.294	1E-3
15523	312	-2.294	1E-3
15543	310.8	-2.294	1E-3
15563	309.6	-2.294	1E-3
15583	308.5	-2.294	1E-3
15603	307.3	-2.294	1E-3
15623	306.1	-2.294	1E-3
15643	304.7	-2.294	1E-3
15663	303.5	-2.294	1E-3
15683	302.4	-2.295	1E-3
15703	301	-2.295	1E-3
15723	299.9	-2.295	1E-3
15743	298.5	-2.295	1E-3
15763	297.5	-2.295	1E-3
15783	296.5	-2.295	1E-3
15803	295.4	-2.295	1E-3
15823	293.8	-2.295	1E-3
15843	293	-2.295	1E-3
15863	291.7	-2.295	1E-3
15883	290.5	-2.295	1E-3
15903	289.6	-2.296	1E-3
15923	288.4	-2.296	1E-3
15943	287.5	-2.296	1E-3
15963	286.3	-2.296	1E-3
15983	285.1	-2.296	1E-3
16003	284.2	-2.296	1E-3
16023	283.1	-2.296	1E-3
16043	281.8	-2.296	1E-3
16063	280.7	-2.296	1E-3
16083	279.8	-2.296	1E-3
16103	278.6	-2.296	1E-3
16123	277.6	-2.297	1E-3
16143	276.5	-2.297	1E-3
16163	275.4	-2.297	1E-3
16183	274.4	-2.297	1E-3
16203	273.2	-2.297	1E-3
16223	272.1	-2.297	1E-3
16243	271.3	-2.297	1E-3
16263	269.9	-2.297	1E-3
16283	268.8	-2.297	1E-3
16303	268.1	-2.297	1E-3
16323	266.7	-2.297	1E-3
16343	265.5	-2.298	1E-3
16363	264.6	-2.298	1E-3
16383	263.5	-2.298	1E-3
16403	262.7	-2.298	1E-3
16423	261.3	-2.298	1E-3
16443	260.2	-2.298	1E-3
16463	259.2	-2.298	1E-3
16483	258.1	-2.298	1E-3
16503	257.1	-2.298	1E-3
16523	256.4	-2.299	1E-3
16543	255.1	-2.299	1E-3
16563	253.9	-2.299	1E-3
16583	253.4	-2.299	1E-3
16603	252	-2.299	1E-3
16623	251.1	-2.299	1E-3
16643	250.3	-2.299	1E-3
16663	249	-2.299	1E-3
16683	248.2	-2.299	1E-3
16703	246.8	-2.299	1E-3
16723	245.9	-2.3	1E-3
16743	244.8	-2.3	1E-3
16763	244.3	-2.3	1E-3
16783	242.9	-2.3	1E-3
16803	242.2	-2.3	1E-3
16823	241.1	-2.3	1E-3
16843	240.3	-2.3	1E-3
16863	239.1	-2.3	1E-3
16883	237.8	-2.3	1E-3
16903	236.8	-2.3	1E-3
16923	235.9	-2.3	1E-3
16943	235	-2.301	1E-3
16963	234.3	-2.301	1E-3
16983	233.5	-2.301	1E-3
17003	232.6	-2.301	1E-3
17023	231.5	-2.301	1E-3
17043	231	-2.301	1E-3
17063	230	-2.301	1E-3
17083	228.7	-2.301	1E-3
17103	227.8	-2.301	1E-3
17123	227	-2.301	1E-3
17143	226.3	-2.302	1E-3
17163	225.6	-2.302	1E-3
17183	224.3	-2.302	1E-3
17203	223.7	-2.302	1E-3
17223	222.3	-2.302	1E-3
17243	221.5	-2.302	1E-3
17263	220.7	-2.302	1E-3
17283	219.8	-2.302	1E-3
17303	218.6	-2.302	1E-3
17323	217.9	-2.302	1E-3
17343	216.8	-2.302	1E-3
17363	216.3	-2.302	1E-3
17383	215.3	-2.302	1E-3
17403	214.6	-2.303	1E-3
17423	213.9	-2.303	1E-3
17443	212.6	-2.303	1E-3
17463	211.9	-2.303	1E-3
17483	211.1	-2.303	1E-3
17503	210	-2.303	1E-3
17523	209.5	-2.303	1E-3
17543	208.2	-2.303	1E-3
17563	207.7	-2.303	1E-3
17583	206.8	-2.303	1E-3
17603	206.3	-2.303	1E-3
17623	205.4	-2.303	1E-3
17643	204.8	-2.303	1E-3
17663	203.7	-2.303	1E-3
17683	202.8	-2.303	1E-3
17703	201.9	-2.304	1E-3
17723	201.1	-2.304	1E-3
17743	200	-2.304	1E-3
17763	199.5	-2.304	1E-3
17783	198.6	-2.304	1E-3
17803	197.6	-2.304	1E-3
17823	196.7	-2.304	1E-3
17843	195.8	-2.304	1E-3
17863	195.3	-2.304	1E-3
17883	194.6	-2.304	1E-3
17903	193.4	-2.304	1E-3
17923	193.2	-2.304	1E-3
17943	191.6	-2.304	1E-3
17963	191.1	-2.304	1E-3
17983	190.2	-2.304	1E-3
18003	189.7	-2.304	1E-3
18023	188.8	-2.304	1E-3
18043	187.9	-2.304	1E-3
18063	186.9	-2.305	1E-3
18083	186.2	-2.305	1E-3
18103	185.7	-2.305	1E-3
18123	184.6	-2.305	1E-3
18143	183.9	-2.305	1E-3
18163	183.2	-2.305	1E-3
18183	182.5	-2.305	1E-3
18203	181.5	-2.305	1E-3
18223	180.9	-2.305	1E-3
18243	180.3	-2.305	1E-3
18263	179.2	-2.305	1E-3
18283	178.7	-2.305	1E-3
18303	178	-2.305	1E-3
18323	177.3	-2.305	1E-3
18343	176.6	-2.305	1E-3
18363	175.9	-2.306	1E-3
18383	175	-2.306	1E-3
18403	174.6	-2.306	1E-3
18423	173.6	-2.306	1E-3
18443	172.9	-2.306	1E-3
18463	172.2	-2.306	1E-3
18483	171.5	-2.306	1E-3
18503	171.1	-2.306	1E-3
18523	170.3	-2.306	1E-3
18543	169.6	-2.306	1E-3
18563	168.5	-2.306	1E-3
18583	167.8	-2.306	1E-3
18603	167.5	-2.306	1E-3
18623	166.4	-2.306	1E-3
18643	165.9	-2.306	1E-3
18663	165.6	-2.306	1E-3
18683	164.7	-2.306	1E-3
18703	163.8	-2.306	1E-3
18723	163.1	-2.307	1E-3
18743	162.6	-2.307	1E-3
18763	161.9	-2.307	1E-3
18783	161.2	-2.307	1E-3
18803	160.7	-2.307	1E-3
18823	160	-2.307	1E-3
18843	159.3	-2.307	1E-3
18863	158.4	-2.307	1E-3
18883	157.9	-2.307	1E-3
18903	157.3	-2.307	1E-3
18923	156.8	-2.307	1E-3
18943	155.9	-2.307	1E-3
18963	155.2	-2.307	1E-3
18983	154.5	-2.307	1E-3
19003	154	-2.307	1E-3
19023	153.5	-2.307	1E-3
19043	152.9	-2.307	1E-3
19063	152.3	-2.307	1E-3
19083	151.4	-2.307	1E-3
19103	150.8	-2.308	1E-3
19123	150.5	-2.308	1E-3
19143	150	-2.308	1E-3
19163	149.1	-2.308	1E-3
19183	148.6	-2.308	1E-3
19203	148.1	-2.308	1E-3
19223	147.7	-2.308	1E-3
19243	146.8	-2.308	1E-3
19263	146	-2.308	1E-3
19283	145.4	-2.308	1E-3
19303	144.7	-2.308	1E-3
19323	144	-2.308	1E-3
19343	143.5	-2.308	1E-3
19363	143	-2.308	1E-3
19383	142.3	-2.308	1E-3
19403	141.4	-2.309	1E-3
19423	140.9	-2.309	1E-3
19443	140.7	-2.309	1E-3
19463	139.8	-2.309	1E-3
19483	139.1	-2.309	1E-3
19503	138.4	-2.309	1E-3
19523	137.9	-2.309	1E-3
19543	137.9	-2.309	1E-3
19563	137	-2.309	1E-3
19583	136.2	-2.309	1E-3
19603	135.6	-2.309	1E-3
19623	135.1	-2.309	1E-3
19643	134.6	-2.309	1E-3
19663	134.1	-2.309	1E-3
19683	133.2	-2.309	1E-3
19703	133	-2.309	1E-3
19723	132.1	-2.31	1E-3
19743	131.6	-2.31	1E-3
19763	130.9	-2.31	1E-3
19783	130.6	-2.31	1E-3
19803	129.9	-2.31	1E-3
19823	129.1	-2.31	1E-3
19843	128.8	-2.31	1E-3
19863	128.3	-2.31	1E-3
19883	127.6	-2.31	1E-3
19903	127.1	-2.31	1E-3
19923	126.7	-2.31	1E-3
19943	126.2	-2.31	1E-3
19963	125.3	-2.31	1E-3
19983	125	-2.31	1E-3
20003	124.6	-2.31	1E-3
20023	124.4	-2.31	1E-3
20043	123.6	-2.31	1E-3
20063	122.8	-2.31	1E-3
20083	122.5	-2.31	1E-3
20103	122	-2.31	1E-3
20123	121.6	-2.311	1E-3
20143	121.1	-2.311	1E-3
20163	120.6	-2.311	1E-3
20183	120	-2.311	1E-3
20203	119.7	-2.311	1E-3
20223	119.2	-2.311	1E-3
20243	119	-2.311	1E-3
20263	118.3	-2.311	1E-3
20283	118	-2.311	1E-3
20303	117.4	-2.311	1E-3
20323	116.9	-2.311	1E-3
20343	116.2	-2.311	1E-3
20363	115.8	-2.311	1E-3
20383	115.3	-2.311	1E-3
20403	115.1	-2.311	1E-3
20423	114.6	-2.311	1E-3
20443	114.1	-2.312	1E-3
20463	113.4	-2.312	1E-3
20483	113	-2.312	1E-3
20503	112.5	-2.312	1E-3
20523	112.3	-2.312	1E-3
20543	111.7	-2.312	1E-3
20563	111.5	-2.312	1E-3
20583	111.1	-2.312	1E-3
20603	110.3	-2.312	1E-3
20623	109.9	-2.312	1E-3
20643	109.7	-2.312	1E-3
20663	108.8	-2.312	1E-3
20683	108.7	-2.312	1E-3
20703	108.3	-2.312	1E-3
20723	107.4	-2.312	1E-3
20743	107.1	-2.312	1E-3
20763	106.8	-2.312	1E-3
20783	106.4	-2.312	1E-3
20803	106	-2.313	1E-3
20823	105.5	-2.313	1E-3
20843	104.8	-2.313	1E-3
20863	104.7	-2.313	1E-3
20883	103.9	-2.313	1E-3
20903	103.9	-2.313	1E-3
20923	103.4	-2.313	1E-3
20943	102.7	-2.313	1E-3
20963	102.6	-2.313	1E-3
20983	101.9	-2.313	1E-3
21003	101.7	-2.313	1E-3
21023	101.3	-2.313	1E-3
21043	100.6	-2.313	1E-3
21063	100.3	-2.313	1E-3
21083	99.9	-2.313	1E-3
21103	99.6	-2.314	1E-3
21123	99	-2.314	1E-3
21143	98.3	-2.314	1E-3
21163	98.5	-2.314	1E-3
21183	97.6	-2.314	1E-3
21203	97.3	-2.314	1E-3
21223	96.6	-2.314	1E-3
21243	96.6	-2.314	1E-3
21263	96.3	-2.314	1E-3
21283	95.6	-2.314	1E-3
21303	95.4	-2.314	1E-3
21323	95.2	-2.314	1E-3
21343	94.7	-2.314	1E-3
21363	94.3	-2.314	1E-3
21383	93.6	-2.314	1E-3
21403	93.3	-2.314	1E-3
21423	92.9	-2.314	1E-3
21443	92.4	-2.314	1E-3
21463	92.1	-2.314	1E-3
21483	91.9	-2.314	1E-3
21503	91.3	-2.314	1E-3
21523	91.3	-2.314	1E-3
21543	90.8	-2.314	1E-3
21563	90.3	-2.314	1E-3
21583	90.1	-2.314	1E-3
21603	89.9	-2.314	1E-3
21623	89.1	-2.314	1E-3
21643	89.1	-2.314	1E-3
21663	88.9	-2.314	1E-3
21683	88.4	-2.314	1E-3
21703	88	-2.314	1E-3
21723	87.5	-2.315	1E-3
21743	87.3	-2.315	1E-3
21763	87	-2.315	1E-3
21783	86.5	-2.315	1E-3
21803	86.5	-2.315	1E-3
21823	85.8	-2.315	1E-3
21843	85.4	-2.315	1E-3
21863	85.2	-2.315	1E-3
21883	84.9	-2.315	1E-3
21903	84.7	-2.315	1E-3
21923	84.2	-2.315	1E-3
21943	83.8	-2.315	1E-3
21963	83.7	-2.315	1E-3
21983	82.9	-2.315	1E-3
22003	82.8	-2.315	1E-3
22023	82.4	-2.315	1E-3
22043	82.1	-2.315	1E-3
22063	81.9	-2.315	1E-3
22083	81.5	-2.315	1E-3
22103	81.2	-2.315	1E-3
22123	81	-2.315	1E-3
22143	80.5	-2.315	1E-3
22163	80.3	-2.315	1E-3
22183	79.6	-2.315	1E-3
22203	79.5	-2.315	1E-3
22223	79.3	-2.315	1E-3
22243	78.9	-2.315	1E-3
22263	78.6	-2.315	1E-3
22285	78.2	-2.315	1E-3
22309	77.9	-2.315	1E-3
22333	77.5	-2.315	1E-3
22353	77.3	-2.315	1E-3
22373	76.8	-2.315	1E-3
22393	76.8	-2.315	1E-3
22413	76.5	-2.315	1E-3
22434	76	-2.315	1E-3
22454	76	-2.315	1E-3
22478	75.3	-2.315	1E-3
22498	74.9	-2.315	1E-3
22518	74.9	-2.315	1E-3
22538	74.4	-2.315	1E-3
22558	74.2	-2.315	1E-3
22578	74	-2.315	1E-3
22598	73.7	-2.315	1E-3
22618	73.2	-2.315	1E-3
22638	73.2	-2.315	1E-3
22658	73	-2.315	1E-3
22678	72.5	-2.315	1E-3
22698	72.3	-2.315	1E-3
22718	71.9	-2.315	1E-3
22738	71.7	-2.315	1E-3
22758	71.4	-2.315	1E-3
22778	71.2	-2.315	1E-3
22798	70.9	-2.316	1E-3
22818	70.7	-2.316	1E-3
22838	70.3	-2.316	1E-3
22858	70.2	-2.316	1E-3
22878	70	-2.316	1E-3
22898	69.7	-2.316	1E-3
22918	69.3	-2.316	1E-3
22938	68.9	-2.316	1E-3
22958	68.9	-2.316	1E-3
22978	68.6	-2.316	1E-3
22998	68.1	-2.316	1E-3
23018	68.1	-2.316	1E-3
23038	67.7	-2.316	1E-3
23058	67.5	-2.316	1E-3
23078	67.5	-2.316	1E-3
23098	67.2	-2.316	1E-3
23118	66.7	-2.316	1E-3
23138	66.7	-2.316	1E-3
23158	66.2	-2.316	1E-3
23178	66	-2.316	1E-3
23198	65.8	-2.316	1E-3
23218	65.4	-2.316	1E-3
23238	65.4	-2.316	1E-3
23258	65.3	-2.316	1E-3
23278	64.8	-2.316	1E-3
23298	64.6	-2.316	1E-3
23318	64.2	-2.316	1E-3
23338	64.2	-2.316	1E-3
23358	63.9	-2.316	1E-3
23378	63.7	-2.316	1E-3
23398	63.3	-2.316	1E-3
23418	63.2	-2.316	1E-3
23438	63.3	-2.316	1E-3
23458	63	-2.316	1E-3
23478	62.6	-2.316	1E-3
23498	62.6	-2.316	1E-3
23518	62	-2.316	1E-3
23538	62	-2.316	1E-3
23558	61.8	-2.316	1E-3
23578	61.4	-2.316	1E-3
23598	61.4	-2.316	1E-3
23618	61.1	-2.316	1E-3
23638	60.9	-2.316	1E-3
23658	60.9	-2.316	1E-3
23678	60.6	-2.316	1E-3
23698	60.2	-2.316	1E-3
23718	59.9	-2.316	1E-3
23738	59.7	-2.316	1E-3
23758	59.7	-2.316	1E-3
23778	59	-2.316	1E-3
23798	59	-2.316	1E-3
23818	58.8	-2.316	1E-3
23838	58.8	-2.316	1E-3
23858	58.4	-2.316	1E-3
23878	58.1	-2.316	1E-3
23898	57.8	-2.316	1E-3
23918	57.9	-2.316	1E-3
23938	57.6	-2.316	1E-3
23958	57.4	-2.316	1E-3
23978	57.4	-2.316	1E-3
23998	56.9	-2.316	1E-3
24018	56.7	-2.316	1E-3
24038	56.7	-2.316	1E-3
24058	56.5	-2.316	1E-3
24078	56.2	-2.316	1E-3
24098	56.4	-2.316	1E-3
24118	56.2	-2.317	1E-3
24138	56	-2.317	1E-3
24158	55.8	-2.317	1E-3
24178	55.5	-2.317	1E-3
24198	55.5	-2.317	1E-3
24218	55.1	-2.317	1E-3
24238	55	-2.317	1E-3
24258	54.8	-2.317	1E-3
24278	54.8	-2.317	1E-3
24298	54.6	-2.317	1E-3
24318	54.3	-2.317	1E-3
24338	53.7	-2.317	1E-3
24358	53.9	-2.317	1E-3
24378	53.5	-2.317	1E-3
24398	53.4	-2.317	1E-3
24418	53.5	-2.317	1E-3
24438	53	-2.317	1E-3
24458	53	-2.317	1E-3
24478	52.7	-2.317	1E-3
24498	52.5	-2.317	1E-3
24518	52.3	-2.317	1E-3
24538	52	-2.317	1E-3
24558	51.8	-2.317	1E-3
24578	51.6	-2.317	1E-3
24598	51.6	-2.317	1E-3
24618	51.5	-2.317	1E-3
24638	51.1	-2.317	1E-3
24658	51.1	-2.317	1E-3
24678	51.1	-2.317	1E-3
24698	50.9	-2.317	1E-3
24718	50.8	-2.317	1E-3
24738	50.6	-2.317	1E-3
24758	50.6	-2.317	1E-3
24778	50.2	-2.317	1E-3
24798	50	-2.317	1E-3
24818	50	-2.317	1E-3
24838	49.5	-2.317	1E-3
24859	49.3	-2.317	1E-3
24883	49.3	-2.317	1E-3
24903	49	-2.317	1E-3
24923	48.6	-2.317	1E-3
24943	48.8	-2.317	1E-3
24963	48.6	-2.317	1E-3
24983	48.5	-2.317	1E-3
25003	48.1	-2.317	1E-3
25023	48.1	-2.317	1E-3
25043	48	-2.317	1E-3
25063	47.8	-2.317	1E-3
25083	47.1	-2.317	1E-3
25103	47.3	-2.317	1E-3
25123	47.3	-2.317	1E-3
25143	46.9	-2.317	1E-3
25163	46.9	-2.317	1E-3
25183	46.7	-2.317	1E-3
25203	46.7	-2.317	1E-3
25223	46.4	-2.317	1E-3
25243	46.6	-2.317	1E-3
25263	46.2	-2.317	1E-3
25283	46	-2.317	1E-3
25303	45.8	-2.317	1E-3
25323	45.8	-2.317	1E-3
25343	45.7	-2.317	1E-3
25363	45.7	-2.317	1E-3
25383	45.3	-2.317	1E-3
25403	45	-2.317	1E-3
25423	45	-2.317	1E-3
25443	45	-2.317	1E-3
25463	45	-2.317	1E-3
25483	44.6	-2.317	1E-3
25504	44.5	-2.317	1E-3
25529	44.5	-2.317	1E-3
25554	44.5	-2.318	1E-3
25574	44.1	-2.318	1E-3
25598	43.9	-2.318	1E-3
25619	43.9	-2.318	1E-3
25639	43.8	-2.318	1E-3
25659	43.9	-2.318	1E-3
25679	43.6	-2.318	1E-3
25699	43.2	-2.318	1E-3
25719	43.2	-2.318	1E-3
25739	43.4	-2.318	1E-3
25759	42.9	-2.318	1E-3
25779	42.9	-2.318	1E-3
25799	42.5	-2.318	1E-3
25819	42.7	-2.318	1E-3
25839	42.5	-2.318	1E-3
25859	42.5	-2.318	1E-3
25879	42.3	-2.318	1E-3
25899	42	-2.318	1E-3
25919	42	-2.318	1E-3
25939	41.8	-2.318	1E-3
25959	41.5	-2.318	1E-3
25979	41.3	-2.318	1E-3
25999	41.1	-2.318	1E-3
26019	41.1	-2.318	1E-3
26039	41.1	-2.318	1E-3
26059	41.1	-2.318	1E-3
26079	41	-2.318	1E-3
26099	40.6	-2.318	1E-3
26119	40.8	-2.318	1E-3
26139	40.8	-2.318	1E-3
26159	40.8	-2.318	1E-3
26179	40.4	-2.318	1E-3
26199	40.1	-2.318	1E-3
26219	40.1	-2.318	1E-3
26239	40.1	-2.318	1E-3
26259	40.1	-2.318	1E-3
26279	39.9	-2.318	1E-3
26299	39.7	-2.318	1E-3
26319	39.6	-2.318	1E-3
26339	39.4	-2.318	1E-3
26359	39.4	-2.318	1E-3
26379	39.4	-2.318	1E-3
26399	39.4	-2.318	1E-3
26419	39	-2.318	1E-3
26439	39	-2.318	1E-3
26459	38.8	-2.318	1E-3
26479	39	-2.318	1E-3
26499	38.8	-2.318	1E-3
26519	38.5	-2.318	1E-3
26539	38.7	-2.318	1E-3
26559	38.7	-2.318	1E-3
26579	38.3	-2.318	1E-3
26599	38.2	-2.318	1E-3
26619	37.8	-2.318	1E-3
26639	38	-2.318	1E-3
26659	37.8	-2.318	1E-3
26679	37.8	-2.318	1E-3
26699	37.6	-2.318	1E-3
26719	37.5	-2.318	1E-3
26739	37.6	-2.318	1E-3
26759	37.5	-2.318	1E-3
26779	37.5	-2.318	1E-3
26799	37.3	-2.318	1E-3
26819	37.3	-2.318	1E-3
26839	37.1	-2.318	1E-3
26859	36.8	-2.318	1E-3
26879	37.1	-2.318	1E-3
26899	37.3	-2.318	1E-3
26919	37.1	-2.318	1E-3
26939	36.6	-2.318	1E-3
26959	36.8	-2.318	1E-3
26979	36.8	-2.318	1E-3
26999	36.8	-2.318	1E-3
27019	36.4	-2.318	1E-3
27039	36.2	-2.318	1E-3
27059	35.9	-2.318	1E-3
27079	36	-2.319	1E-3
27099	36	-2.319	1E-3
27119	35.9	-2.319	1E-3
27139	35.9	-2.319	1E-3
27159	35.9	-2.319	1E-3
27179	35.5	-2.319	1E-3
27199	35.3	-2.319	1E-3
27219	35.3	-2.319	1E-3
27239	35.3	-2.319	1E-3
27259	35.2	-2.319	1E-3
27279	35.2	-2.319	1E-3
27299	35.2	-2.319	1E-3
27319	35	-2.319	1E-3
27339	34.8	-2.319	1E-3
27359	34.8	-2.319	1E-3
27379	34.7	-2.319	1E-3
27399	34.8	-2.319	1E-3
27419	34.8	-2.319	1E-3
27439	34.5	-2.319	1E-3
27459	34.5	-2.319	1E-3
27479	34.1	-2.319	1E-3
27499	34.1	-2.319	1E-3
27519	34.1	-2.319	1E-3
27539	34.1	-2.319	1E-3
27559	34.3	-2.319	1E-3
27579	34	-2.319	1E-3
27599	34	-2.319	1E-3
27619	33.8	-2.319	1E-3
27639	33.8	-2.319	1E-3
27659	33.6	-2.319	1E-3
27679	33.8	-2.319	1E-3
27699	33.4	-2.319	1E-3
27719	33.3	-2.319	1E-3
27739	33.3	-2.319	1E-3
27759	33.4	-2.319	1E-3
27779	32.9	-2.319	1E-3
27799	33.3	-2.319	1E-3
27819	32.9	-2.319	1E-3
27839	32.9	-2.319	1E-3
27859	32.7	-2.319	1E-3
27879	32.5	-2.319	1E-3
27899	32.5	-2.319	1E-3
27919	32.5	-2.319	1E-3
27939	32.7	-2.319	1E-3
27959	32.5	-2.319	1E-3
27979	32.5	-2.319	1E-3
27999	32.2	-2.319	1E-3
28019	32.2	-2.319	1E-3
28039	32.2	-2.319	1E-3
28059	32.2	-2.319	1E-3
28079	32	-2.319	1E-3
28099	32	-2.319	1E-3
28119	31.9	-2.319	1E-3
28139	32	-2.319	1E-3
28159	31.7	-2.319	1E-3
28179	31.7	-2.319	1E-3
28199	31.9	-2.319	1E-3
28219	31.5	-2.319	1E-3
28239	31.5	-2.319	1E-3
28259	31.5	-2.319	1E-3
28279	31.3	-2.319	1E-3
28299	31.3	-2.319	1E-3
28319	31.3	-2.319	1E-3
28339	31.3	-2.319	1E-3
28359	31.3	-2.319	1E-3
28379	31.3	-2.319	1E-3
28399	31.1	-2.319	1E-3
28419	31	-2.319	1E-3
28439	31	-2.319	1E-3
28459	31	-2.319	1E-3
28479	31	-2.319	1E-3
28499	31	-2.319	1E-3
28519	30.8	-2.319	1E-3
28539	31	-2.319	1E-3
28559	30.6	-2.319	1E-3
28579	30.5	-2.319	1E-3
28599	30.3	-2.319	1E-3
28619	30.3	-2.319	1E-3
28639	30.3	-2.319	1E-3
28659	30.3	-2.319	1E-3
28679	30.3	-2.319	1E-3
28699	30.3	-2.319	1E-3
28719	30.1	-2.319	1E-3
28739	29.9	-2.319	1E-3
28759	30.3	-2.319	1E-3
28779	30.1	-2.319	1E-3
28799	29.9	-2.319	1E-3
28819	30.1	-2.319	1E-3
28839	29.8	-2.319	1E-3
28859	29.8	-2.319	1E-3
28879	29.8	-2.319	1E-3
28899	29.8	-2.319	1E-3
28919	29.6	-2.32	1E-3
28939	29.6	-2.32	1E-3
28959	29.4	-2.32	1E-3
28979	29.2	-2.32	1E-3
28999	29.2	-2.32	1E-3
29019	29.2	-2.32	1E-3
29039	29.2	-2.32	1E-3
29059	29.2	-2.32	1E-3
29079	29	-2.32	1E-3
29099	29	-2.32	1E-3
29119	29.2	-2.32	1E-3
29139	29.2	-2.32	1E-3
29159	28.7	-2.32	1E-3
29179	28.7	-2.32	1E-3
29199	28.5	-2.32	1E-3
29219	28.5	-2.32	1E-3
29239	28.5	-2.32	1E-3
29259	28.5	-2.32	1E-3
29279	28.5	-2.32	1E-3
29299	28.5	-2.32	1E-3
29319	28.5	-2.32	1E-3
29339	28.5	-2.32	1E-3
29359	28.4	-2.32	1E-3
29379	28.4	-2.32	1E-3
29399	28.4	-2.32	1E-3
29419	28.4	-2.32	1E-3
29439	28.4	-2.32	1E-3
29459	28.2	-2.32	1E-3
29479	28.4	-2.32	1E-3
29499	28.4	-2.32	1E-3
29519	28.2	-2.32	1E-3
29539	28.2	-2.32	1E-3
29559	28.4	-2.32	1E-3
29579	28	-2.32	1E-3
29599	27.7	-2.32	1E-3
29619	27.7	-2.32	1E-3
29639	27.7	-2.32	1E-3
29659	28	-2.32	1E-3
29679	27.7	-2.32	1E-3
29699	27.5	-2.32	1E-3
29719	27.5	-2.32	1E-3
29739	27.5	-2.32	1E-3
29759	27.7	-2.32	1E-3
29779	27.5	-2.32	1E-3
29799	27.5	-2.32	1E-3
29819	27.5	-2.32	1E-3
29839	27.5	-2.32	1E-3
29859	27.5	-2.32	1E-3
29879	27.3	-2.32	1E-3
29899	27.3	-2.32	1E-3
29919	27.3	-2.32	1E-3
29939	27	-2.32	1E-3
29959	27	-2.32	1E-3
29979	27	-2.32	1E-3
29999	27	-2.32	1E-3
30019	27	-2.32	1E-3
30039	27	-2.32	1E-3
30059	27	-2.32	1E-3
30079	27	-2.32	1E-3
30099	27	-2.32	1E-3
30119	27	-2.32	1E-3
30139	27	-2.32	1E-3
30159	26.4	-2.32	1E-3
30179	26.8	-2.32	1E-3
30199	26.6	-2.32	1E-3
30219	26.3	-2.32	1E-3
30240	26.3	-2.32	1E-3
30260	26.4	-2.32	1E-3
30280	26.1	-2.32	1E-3
30300	26.4	-2.32	1E-3
30320	26.1	-2.32	1E-3
30340	26.4	-2.32	1E-3
30360	26.3	-2.32	1E-3
30380	26.3	-2.32	1E-3
30400	26.4	-2.32	1E-3
30420	26.1	-2.32	1E-3
30440	26.1	-2.32	1E-3
30460	25.9	-2.32	1E-3
30480	25.9	-2.32	1E-3
30500	25.7	-2.32	1E-3
30520	25.7	-2.32	1E-3
30540	25.7	-2.32	1E-3
30560	25.9	-2.32	1E-3
30580	25.6	-2.32	1E-3
30600	25.9	-2.32	1E-3
30620	25.7	-2.32	1E-3
30640	26.1	-2.32	1E-3
30660	26.1	-2.32	1E-3
30680	26.1	-2.32	1E-3
30700	25.7	-2.32	1E-3
30720	25.4	-2.32	1E-3
30740	25.7	-2.32	1E-3
30760	25.6	-2.32	1E-3
30780	25.6	-2.32	1E-3
30800	25.6	-2.32	1E-3
30820	25.6	-2.32	1E-3
30840	25.6	-2.32	1E-3
30860	25.6	-2.32	1E-3
30880	25.2	-2.32	1E-3
30900	25.7	-2.32	1E-3
30920	25.6	-2.32	1E-3
30940	25.4	-2.32	1E-3
30960	25.2	-2.32	1E-3
30980	25.4	-2.32	1E-3
31000	25.4	-2.32	1E-3
31020	25.2	-2.32	1E-3
31040	25	-2.32	1E-3
31060	25	-2.32	1E-3
31080	25	-2.32	1E-3
31100	24.5	-2.32	1E-3
31120	25	-2.32	1E-3
31140	24.8	-2.32	1E-3
31160	25	-2.32	1E-3
31180	24.7	-2.32	1E-3
31200	25	-2.32	1E-3
31220	24.8	-2.32	1E-3
31240	25	-2.32	1E-3
31260	25	-2.32	1E-3
31280	24.7	-2.32	1E-3
31300	24.8	-2.32	1E-3
31320	25	-2.32	1E-3
31340	25.2	-2.32	1E-3
31360	24.8	-2.32	1E-3
31380	25	-2.32	1E-3
31400	24.7	-2.32	1E-3
31420	24.5	-2.32	1E-3
31440	24.8	-2.32	1E-3
31460	24.7	-2.32	1E-3
31480	24.3	-2.32	1E-3
31500	24.3	-2.32	1E-3
31520	24.1	-2.32	1E-3
31540	24.7	-2.32	1E-3
31560	24.5	-2.32	1E-3
31580	24.1	-2.32	1E-3
31600	24.5	-2.32	1E-3
31620	24.5	-2.32	1E-3
31640	24.5	-2.32	1E-3
31660	24.7	-2.32	1E-3
31680	24	-2.32	1E-3
31700	24.1	-2.32	1E-3
31720	24.1	-2.32	1E-3
31740	24.1	-2.32	1E-3
31760	24.1	-2.32	1E-3
31780	24	-2.32	1E-3
31800	24.1	-2.32	1E-3
31820	24.3	-2.32	1E-3
31840	24.1	-2.32	1E-3
31860	24.3	-2.32	1E-3
31880	24.1	-2.32	1E-3
31900	23.8	-2.32	1E-3
31920	24.3	-2.32	1E-3
31940	24.1	-2.32	1E-3
31960	23.8	-2.32	1E-3
31980	23.5	-2.32	1E-3
32000	24.1	-2.32	1E-3
32020	23.8	-2.32	1E-3
32040	24.1	-2.32	1E-3
32060	24	-2.32	1E-3
32080	23.8	-2.32	1E-3
32100	23.8	-2.32	1E-3
32120	23.8	-2.32	1E-3
32140	23.6	-2.32	1E-3
32160	24	-2.32	1E-3
32180	23.6	-2.32	1E-3
32200	23.6	-2.32	1E-3
32220	23.6	-2.32	1E-3
32240	23.8	-2.32	1E-3
32260	23.6	-2.32	1E-3
32280	23.8	-2.32	1E-3
32300	23.6	-2.32	1E-3
32320	23.8	-2.32	1E-3
32340	23.5	-2.32	1E-3
32360	23.8	-2.32	1E-3
32380	23.5	-2.32	1E-3
32400	23.6	-2.32	1E-3
32420	23.6	-2.32	1E-3
32440	23.5	-2.32	1E-3
32460	23.8	-2.32	1E-3
32480	23.6	-2.32	1E-3
32500	23.5	-2.32	1E-3
32520	23.8	-2.32	1E-3
32540	23.6	-2.32	1E-3
32560	23.5	-2.32	1E-3
32580	23.3	-2.32	1E-3
32600	23.5	-2.32	1E-3
32620	23.1	-2.32	1E-3
32640	23.3	-2.32	1E-3
32660	23.5	-2.32	1E-3
32680	23.5	-2.32	1E-3
32700	23.5	-2.32	1E-3
32720	23.3	-2.32	1E-3
32740	23.3	-2.32	1E-3
32760	23.1	-2.32	1E-3
32780	23.5	-2.32	1E-3
32800	23.3	-2.32	1E-3
32820	23.1	-2.32	1E-3
32840	23.1	-2.32	1E-3
32860	23.1	-2.32	1E-3
32880	23.1	-2.32	1E-3
32900	23.1	-2.32	1E-3
32920	23.3	-2.32	1E-3
32940	23.1	-2.32	1E-3
32960	23.3	-2.32	1E-3
32980	23.1	-2.32	1E-3
33000	23.1	-2.32	1E-3
33020	22.7	-2.32	1E-3
33040	22.7	-2.32	1E-3
33060	23.1	-2.32	1E-3
33080	23.1	-2.32	1E-3
33100	22.7	-2.32	1E-3
33120	22.6	-2.32	1E-3
33140	22.7	-2.32	1E-3
33160	22.7	-2.32	1E-3
33180	22.9	-2.32	1E-3
33200	22.9	-2.32	1E-3
33220	22.9	-2.32	1E-3
33240	22.6	-2.32	1E-3
33260	22.6	-2.32	1E-3
33280	22.6	-2.32	1E-3
33300	22.7	-2.32	1E-3
33320	23.1	-2.32	1E-3
33340	22.9	-2.32	1E-3
33360	22.6	-2.32	1E-3
33380	23.1	-2.32	1E-3
33400	22.7	-2.32	1E-3
33420	22.4	-2.32	1E-3
33440	22.4	-2.32	1E-3
33460	22.4	-2.32	1E-3
33480	22.7	-2.32	1E-3
33500	22.6	-2.32	1E-3
33520	22.9	-2.32	1E-3
33540	22.7	-2.32	1E-3
33560	22.6	-2.32	1E-3
33580	22.6	-2.32	1E-3
33600	22.7	-2.32	1E-3
33620	22.6	-2.32	1E-3
33640	22.7	-2.32	1E-3
33660	22.6	-2.32	1E-3
33680	22.6	-2.32	1E-3
33700	22.4	-2.32	1E-3
33720	22.4	-2.32	1E-3
33740	22.7	-2.32	1E-3
33760	22.4	-2.32	1E-3
33780	22.7	-2.32	1E-3
33800	22.6	-2.32	1E-3
33820	22.2	-2.32	1E-3
33840	22.7	-2.32	1E-3
33860	22.2	-2.32	1E-3
33880	22.6	-2.32	1E-3
33900	22.2	-2.32	1E-3
33920	22.2	-2.32	1E-3
33940	22.7	-2.32	1E-3
33960	22.7	-2.32	1E-3
33980	22.6	-2.32	1E-3
34000	22.4	-2.32	1E-3
34020	22.4	-2.32	1E-3
34040	22.2	-2.32	1E-3
34060	22	-2.32	1E-3
34080	22.2	-2.32	1E-3
34100	22.6	-2.32	1E-3
34120	22.2	-2.32	1E-3
34140	22.2	-2.32	1E-3
34160	22.2	-2.32	1E-3
34180	22.4	-2.32	1E-3
34200	22.2	-2.32	1E-3
34220	22.2	-2.32	1E-3
34240	22.2	-2.32	1E-3
34260	22.4	-2.32	1E-3
34280	22	-2.32	1E-3
34300	21.9	-2.32	1E-3
34320	22.2	-2.32	1E-3
34340	22	-2.32	1E-3
34360	22	-2.32	1E-3
34380	22.2	-2.32	1E-3
34400	21.7	-2.32	1E-3
34420	22.4	-2.32	1E-3
34440	21.9	-2.32	1E-3
34460	22.2	-2.32	1E-3
34480	21.7	-2.32	1E-3
34500	21.9	-2.32	1E-3
34520	22.4	-2.32	1E-3
34540	21.9	-2.32	1E-3
34560	22	-2.32	1E-3
34580	21.9	-2.32	1E-3
34600	22.2	-2.32	1E-3
34620	22.2	-2.32	1E-3
34640	22.2	-2.32	1E-3
34660	22.2	-2.32	1E-3
34680	22.2	-2.32	1E-3
34700	22	-2.32	1E-3
34720	21.7	-2.32	1E-3
34740	22	-2.32	1E-3
34760	22	-2.32	1E-3
34780	21.9	-2.32	1E-3
34800	21.7	-2.32	1E-3
34820	21.5	-2.32	1E-3
34840	21.9	-2.32	1E-3
34860	21.5	-2.32	1E-3
34880	21.5	-2.32	1E-3
34900	21.5	-2.32	1E-3
34920	21.7	-2.32	1E-3
34940	21.5	-2.32	1E-3
34960	21.9	-2.32	1E-3
34980	21.7	-2.32	1E-3
35000	21.5	-2.32	1E-3
35020	21.5	-2.32	1E-3
35040	21.7	-2.32	1E-3
35060	21.7	-2.32	1E-3
35080	21.5	-2.32	1E-3
35100	21.5	-2.32	1E-3
35120	21.7	-2.32	1E-3
35140	21.4	-2.32	1E-3
35160	21.7	-2.32	1E-3
35180	21.5	-2.32	1E-3
35200	21.5	-2.32	1E-3
35220	21.9	-2.32	1E-3
35240	21.7	-2.32	1E-3
35260	21.7	-2.32	1E-3
35280	21.5	-2.32	1E-3
35300	21.9	-2.32	1E-3
35320	21.5	-2.32	1E-3
35340	21.5	-2.32	1E-3
35360	21.5	-2.32	1E-3
35380	21.5	-2.32	1E-3
35400	21.5	-2.32	1E-3
35420	21.5	-2.32	1E-3
35440	21.5	-2.32	1E-3
35460	21.5	-2.32	1E-3
35480	21.5	-2.32	1E-3
35500	22	-2.32	1E-3
35520	21.5	-2.32	1E-3
35540	21.5	-2.32	1E-3
35560	21.5	-2.32	1E-3
35580	21.7	-2.32	1E-3
35600	21.5	-2.32	1E-3
35620	21.5	-2.32	1E-3
35640	21.7	-2.32	1E-3
35660	21.4	-2.32	1E-3
35680	21.4	-2.32	1E-3
35700	21.7	-2.32	1E-3
35720	21.4	-2.32	1E-3
35740	21.4	-2.32	1E-3
35760	21.4	-2.32	1E-3
35780	21.4	-2.32	1E-3
35800	21.4	-2.32	1E-3
35820	21.4	-2.32	1E-3
35840	21.4	-2.32	1E-3
35860	21.4	-2.32	1E-3
35880	21.4	-2.32	1E-3
35900	21.5	-2.32	1E-3
35920	21.4	-2.32	1E-3
35940	21.4	-2.32	1E-3
35960	21.4	-2.32	1E-3
35980	21.4	-2.32	1E-3
36000	21.4	-2.32	1E-3
36020	21.4	-2.32	1E-3
36040	21.4	-2.32	1E-3
36060	21.4	-2.32	1E-3
36080	21.4	-2.32	1E-3
36100	21.4	-2.32	1E-3
36120	21.4	-2.32	1E-3
36140	21.4	-2.32	1E-3
36160	21.4	-2.32	1E-3
36180	21.4	-2.32	1E-3
36200	21.2	-2.32	1E-3
36220	21.4	-2.32	1E-3
36240	20.8	-2.32	1E-3
36260	21.2	-2.32	1E-3
36280	21.4	-2.32	1E-3
36300	21.4	-2.32	1E-3
36320	21.4	-2.32	1E-3
36340	21.2	-2.32	1E-3
36360	21.4	-2.32	1E-3
36380	21.2	-2.32	1E-3
36400	21.2	-2.32	1E-3
36420	21.4	-2.32	1E-3
36440	21.4	-2.32	1E-3
36460	21.4	-2.32	1E-3
36480	21.2	-2.32	1E-3
36500	21.2	-2.32	1E-3
36520	21.2	-2.32	1E-3
36540	21.4	-2.32	1E-3
36560	21.4	-2.32	1E-3
36580	21.4	-2.32	1E-3
36600	21	-2.32	1E-3
36620	21	-2.32	1E-3
36640	21.2	-2.32	1E-3
36660	21.2	-2.32	1E-3
36680	21.4	-2.32	1E-3
36700	21	-2.32	1E-3
36720	21	-2.32	1E-3
36740	21	-2.32	1E-3
36760	21.4	-2.32	1E-3
36780	21.2	-2.32	1E-3
36800	21	-2.32	1E-3
36821	21.2	-2.32	1E-3
36841	21.2	-2.32	1E-3
36861	21.4	-2.32	1E-3
36881	21.2	-2.32	1E-3
36901	20.8	-2.32	1E-3
36921	21.2	-2.32	1E-3
36941	21.2	-2.32	1E-3
36961	21.2	-2.32	1E-3
36981	21	-2.32	1E-3
37001	20.8	-2.32	1E-3
37021	21	-2.32	1E-3
37041	20.8	-2.32	1E-3
37061	21	-2.32	1E-3
37081	21	-2.32	1E-3
37101	21	-2.32	1E-3
37121	20.6	-2.32	1E-3
37141	21	-2.32	1E-3
37161	21	-2.32	1E-3
37181	21.2	-2.32	1E-3
37201	21	-2.32	1E-3
37221	21	-2.32	1E-3
37241	21.2	-2.32	1E-3
37261	21	-2.32	1E-3
37281	21	-2.32	1E-3
37301	21	-2.32	1E-3
37321	21	-2.32	1E-3
37341	20.8	-2.32	1E-3
37361	21	-2.32	1E-3
37381	20.8	-2.32	1E-3
37401	20.6	-2.32	1E-3
37421	21.2	-2.32	1E-3
37441	20.8	-2.32	1E-3
37461	21.2	-2.32	1E-3
37481	21.2	-2.32	1E-3
37501	20.8	-2.32	1E-3
37521	21.2	-2.32	1E-3
37541	21.2	-2.32	1E-3
37561	21	-2.32	1E-3
37581	21.2	-2.32	1E-3
37601	21	-2.32	1E-3
37621	20.8	-2.32	1E-3
37641	20.6	-2.32	1E-3
37661	20.6	-2.32	1E-3
37681	20.8	-2.32	1E-3
37701	20.8	-2.32	1E-3
37721	20.8	-2.32	1E-3
37741	20.6	-2.32	1E-3
37761	21	-2.32	1E-3
37781	21	-2.32	1E-3
37801	21	-2.32	1E-3
37821	21	-2.32	1E-3
37841	21	-2.32	1E-3
37861	21	-2.32	1E-3
37881	21	-2.32	1E-3
37901	20.6	-2.32	1E-3
37921	20.8	-2.32	1E-3
37941	20.6	-2.32	1E-3
37961	20.8	-2.32	1E-3
37981	20.6	-2.32	1E-3
38001	20.6	-2.32	1E-3
38021	20.6	-2.32	1E-3
38041	20.6	-2.32	1E-3
38061	20.5	-2.32	1E-3
38081	20.5	-2.32	1E-3
38101	20.6	-2.32	1E-3
38121	20.6	-2.32	1E-3
38141	20.6	-2.32	1E-3
38161	20.5	-2.32	1E-3
38181	20.5	-2.32	1E-3
38201	20.8	-2.32	1E-3
38221	20.6	-2.32	1E-3
38241	20.5	-2.32	1E-3
38261	20.8	-2.32	1E-3
38281	20.5	-2.32	1E-3
38301	20.5	-2.32	1E-3
38321	20.6	-2.32	1E-3
38341	20.5	-2.32	1E-3
38361	20.3	-2.32	1E-3
38381	20.6	-2.32	1E-3
38401	20.6	-2.32	1E-3
38421	20.8	-2.32	1E-3
38441	20.5	-2.32	1E-3
38461	20.5	-2.32	1E-3
38481	20.6	-2.32	1E-3
38501	20.5	-2.32	1E-3
38521	20.6	-2.32	1E-3
38541	20.5	-2.32	1E-3
38561	20.5	-2.32	1E-3
38581	20.8	-2.32	1E-3
38601	20.6	-2.32	1E-3
38621	20.3	-2.32	1E-3
38641	20.5	-2.32	1E-3
38661	20.5	-2.32	1E-3
38681	20.3	-2.32	1E-3
38701	20.3	-2.32	1E-3
38721	20.5	-2.32	1E-3
38741	20.8	-2.321	1E-3
38761	20.6	-2.321	1E-3
38781	20.3	-2.321	1E-3
38801	20.6	-2.321	1E-3
38821	20.5	-2.321	1E-3
38841	20.3	-2.321	1E-3
38861	20.6	-2.321	1E-3
38881	20.3	-2.321	1E-3
38901	20.3	-2.321	1E-3
38921	20.5	-2.321	1E-3
38941	20.6	-2.321	1E-3
38961	20.3	-2.321	1E-3
38981	20.3	-2.321	1E-3
39001	20.3	-2.321	1E-3
39021	20.5	-2.321	1E-3
39041	20.5	-2.321	1E-3
39061	20.3	-2.321	1E-3
39081	20.5	-2.321	1E-3
39101	20.3	-2.321	1E-3
39121	20.6	-2.321	1E-3
39141	20.5	-2.321	1E-3
39161	20.3	-2.321	1E-3
39181	20.6	-2.321	1E-3
39201	20.5	-2.321	1E-3
39221	20.3	-2.321	1E-3
39241	20.5	-2.321	1E-3
39261	20.5	-2.321	1E-3
39281	20.5	-2.321	1E-3
39301	20.8	-2.321	1E-3
39321	20.6	-2.321	1E-3
39341	20.5	-2.321	1E-3
39361	20.1	-2.321	1E-3
39381	20.5	-2.321	1E-3
39401	20.5	-2.321	1E-3
39421	20.6	-2.321	1E-3
39441	20.3	-2.321	1E-3
39461	20.1	-2.321	1E-3
39481	20.3	-2.321	1E-3
39501	20.3	-2.321	1E-3
39521	20.5	-2.321	1E-3
39541	20.5	-2.321	1E-3
39561	20.3	-2.321	1E-3
39581	20.3	-2.321	1E-3
39601	20.3	-2.321	1E-3
39621	20.3	-2.32	1E-3
39641	20.3	-2.321	1E-3
39661	20.5	-2.321	1E-3
39681	20.3	-2.321	1E-3
39701	20.3	-2.321	1E-3
39721	20.5	-2.321	1E-3
39741	20.1	-2.321	1E-3
39761	20.3	-2.321	1E-3
39781	20.3	-2.321	1E-3
39801	20.3	-2.321	1E-3
39821	20.1	-2.321	1E-3
39841	20.3	-2.321	1E-3
39861	20.3	-2.321	1E-3
39881	20.5	-2.321	1E-3
39901	20.3	-2.321	1E-3
39921	20.5	-2.321	1E-3
39941	20.3	-2.321	1E-3
39961	20.3	-2.321	1E-3
39981	20.1	-2.321	1E-3
40001	20.3	-2.321	1E-3
40021	20.3	-2.321	1E-3
40041	20.5	-2.321	1E-3
40061	20.3	-2.321	1E-3
40081	20.3	-2.321	1E-3
40101	20.3	-2.321	1E-3
40121	20.3	-2.321	1E-3
40141	20.3	-2.321	1E-3
40161	20.3	-2.321	1E-3
40181	20.3	-2.321	1E-3
40201	20.3	-2.321	1E-3
40221	20.5	-2.321	1E-3
40241	20.3	-2.321	1E-3
40261	20.3	-2.321	1E-3
40281	20	-2.321	1E-3
40301	20.3	-2.321	1E-3
40321	20.3	-2.321	1E-3
40341	20.3	-2.321	1E-3
40361	20.3	-2.321	1E-3
40381	20.1	-2.321	1E-3
40401	20.3	-2.321	1E-3
40421	20.3	-2.321	1E-3
40441	20.1	-2.321	1E-3
40461	20.3	-2.321	1E-3
40481	20.1	-2.321	1E-3
40501	20.3	-2.321	1E-3
40522	20.3	-2.321	1E-3
40542	20.3	-2.321	1E-3
40562	20.3	-2.321	1E-3
40582	20.3	-2.321	1E-3
40602	20.3	-2.321	1E-3
40622	20.3	-2.321	1E-3
40642	20.1	-2.321	1E-3
40662	20.3	-2.321	1E-3
40682	20.1	-2.321	1E-3
40702	20	-2.321	1E-3
40722	20.1	-2.321	1E-3
40742	20	-2.321	1E-3
40762	19.8	-2.321	1E-3
40782	20	-2.321	1E-3
40802	20.3	-2.321	1E-3
40822	20	-2.321	1E-3
40842	20	-2.321	1E-3
40862	19.6	-2.321	1E-3
40882	20.1	-2.321	1E-3
40902	20	-2.321	1E-3
40922	20.1	-2.321	1E-3
40942	20.1	-2.321	1E-3
40962	19.8	-2.321	1E-3
40982	19.8	-2.321	1E-3
41002	20	-2.321	1E-3
41022	19.3	-2.321	1E-3
41042	20	-2.321	1E-3
41062	19.6	-2.321	1E-3
41082	19.8	-2.321	1E-3
41102	20	-2.321	1E-3
41122	19.8	-2.321	1E-3
41142	19.8	-2.321	1E-3
41162	20	-2.321	1E-3
41182	20	-2.321	1E-3
41202	20	-2.321	1E-3
41222	20	-2.321	1E-3
41242	20.1	-2.321	1E-3
41262	20.1	-2.321	1E-3
41282	20.3	-2.321	1E-3
41302	19.8	-2.321	1E-3
41322	20.1	-2.321	1E-3
41342	20.1	-2.321	1E-3
41362	20.1	-2.321	1E-3
41382	20.1	-2.321	1E-3
41402	20	-2.321	1E-3
41422	20.3	-2.321	1E-3
41442	20.1	-2.321	1E-3
41462	19.8	-2.321	1E-3
41482	19.6	-2.321	1E-3
41502	19.8	-2.321	1E-3
41522	20	-2.321	1E-3
41542	19.4	-2.321	1E-3
41562	19.6	-2.321	1E-3
41582	19.8	-2.321	1E-3
41602	20	-2.321	1E-3
41622	20.1	-2.321	1E-3
41642	19.4	-2.321	1E-3
41662	20.1	-2.321	1E-3
41682	19.4	-2.321	1E-3
41702	19.8	-2.321	1E-3
41722	20	-2.321	1E-3
41742	19.6	-2.321	1E-3
41762	19.4	-2.321	1E-3
41782	19.4	-2.321	1E-3
41802	20.1	-2.321	1E-3
41822	19.8	-2.321	1E-3
41842	20.1	-2.321	1E-3
41862	19.6	-2.321	1E-3
41882	19.4	-2.321	1E-3
41902	20	-2.321	1E-3
41922	19.4	-2.321	1E-3
41942	20	-2.321	1E-3
41962	19.8	-2.321	1E-3
41982	20	-2.321	1E-3
42002	19.8	-2.321	1E-3
42022	19.8	-2.321	1E-3
42042	19.4	-2.321	1E-3
42062	20.1	-2.321	1E-3
42082	20.1	-2.321	1E-3
42102	20.1	-2.321	1E-3
42122	20	-2.321	1E-3
42142	19.8	-2.321	1E-3
42162	19.6	-2.321	1E-3
42182	19.8	-2.321	1E-3
42202	19.8	-2.321	1E-3
42222	19.8	-2.321	1E-3
42242	19.8	-2.321	1E-3
42262	20	-2.321	1E-3
42282	19.8	-2.321	1E-3
42302	19.4	-2.321	1E-3
42322	20	-2.321	1E-3
42342	19.8	-2.321	1E-3
42362	19.6	-2.321	1E-3
42382	19.6	-2.321	1E-3
42402	19.6	-2.321	1E-3
42422	19.6	-2.321	1E-3
42442	20	-2.321	1E-3
42462	19.6	-2.321	1E-3
42482	20.1	-2.321	1E-3
42502	20	-2.321	1E-3
42522	19.4	-2.321	1E-3
42542	20	-2.321	1E-3
42562	19.8	-2.321	1E-3
42582	19.4	-2.321	1E-3
42602	20	-2.321	1E-3
42622	20	-2.321	1E-3
42642	20	-2.321	1E-3
42662	19.8	-2.321	1E-3
42682	20	-2.321	1E-3
42702	20	-2.321	1E-3
42722	20	-2.321	1E-3
42742	20	-2.321	1E-3
42762	19.4	-2.321	1E-3
42782	19.4	-2.321	1E-3
42802	20	-2.321	1E-3
42822	19.6	-2.321	1E-3
42842	20	-2.321	1E-3
42862	19.6	-2.321	1E-3
42882	19.8	-2.321	1E-3
42902	19.6	-2.321	1E-3
42922	19.8	-2.321	1E-3
42942	19.8	-2.321	1E-3
42962	20.1	-2.321	1E-3
42982	19.8	-2.321	1E-3
43002	19.4	-2.321	1E-3
43022	19.3	-2.321	1E-3
43042	20	-2.321	1E-3
43062	20	-2.321	1E-3
43082	19.4	-2.321	1E-3
43102	20	-2.321	1E-3
43122	19.8	-2.321	1E-3
43142	19.8	-2.321	1E-3
43162	20	-2.321	1E-3
43182	19.4	-2.321	1E-3
43202	19.6	-2.321	1E-3
43222	20	-2.321	1E-3
43242	19.6	-2.321	1E-3
43262	20	-2.321	1E-3
43282	19.6	-2.321	1E-3
43302	19.6	-2.321	1E-3
43322	19.4	-2.321	1E-3
43342	19.8	-2.321	1E-3
43362	20	-2.321	1E-3
43382	19.8	-2.321	1E-3
43402	19.8	-2.321	1E-3
43422	19.8	-2.321	1E-3
43442	19.6	-2.321	1E-3
43462	19.4	-2.321	1E-3
43482	20	-2.321	1E-3
43502	19.4	-2.321	1E-3
43522	19.8	-2.321	1E-3
43542	19.8	-2.321	1E-3
43562	19.6	-2.321	1E-3
43582	19.3	-2.321	1E-3
43602	19.6	-2.321	1E-3
43622	19.8	-2.321	1E-3
43642	19.3	-2.321	1E-3
43662	19.8	-2.321	1E-3
43682	19.8	-2.321	1E-3
43702	19.8	-2.321	1E-3
43722	19.4	-2.321	1E-3
43742	19.6	-2.321	1E-3
43762	19.8	-2.321	1E-3
43782	19.4	-2.321	1E-3
43802	19.3	-2.321	1E-3
43822	19.3	-2.321	1E-3
43842	19.4	-2.321	1E-3
43862	19.8	-2.321	1E-3
43882	19.8	-2.321	1E-3
43902	19.4	-2.321	1E-3
43922	19.8	-2.321	1E-3
43942	19.1	-2.321	1E-3
43962	19.8	-2.321	1E-3
43982	19.6	-2.321	1E-3
44002	19.3	-2.321	1E-3
44022	19.6	-2.321	1E-3
44042	19.6	-2.321	1E-3
44062	19.6	-2.321	1E-3
44082	19.3	-2.321	1E-3
44102	19.6	-2.321	1E-3
44122	19.8	-2.321	1E-3
44142	19.3	-2.321	1E-3
44162	19.3	-2.321	1E-3
44182	19.3	-2.321	1E-3
44202	19.3	-2.321	1E-3
44222	19.3	-2.321	1E-3
44242	19.3	-2.321	1E-3
44262	19.4	-2.321	1E-3
44282	19.3	-2.321	1E-3
44302	19.4	-2.321	1E-3
44322	19.4	-2.321	1E-3
44342	19.8	-2.321	1E-3
44362	19.6	-2.321	1E-3
44382	19.3	-2.321	1E-3
44402	19.6	-2.321	1E-3
44422	19.4	-2.321	1E-3
44442	19.3	-2.321	1E-3
44462	19.3	-2.321	1E-3
44482	19.3	-2.321	1E-3
44502	19.3	-2.321	1E-3
44522	19.1	-2.321	1E-3
44542	19.3	-2.321	1E-3
44562	19.1	-2.321	1E-3
44582	19.1	-2.321	1E-3
44602	19.1	-2.321	1E-3
44622	19.3	-2.321	1E-3
44642	19.3	-2.321	1E-3
44662	19.3	-2.321	1E-3
44682	19.1	-2.321	1E-3
44702	19.1	-2.321	1E-3
44722	19.3	-2.321	1E-3
44742	19.1	-2.321	1E-3
44762	19.1	-2.321	1E-3
44782	19.3	-2.321	1E-3
44802	19.1	-2.321	1E-3
44822	19.3	-2.321	1E-3
44842	19.3	-2.321	1E-3
44862	19.3	-2.321	1E-3
44882	19.6	-2.321	1E-3
44902	19.3	-2.321	1E-3
44922	19.4	-2.321	1E-3
44942	19.3	-2.321	1E-3
44962	19.1	-2.321	1E-3
44982	19.1	-2.321	1E-3
45002	19.1	-2.321	1E-3
45022	19.1	-2.321	1E-3
45042	19.3	-2.321	1E-3
45062	19.1	-2.321	1E-3
45082	19.3	-2.321	1E-3
45102	19.1	-2.321	1E-3
45122	19.3	-2.321	1E-3
45142	19.3	-2.321	1E-3
45162	19.1	-2.321	1E-3
45182	19.1	-2.321	1E-3
45202	19.1	-2.321	1E-3
45222	19.1	-2.321	1E-3
45242	19.1	-2.321	1E-3
45262	19.1	-2.321	1E-3
45282	19.1	-2.321	1E-3
45302	19.4	-2.321	1E-3
45322	19.1	-2.321	1E-3
45342	19.1	-2.321	1E-3
45362	19.1	-2.321	1E-3
45382	19.1	-2.321	1E-3
45402	19.1	-2.321	1E-3
45422	19.1	-2.321	1E-3
45442	19.3	-2.321	1E-3
45462	19.3	-2.321	1E-3
45482	19.1	-2.321	1E-3
45502	19.3	-2.321	1E-3
45522	19.1	-2.321	1E-3
45542	19.1	-2.321	1E-3
45562	19.1	-2.321	1E-3
45582	19.1	-2.321	1E-3
45602	19.1	-2.321	1E-3
45622	19.4	-2.321	1E-3
45642	19.1	-2.321	1E-3
45662	19.1	-2.321	1E-3
45682	19.1	-2.321	1E-3
45702	19.1	-2.321	1E-3
45722	19.3	-2.321	1E-3
45742	19.3	-2.321	1E-3
45762	19.1	-2.321	1E-3
45782	19.1	-2.321	1E-3
45802	19.1	-2.321	1E-3
45822	19.1	-2.321	1E-3
45842	19.1	-2.321	1E-3
45862	19.1	-2.321	1E-3
45882	19.1	-2.321	1E-3
45902	19.1	-2.321	1E-3
45922	19.1	-2.321	1E-3
45942	19.1	-2.321	1E-3
45962	19.3	-2.321	1E-3
45982	19.1	-2.321	1E-3
46002	19.1	-2.321	1E-3
46022	19.1	-2.321	1E-3
46042	19.1	-2.321	1E-3
46062	19.1	-2.321	1E-3
46082	19.1	-2.321	1E-3
46102	19.3	-2.321	1E-3
46122	19.1	-2.321	1E-3
46142	19.1	-2.321	1E-3
46162	19.1	-2.321	1E-3
46182	19.1	-2.321	1E-3
46202	19.1	-2.321	1E-3
46222	19.1	-2.321	1E-3
46242	19.1	-2.321	1E-3
46262	19.1	-2.321	1E-3
46282	19.1	-2.321	1E-3
46302	19.3	-2.321	1E-3
46322	19.1	-2.321	1E-3
46342	19.3	-2.321	1E-3
46362	19.1	-2.321	1E-3
46382	19.1	-2.321	1E-3
46402	19.1	-2.321	1E-3
46422	19.4	-2.321	1E-3
46442	19.3	-2.321	1E-3
46462	19.3	-2.321	1E-3
46482	19.1	-2.321	1E-3
46502	19.1	-2.321	1E-3
46523	19.1	-2.321	1E-3
46547	19.1	-2.321	1E-3
46567	19.1	-2.321	1E-3
46587	19.3	-2.321	1E-3
46607	19.4	-2.321	1E-3
46627	19.1	-2.321	1E-3
46647	19.1	-2.321	1E-3
46667	19.1	-2.321	1E-3
46687	19.3	-2.321	1E-3
46707	19.1	-2.321	1E-3
46727	19.3	-2.321	1E-3
46747	19.1	-2.321	1E-3
46767	19.3	-2.321	1E-3
46787	19.3	-2.321	1E-3
46808	19.1	-2.321	1E-3
46828	19.1	-2.321	1E-3
46848	19.1	-2.321	1E-3
46868	19.1	-2.321	1E-3
46888	19.1	-2.321	1E-3
46908	19.3	-2.321	1E-3
46928	19.1	-2.321	1E-3
46948	19.1	-2.321	1E-3
46968	19.1	-2.321	1E-3
46988	19.3	-2.321	1E-3
47008	19.1	-2.321	1E-3
47028	19.1	-2.321	1E-3
47048	19.1	-2.321	1E-3
47068	19.1	-2.321	1E-3
47088	19.1	-2.321	1E-3
47108	19.1	-2.321	1E-3
47128	19.1	-2.321	1E-3
47148	19.3	-2.321	1E-3
47168	19.1	-2.321	1E-3
47188	19.1	-2.321	1E-3
47208	19.1	-2.321	1E-3
47228	19.1	-2.321	1E-3
47248	19.1	-2.321	1E-3
47268	19.1	-2.321	1E-3
47288	19.3	-2.321	1E-3
47308	19.1	-2.321	1E-3
47328	19.1	-2.321	1E-3
47348	19.1	-2.321	1E-3
47368	19.1	-2.321	1E-3
47388	19.1	-2.321	1E-3
47408	19.1	-2.321	1E-3
47428	19.1	-2.321	1E-3
47448	19.1	-2.321	1E-3
47468	19.1	-2.321	1E-3
47488	19.1	-2.321	1E-3
47508	19.1	-2.321	1E-3
47528	19.1	-2.321	1E-3
47548	19.1	-2.321	1E-3
47568	18.9	-2.321	1E-3
47588	19.1	-2.321	1E-3
47608	19.1	-2.321	1E-3
47628	19.1	-2.321	1E-3
47648	19.1	-2.321	1E-3
47668	19.1	-2.321	1E-3
47688	19.1	-2.321	1E-3
47708	19.1	-2.321	1E-3
47728	19.1	-2.321	1E-3
47748	19.1	-2.321	1E-3
47768	19.1	-2.321	1E-3
47788	19.1	-2.321	1E-3
47808	19.1	-2.321	1E-3
47828	19.1	-2.321	1E-3
47848	19.1	-2.321	1E-3
47868	19.1	-2.321	1E-3
47888	19.1	-2.321	1E-3
47908	19.1	-2.321	1E-3
47928	18.9	-2.321	1E-3
47948	18.9	-2.321	1E-3
47968	19.3	-2.321	1E-3
47988	19.1	-2.321	1E-3
48008	19.1	-2.321	1E-3
48028	18.9	-2.321	1E-3
48048	18.9	-2.321	1E-3
48068	18.9	-2.321	1E-3
48088	19.1	-2.321	1E-3
48108	19.1	-2.322	1E-3
48128	19.1	-2.322	1E-3
48148	19.1	-2.322	1E-3
48168	18.7	-2.322	1E-3
48188	19.1	-2.322	1E-3
48208	19.1	-2.322	1E-3
48228	18.9	-2.322	1E-3
48248	19.1	-2.322	1E-3
48268	18.9	-2.322	1E-3
48288	19.3	-2.322	1E-3
48308	19.1	-2.322	1E-3
48328	19.3	-2.322	1E-3
48348	19.1	-2.322	1E-3
48368	19.1	-2.322	1E-3
48388	19.1	-2.322	1E-3
48408	19.1	-2.322	1E-3
48428	19.1	-2.322	1E-3
48448	18.9	-2.322	1E-3
48468	19.3	-2.322	1E-3
48488	19.1	-2.322	1E-3
48508	19.1	-2.322	1E-3
48528	18.9	-2.322	1E-3
48548	19.1	-2.322	1E-3
48568	18.9	-2.322	1E-3
48588	19.1	-2.322	1E-3
48608	18.9	-2.322	1E-3
48628	18.9	-2.322	1E-3
48648	19.1	-2.322	1E-3
48668	18.9	-2.322	1E-3
48688	18.9	-2.322	1E-3
48708	18.9	-2.322	1E-3
48728	19.1	-2.322	1E-3
48748	19.1	-2.322	1E-3
48768	18.9	-2.322	1E-3
48788	18.9	-2.322	1E-3
48808	19.1	-2.322	1E-3
48828	18.9	-2.322	1E-3
48848	19.1	-2.322	1E-3
48868	19.1	-2.322	1E-3
48888	18.9	-2.322	1E-3
48908	18.9	-2.322	1E-3
48928	18.9	-2.322	1E-3
48948	19.1	-2.322	1E-3
48968	18.9	-2.322	1E-3
48988	19.1	-2.322	1E-3
49008	18.7	-2.322	1E-3
49028	18.9	-2.322	1E-3
49048	18.9	-2.322	1E-3
49068	18.9	-2.322	1E-3
49088	18.9	-2.322	1E-3
49108	19.1	-2.322	1E-3
49128	19.1	-2.322	1E-3
49148	18.9	-2.322	1E-3
49168	18.9	-2.322	1E-3
49188	18.9	-2.322	1E-3
49208	18.9	-2.322	1E-3
49228	18.9	-2.322	1E-3
49248	18.9	-2.322	1E-3
49268	18.9	-2.322	1E-3
49288	18.9	-2.322	1E-3
49308	18.7	-2.322	1E-3
49328	18.9	-2.322	1E-3
49348	18.9	-2.322	1E-3
49368	18.7	-2.322	1E-3
49388	18.9	-2.322	1E-3
49408	18.9	-2.322	1E-3
49428	18.9	-2.322	1E-3
49448	18.9	-2.322	1E-3
49468	18.9	-2.322	1E-3
49488	18.9	-2.322	1E-3
49508	18.9	-2.322	1E-3
49528	19.1	-2.322	1E-3
49548	18.9	-2.322	1E-3
49568	18.7	-2.322	1E-3
49588	18.9	-2.322	1E-3
49608	18.9	-2.322	1E-3
49628	19.1	-2.322	1E-3
49648	18.9	-2.322	1E-3
49668	18.9	-2.322	1E-3
49688	18.9	-2.322	1E-3
49708	18.9	-2.322	1E-3
49728	18.9	-2.322	1E-3
49748	18.9	-2.322	1E-3
49768	18.9	-2.322	1E-3
49788	18.9	-2.322	1E-3
49808	18.9	-2.322	1E-3
49828	18.9	-2.322	1E-3
49848	18.9	-2.322	1E-3
49868	19.1	-2.322	1E-3
49888	18.7	-2.322	1E-3
49908	18.9	-2.322	1E-3
49928	18.9	-2.322	1E-3
49948	18.9	-2.322	1E-3
49968	18.9	-2.322	1E-3
49988	18.9	-2.322	1E-3
50008	18.9	-2.322	1E-3
50028	18.9	-2.322	1E-3
50048	18.9	-2.322	1E-3
50068	18.7	-2.322	1E-3
50088	18.9	-2.322	1E-3
50108	18.7	-2.322	1E-3
50128	18.9	-2.322	1E-3
50148	18.7	-2.322	1E-3
50168	18.9	-2.322	1E-3
50188	18.9	-2.322	1E-3
50208	18.9	-2.322	1E-3
50228	18.7	-2.322	1E-3
50248	18.7	-2.322	1E-3
50268	18.7	-2.322	1E-3
50288	18.9	-2.322	1E-3
50308	18.9	-2.322	1E-3
50328	18.7	-2.322	1E-3
50348	18.5	-2.322	1E-3
50368	18.7	-2.322	1E-3
50388	18.9	-2.322	1E-3
50408	18.9	-2.322	1E-3
50428	18.7	-2.322	1E-3
50448	18.9	-2.322	1E-3
50468	18.9	-2.322	1E-3
50488	19.1	-2.322	1E-3
50508	18.5	-2.322	1E-3
50528	18.7	-2.322	1E-3
50548	18.7	-2.322	1E-3
50568	18.7	-2.322	1E-3
50588	18.9	-2.322	1E-3
50608	18.4	-2.322	1E-3
50628	18.9	-2.322	1E-3
50648	18.7	-2.322	1E-3
50668	18.7	-2.322	1E-3
50688	18.9	-2.322	1E-3
50708	18.7	-2.322	1E-3
50728	18.5	-2.322	1E-3
50748	18.5	-2.322	1E-3
50768	18.7	-2.322	1E-3
50788	18.7	-2.322	1E-3
50808	18.7	-2.322	1E-3
50828	18.7	-2.322	1E-3
50848	18.7	-2.322	1E-3
50868	18.7	-2.322	1E-3
50888	18.7	-2.322	1E-3
50908	18.7	-2.322	1E-3
50928	18.9	-2.322	1E-3
50948	18.7	-2.322	1E-3
50968	18.5	-2.322	1E-3
50988	18.7	-2.322	1E-3
51008	18.7	-2.322	1E-3
51028	18.7	-2.322	1E-3
51048	18.7	-2.322	1E-3
51068	18.7	-2.322	1E-3
51088	18.7	-2.322	1E-3
51108	18.7	-2.322	1E-3
51128	18.7	-2.322	1E-3
51148	18.7	-2.322	1E-3
51168	18.7	-2.322	1E-3
51188	18.7	-2.322	1E-3
51208	18.7	-2.322	1E-3
51228	18.7	-2.322	1E-3
51248	18.7	-2.322	1E-3
51268	18.7	-2.322	1E-3
51288	18.9	-2.322	1E-3
51309	18.7	-2.322	1E-3
51333	18.5	-2.322	1E-3
51353	18.7	-2.322	1E-3
51373	18.7	-2.322	1E-3
51393	18.7	-2.322	1E-3
51413	18.7	-2.322	1E-3
51433	18.9	-2.322	1E-3
51453	18.7	-2.322	1E-3
51473	18.7	-2.322	1E-3
51493	18.5	-2.322	1E-3
51513	18.5	-2.322	1E-3
51533	18.7	-2.322	1E-3
51553	18.7	-2.322	1E-3
51573	18.7	-2.322	1E-3
51593	18.7	-2.322	1E-3
51613	18.5	-2.322	1E-3
51633	18.7	-2.322	1E-3
51653	18.7	-2.322	1E-3
51673	18.7	-2.322	1E-3
51693	18.7	-2.322	1E-3
51713	18.5	-2.322	1E-3
51733	18.9	-2.322	1E-3
51753	18.4	-2.322	1E-3
51773	18.7	-2.322	1E-3
51793	18.7	-2.322	1E-3
51813	18.7	-2.322	1E-3
51833	18.7	-2.322	1E-3
51853	18.7	-2.322	1E-3
51873	18.7	-2.322	1E-3
51893	18.7	-2.322	1E-3
51913	18.7	-2.322	1E-3
51933	18.7	-2.322	1E-3
51953	18.4	-2.322	1E-3
51973	18.7	-2.322	1E-3
51993	18.7	-2.322	1E-3
52013	18.7	-2.322	1E-3
52033	18.7	-2.322	1E-3
52053	18.7	-2.322	1E-3
52073	18.9	-2.322	1E-3
52093	18.7	-2.322	1E-3
52113	18.7	-2.322	1E-3
52133	18.7	-2.322	1E-3
52153	18.4	-2.322	1E-3
52173	18.7	-2.322	1E-3
52193	18.7	-2.322	1E-3
52213	18.7	-2.322	1E-3
52233	18.7	-2.322	1E-3
52253	18.7	-2.322	1E-3
52273	18.7	-2.322	1E-3
52293	18.7	-2.322	1E-3
52313	18.7	-2.322	1E-3
52333	18.7	-2.322	1E-3
52353	18.7	-2.322	1E-3
52373	18.4	-2.322	1E-3
52393	18.7	-2.322	1E-3
52413	18.5	-2.322	1E-3
52433	18.5	-2.322	1E-3
52453	18.4	-2.322	1E-3
52473	18.5	-2.322	1E-3
52493	18.5	-2.322	1E-3
52513	18.5	-2.322	1E-3
52533	18.4	-2.322	1E-3
52553	18.7	-2.322	1E-3
52573	18.7	-2.322	1E-3
52593	18.7	-2.322	1E-3
52613	18.5	-2.322	1E-3
52633	18.7	-2.322	1E-3
52653	18.7	-2.322	1E-3
52673	18.7	-2.322	1E-3
52693	18.7	-2.322	1E-3
52713	18.5	-2.322	1E-3
52733	18.9	-2.322	1E-3
52753	18.7	-2.322	1E-3
52773	18.5	-2.322	1E-3
52793	18.7	-2.322	1E-3
52813	18.5	-2.322	1E-3
52833	18.7	-2.322	1E-3
52853	18	-2.322	1E-3
52873	18.4	-2.322	1E-3
52893	18.5	-2.322	1E-3
52913	18.5	-2.322	1E-3
52933	18.5	-2.322	1E-3
52953	18.5	-2.322	1E-3
52973	18.7	-2.322	1E-3
52993	18.4	-2.322	1E-3
53013	18.4	-2.322	1E-3
53033	18.4	-2.322	1E-3
53053	18.7	-2.322	1E-3
53073	18.7	-2.322	1E-3
53093	18.4	-2.322	1E-3
53113	18.5	-2.322	1E-3
53133	18.4	-2.322	1E-3
53153	18.4	-2.322	1E-3
53173	18.4	-2.322	1E-3
53193	18.5	-2.322	1E-3
53213	18.7	-2.322	1E-3
53233	18.4	-2.322	1E-3
53253	18.4	-2.322	1E-3
53273	18.4	-2.322	1E-3
53293	18.4	-2.322	1E-3
53313	18.7	-2.322	1E-3
53333	18.5	-2.322	1E-3
53353	18.5	-2.322	1E-3
53373	18.5	-2.322	1E-3
53393	18.5	-2.322	1E-3
53413	18.2	-2.322	1E-3
53433	18.5	-2.322	1E-3
53453	18.4	-2.322	1E-3
53473	18.5	-2.322	1E-3
53493	18.5	-2.322	1E-3
53513	18.4	-2.322	1E-3
53533	18.2	-2.322	1E-3
53553	18.5	-2.322	1E-3
53573	18.5	-2.322	1E-3
53593	18.2	-2.322	1E-3
53613	18.7	-2.322	1E-3
53633	18.4	-2.322	1E-3
53653	18.2	-2.322	1E-3
53674	18.5	-2.322	1E-3
53694	18.5	-2.322	1E-3
53714	18.2	-2.322	1E-3
53734	18.4	-2.322	1E-3
53754	18.9	-2.322	1E-3
53774	18.2	-2.322	1E-3
53794	18.4	-2.322	1E-3
53814	18.4	-2.322	1E-3
53834	18.4	-2.322	1E-3
53854	17.8	-2.322	1E-3
53874	18.5	-2.322	1E-3
53894	18.5	-2.322	1E-3
53914	18.7	-2.322	1E-3
53934	18.5	-2.322	1E-3
53954	18.4	-2.322	1E-3
53974	18.5	-2.322	1E-3
53994	18.5	-2.322	1E-3
54014	18.4	-2.322	1E-3
54034	18.7	-2.322	1E-3
54054	18.2	-2.322	1E-3
54074	18.5	-2.322	1E-3
54094	18.5	-2.322	1E-3
54114	18.5	-2.322	1E-3
54134	18.5	-2.322	1E-3
54154	18.4	-2.322	1E-3
54174	18.4	-2.322	1E-3
54194	18.5	-2.322	1E-3
54214	18.7	-2.322	1E-3
54234	18.5	-2.322	1E-3
54254	18.5	-2.322	1E-3
54274	18.5	-2.322	1E-3
54294	18.4	-2.322	1E-3
54314	18.5	-2.322	1E-3
54334	18.4	-2.322	1E-3
54354	18.4	-2.322	1E-3
54374	18.5	-2.322	1E-3
54394	18.2	-2.322	1E-3
54414	18.4	-2.322	1E-3
54434	18.5	-2.322	1E-3
54454	18.4	-2.322	1E-3
54474	18.5	-2.322	1E-3
54494	18.4	-2.322	1E-3
54514	18.5	-2.322	1E-3
54534	18.4	-2.322	1E-3
54554	18	-2.322	1E-3
54574	18	-2.322	1E-3
54594	18.4	-2.322	1E-3
54614	18.4	-2.322	1E-3
54634	18	-2.322	1E-3
54654	18.4	-2.322	1E-3
54674	18.5	-2.322	1E-3
54694	18.5	-2.322	1E-3
54714	18.5	-2.322	1E-3
54734	18.7	-2.322	1E-3
54754	18.4	-2.322	1E-3
54774	18.5	-2.322	1E-3
54794	18.2	-2.322	1E-3
54814	18.7	-2.322	1E-3
54834	18.2	-2.322	1E-3
54854	18.4	-2.322	1E-3
54874	18.4	-2.322	1E-3
54894	18.4	-2.322	1E-3
54914	18.2	-2.322	1E-3
54934	18.4	-2.322	1E-3
54954	18.4	-2.322	1E-3
54974	18.2	-2.322	1E-3
54994	18	-2.322	1E-3
55014	18.4	-2.322	1E-3
55034	18.4	-2.322	1E-3
55054	18.4	-2.322	1E-3
55074	18.4	-2.322	1E-3
55094	18.2	-2.322	1E-3
55114	18.4	-2.322	1E-3
55134	18.4	-2.322	1E-3
55154	18	-2.322	1E-3
55174	18.4	-2.322	1E-3
55194	18	-2.322	1E-3
55214	18.4	-2.322	1E-3
55234	18.5	-2.322	1E-3
55254	18.5	-2.322	1E-3
55274	18.5	-2.322	1E-3
55294	18.5	-2.322	1E-3
55314	18.4	-2.322	1E-3
55334	18.4	-2.322	1E-3
55354	18.4	-2.322	1E-3
55374	18.4	-2.322	1E-3
55394	18.4	-2.322	1E-3
55414	18.5	-2.322	1E-3
55434	18	-2.322	1E-3
55454	18.2	-2.322	1E-3
55474	18.4	-2.322	1E-3
55494	18.2	-2.322	1E-3
55514	18.4	-2.322	1E-3
55534	18.4	-2.322	1E-3
55554	18.5	-2.322	1E-3
55574	18.2	-2.322	1E-3
55594	18.2	-2.322	1E-3
55614	18.4	-2.322	1E-3
55634	18	-2.322	1E-3
55654	18.4	-2.322	1E-3
55674	18.4	-2.322	1E-3
55694	18.5	-2.322	1E-3
55714	18.4	-2.322	1E-3
55734	18.4	-2.322	1E-3
55754	18	-2.322	1E-3
55774	18.2	-2.322	1E-3
55794	18.4	-2.322	1E-3
55814	18.4	-2.322	1E-3
55834	18.4	-2.322	1E-3
55854	18	-2.322	1E-3
55874	18.4	-2.322	1E-3
55894	18	-2.322	1E-3
55914	18.4	-2.322	1E-3
55934	18.4	-2.322	1E-3
55954	18.5	-2.322	1E-3
55974	18.4	-2.322	1E-3
55994	18.5	-2.322	1E-3
56014	18.2	-2.322	1E-3
56034	18.2	-2.322	1E-3
56054	18	-2.322	1E-3
56074	18.4	-2.322	1E-3
56094	18.4	-2.322	1E-3
56114	18.5	-2.322	1E-3
56134	17.8	-2.322	1E-3
56154	18	-2.322	1E-3
56174	18.2	-2.322	1E-3
56194	18.5	-2.322	1E-3
56214	17.8	-2.322	1E-3
56234	17.8	-2.322	1E-3
56254	18.4	-2.322	1E-3
56274	18.5	-2.322	1E-3
56294	18.2	-2.322	1E-3
56314	18.4	-2.322	1E-3
56334	17.8	-2.322	1E-3
56354	18.2	-2.322	1E-3
56374	18.2	-2.322	1E-3
56394	18	-2.322	1E-3
56414	18.5	-2.322	1E-3
56434	18	-2.322	1E-3
56454	18.4	-2.322	1E-3
56474	18.2	-2.322	1E-3
56494	18.4	-2.322	1E-3
56514	18.4	-2.322	1E-3
56534	18	-2.322	1E-3
56554	18.5	-2.322	1E-3
56574	18.2	-2.322	1E-3
56594	17.8	-2.322	1E-3
56614	17.7	-2.322	1E-3
56634	18	-2.322	1E-3
56654	18	-2.322	1E-3
56674	17.7	-2.322	1E-3
56694	18.4	-2.322	1E-3
56714	18	-2.322	1E-3
56734	18	-2.322	1E-3
56754	18.4	-2.322	1E-3
56774	18	-2.322	1E-3
56794	18.4	-2.322	1E-3
56814	18.2	-2.322	1E-3
56834	18	-2.322	1E-3
56854	18.2	-2.322	1E-3
56874	17.8	-2.322	1E-3
56894	17.7	-2.322	1E-3
56914	18.4	-2.322	1E-3
56934	17.7	-2.322	1E-3
56954	18.4	-2.322	1E-3
56974	18.4	-2.322	1E-3
56994	18	-2.322	1E-3
57014	18.2	-2.322	1E-3
57034	18	-2.322	1E-3
57054	18.2	-2.322	1E-3
57074	17.8	-2.322	1E-3
57094	18	-2.322	1E-3
57114	17.8	-2.322	1E-3
57134	17.8	-2.322	1E-3
57154	18.2	-2.322	1E-3
57174	17.7	-2.322	1E-3
57194	18.2	-2.322	1E-3
57214	18	-2.322	1E-3
57234	18.4	-2.322	1E-3
57254	17.8	-2.322	1E-3
57274	17.8	-2.322	1E-3
57294	17.8	-2.322	1E-3
57314	17.7	-2.322	1E-3
57334	18.2	-2.322	1E-3
57354	18.2	-2.322	1E-3
57374	18.2	-2.322	1E-3
57394	18	-2.322	1E-3
57414	17.8	-2.322	1E-3
57434	17.7	-2.322	1E-3
57454	17.8	-2.322	1E-3
57474	17.7	-2.322	1E-3
57494	17.8	-2.322	1E-3
57514	18.2	-2.322	1E-3
57534	18.2	-2.322	1E-3
57554	17.8	-2.322	1E-3
57574	18.2	-2.322	1E-3
57594	18.2	-2.322	1E-3
57614	18.2	-2.322	1E-3
57634	17.7	-2.322	1E-3
57654	18.2	-2.322	1E-3
57674	18	-2.322	1E-3
57694	17.8	-2.322	1E-3
57714	18.5	-2.322	1E-3
57734	18	-2.322	1E-3
57754	17.8	-2.322	1E-3
57774	18	-2.322	1E-3
57794	18.5	-2.322	1E-3
57814	18.4	-2.322	1E-3
57834	18.2	-2.322	1E-3
57854	18.2	-2.322	1E-3
57874	17.7	-2.322	1E-3
57894	18.2	-2.322	1E-3
57914	18	-2.322	1E-3
57934	17.8	-2.322	1E-3
57954	18	-2.322	1E-3
57974	17.7	-2.322	1E-3
57994	18	-2.322	1E-3
58014	18.2	-2.322	1E-3
58034	18	-2.322	1E-3
58054	18	-2.322	1E-3
58074	18.2	-2.322	1E-3
58094	17.8	-2.322	1E-3
58114	18.2	-2.322	1E-3
58134	17.8	-2.322	1E-3
58154	18	-2.322	1E-3
58174	18	-2.322	1E-3
58194	17.8	-2.322	1E-3
58214	17.8	-2.322	1E-3
58234	18.2	-2.322	1E-3
58254	18.2	-2.322	1E-3
58274	18.2	-2.322	1E-3
58294	18.2	-2.322	1E-3
58314	18.2	-2.322	1E-3
58334	18.2	-2.322	1E-3
58354	17.8	-2.322	1E-3
58374	17.8	-2.322	1E-3
58394	18	-2.322	1E-3
58414	17.8	-2.322	1E-3
58434	18	-2.322	1E-3
58454	17.8	-2.322	1E-3
58474	18	-2.322	1E-3
58494	18	-2.322	1E-3
58514	18	-2.322	1E-3
58534	18	-2.322	1E-3
58554	18	-2.322	1E-3
58574	17.8	-2.322	1E-3
58594	17.7	-2.322	1E-3
58614	18.2	-2.322	1E-3
58634	17.8	-2.322	1E-3
58654	18	-2.322	1E-3
58674	18.2	-2.322	1E-3
58694	18.4	-2.322	1E-3
58714	18	-2.322	1E-3
58734	18.4	-2.322	1E-3
58754	17.8	-2.322	1E-3
58774	18	-2.322	1E-3
58794	17.8	-2.322	1E-3
58814	17.8	-2.322	1E-3
58834	17.8	-2.322	1E-3
58854	17.7	-2.322	1E-3
58874	18.2	-2.322	1E-3
58894	18	-2.322	1E-3
58914	18	-2.322	1E-3
58934	18.2	-2.322	1E-3
58954	17.8	-2.322	1E-3
58974	18	-2.322	1E-3
58994	17.8	-2.322	1E-3
59014	18	-2.322	1E-3
59034	18.4	-2.322	1E-3
59054	18	-2.322	1E-3
59074	18.2	-2.322	1E-3
59094	17.7	-2.322	1E-3
59114	18	-2.322	1E-3
59134	17.8	-2.322	1E-3
59154	17.8	-2.322	1E-3
59174	17.7	-2.322	1E-3
59194	17.8	-2.322	1E-3
59214	18.2	-2.322	1E-3
59234	18.2	-2.322	1E-3
59254	17.7	-2.322	1E-3
59274	17.7	-2.322	1E-3
59294	18	-2.322	1E-3
59314	18	-2.322	1E-3
59334	17.8	-2.322	1E-3
59354	18.2	-2.322	1E-3
59374	17.7	-2.322	1E-3
59394	18.4	-2.322	1E-3
59414	17.7	-2.322	1E-3
59434	17.7	-2.322	1E-3
59454	18.2	-2.322	1E-3
59474	17.8	-2.322	1E-3
59494	17.8	-2.322	1E-3
59514	17.8	-2.322	1E-3
59534	17.5	-2.322	1E-3
59554	17.7	-2.322	1E-3
59574	17.7	-2.322	1E-3
59594	17.7	-2.322	1E-3
59614	17.7	-2.322	1E-3
59634	18	-2.322	1E-3
59654	17.8	-2.322	1E-3
59674	18.4	-2.322	1E-3
59694	18.2	-2.322	1E-3
59714	17.8	-2.322	1E-3
59734	17.8	-2.322	1E-3
59754	18.4	-2.322	1E-3
59774	18	-2.322	1E-3
59794	18.2	-2.322	1E-3
59814	17.8	-2.322	1E-3
59834	18.2	-2.322	1E-3
59854	18	-2.322	1E-3
59874	17.8	-2.322	1E-3
59894	17.8	-2.322	1E-3
59914	17.8	-2.322	1E-3
59934	18	-2.322	1E-3
59954	18	-2.322	1E-3
59974	17.7	-2.322	1E-3
59994	17.8	-2.322	1E-3
60014	17.7	-2.322	1E-3
60034	18	-2.322	1E-3
60054	18.4	-2.322	1E-3
60074	17.8	-2.322	1E-3
60094	17.8	-2.322	1E-3
60114	17.8	-2.322	1E-3
60134	18	-2.322	1E-3
60154	17.8	-2.322	1E-3
60174	17.8	-2.322	1E-3
60194	18	-2.322	1E-3
60214	17.7	-2.322	1E-3
60234	17.8	-2.322	1E-3
60254	17.8	-2.322	1E-3
60274	18.2	-2.322	1E-3
60294	17.8	-2.322	1E-3
60314	17.8	-2.322	1E-3
60334	17.8	-2.322	1E-3
60354	17.8	-2.322	1E-3
60374	18	-2.322	1E-3
60394	18	-2.322	1E-3
60414	18	-2.322	1E-3
60434	18	-2.322	1E-3
60454	17.8	-2.322	1E-3
60474	18	-2.322	1E-3
60494	17.8	-2.322	1E-3
60514	18.2	-2.322	1E-3
60534	18	-2.322	1E-3
60554	18.2	-2.322	1E-3
60574	18.5	-2.322	1E-3
60594	17.7	-2.322	1E-3
60614	18	-2.322	1E-3
60634	18	-2.322	1E-3
60654	17.8	-2.322	1E-3
60674	17.7	-2.322	1E-3
60694	18.2	-2.322	1E-3
60714	17.7	-2.322	1E-3
60734	18	-2.322	1E-3
60754	17.7	-2.322	1E-3
60774	17.8	-2.322	1E-3
60794	17.7	-2.322	1E-3
60815	17.8	-2.322	1E-3
60835	17.8	-2.322	1E-3
60855	17.8	-2.322	1E-3
60875	17.8	-2.322	1E-3
60895	18	-2.322	1E-3
60915	17.7	-2.322	1E-3
60935	18	-2.322	1E-3
60955	17.8	-2.322	1E-3
60975	18	-2.322	1E-3
60995	18	-2.322	1E-3
61015	18	-2.322	1E-3
61035	17.8	-2.322	1E-3
61055	17.8	-2.322	1E-3
61075	17.7	-2.322	1E-3
61095	17.7	-2.322	1E-3
61115	17.8	-2.322	1E-3
61135	17.8	-2.322	1E-3
61155	18	-2.322	1E-3
61175	18.2	-2.322	1E-3
61195	18.2	-2.322	1E-3
61215	17.7	-2.322	1E-3
61235	17.8	-2.322	1E-3
61255	18.4	-2.322	1E-3
61275	18	-2.322	1E-3
61295	17.8	-2.322	1E-3
61315	17.7	-2.322	1E-3
61335	18	-2.322	1E-3
61355	17.7	-2.322	1E-3
61375	18.2	-2.322	1E-3
61395	17.8	-2.322	1E-3
61415	17.7	-2.322	1E-3
61435	17.7	-2.322	1E-3
61455	18.2	-2.322	1E-3
61475	18	-2.322	1E-3
61495	18.2	-2.322	1E-3
61515	17.7	-2.322	1E-3
61535	17.7	-2.322	1E-3
61555	18	-2.322	1E-3
61575	17.8	-2.322	1E-3
61595	17.7	-2.322	1E-3
61615	17.7	-2.322	1E-3
61635	17.7	-2.322	1E-3
61655	17.8	-2.322	1E-3
61675	18.2	-2.322	1E-3
61695	17.7	-2.322	1E-3
61715	17.7	-2.322	1E-3
61735	17.5	-2.322	1E-3
61755	17.5	-2.322	1E-3
61775	18	-2.322	1E-3
61795	18.2	-2.322	1E-3
61815	17.7	-2.322	1E-3
61835	18	-2.322	1E-3
61855	17.8	-2.322	1E-3
61875	17.8	-2.322	1E-3
61895	18.2	-2.322	1E-3
61915	17.8	-2.322	1E-3
61935	17.5	-2.322	1E-3
61955	17.7	-2.322	1E-3
61975	17.8	-2.322	1E-3
61995	17.7	-2.322	1E-3
62015	17.5	-2.322	1E-3
62035	17.5	-2.322	1E-3
62055	17.8	-2.322	1E-3
62075	17.5	-2.322	1E-3
62095	17.7	-2.322	1E-3
62115	17.7	-2.322	1E-3
62135	17.8	-2.322	1E-3
62155	17.5	-2.322	1E-3
62175	17.7	-2.322	1E-3
62195	17.8	-2.322	1E-3
62215	18	-2.322	1E-3
62235	17.7	-2.322	1E-3
62255	17.8	-2.322	1E-3
62275	17.7	-2.322	1E-3
62295	17.5	-2.322	1E-3
62315	17.7	-2.322	1E-3
62335	17.5	-2.322	1E-3
62355	17.7	-2.322	1E-3
62375	17.7	-2.322	1E-3
62395	17.5	-2.322	1E-3
62415	17.7	-2.322	1E-3
62435	17.7	-2.322	1E-3
62455	17.7	-2.322	1E-3
62475	17.7	-2.322	1E-3
62495	17.8	-2.322	1E-3
62515	17.5	-2.322	1E-3
62535	17.7	-2.322	1E-3
62555	17.8	-2.322	1E-3
62575	17.8	-2.322	1E-3
62595	17.7	-2.322	1E-3
62615	17.8	-2.322	1E-3
62635	18	-2.322	1E-3
62655	17.8	-2.322	1E-3
62675	17.8	-2.322	1E-3
62695	17.7	-2.322	1E-3
62715	17.8	-2.322	1E-3
62735	17.8	-2.322	1E-3
62755	17.7	-2.322	1E-3
62775	17.8	-2.322	1E-3
62795	17.7	-2.322	1E-3
62815	17.7	-2.322	1E-3
62835	17.7	-2.322	1E-3
62855	17.7	-2.322	1E-3
62875	17.8	-2.322	1E-3
62895	18	-2.322	1E-3
62915	17.8	-2.322	1E-3
62935	17.7	-2.322	1E-3
62955	17.8	-2.322	1E-3
62975	18	-2.322	1E-3
62995	18.2	-2.322	1E-3
63015	17.5	-2.322	1E-3
63035	17.5	-2.322	1E-3
63055	18	-2.322	1E-3
63075	17.7	-2.322	1E-3
63095	17.7	-2.322	1E-3
63115	17.7	-2.322	1E-3
63135	18	-2.322	1E-3
63155	17.5	-2.322	1E-3
63175	18	-2.322	1E-3
63195	17.7	-2.322	1E-3
63215	17.8	-2.322	1E-3
63235	18	-2.322	1E-3
63255	17.7	-2.322	1E-3
63275	17.7	-2.322	1E-3
63295	17.8	-2.322	1E-3
63315	18	-2.322	1E-3
63335	17.7	-2.322	1E-3
63355	17.7	-2.322	1E-3
63375	17.8	-2.322	1E-3
63395	17.7	-2.322	1E-3
63415	17.7	-2.322	1E-3
63435	17.7	-2.322	1E-3
63455	17.7	-2.322	1E-3
63475	17.7	-2.322	1E-3
63495	17.5	-2.322	1E-3
63515	17.8	-2.322	1E-3
63535	17.7	-2.322	1E-3
63555	17.7	-2.322	1E-3
63575	17.5	-2.322	1E-3
63595	17.7	-2.322	1E-3
63615	17.7	-2.322	1E-3
63635	17.7	-2.322	1E-3
63655	18	-2.322	1E-3
63675	18	-2.322	1E-3
63695	17.8	-2.322	1E-3
63715	17.5	-2.322	1E-3
63735	17.7	-2.322	1E-3
63755	18	-2.322	1E-3
63775	17.7	-2.322	1E-3
63795	17.8	-2.322	1E-3
63815	17.5	-2.322	1E-3
63835	17.7	-2.322	1E-3
63855	17.5	-2.322	1E-3
63875	17.7	-2.322	1E-3
63895	17.7	-2.322	1E-3
63915	17.7	-2.322	1E-3
63935	17.7	-2.322	1E-3
63955	18	-2.322	1E-3
63975	17.5	-2.322	1E-3
63995	17.7	-2.322	1E-3
64015	17.8	-2.322	1E-3
64035	17.7	-2.322	1E-3
64055	18	-2.322	1E-3
64075	17.7	-2.322	1E-3
64095	17.8	-2.322	1E-3
64115	17.8	-2.322	1E-3
64135	17.8	-2.322	1E-3
64155	17.8	-2.322	1E-3
64175	17.7	-2.322	1E-3
64195	17.8	-2.322	1E-3
64215	17.5	-2.322	1E-3
64235	17.5	-2.322	1E-3
64255	17.8	-2.322	1E-3
64275	17.7	-2.322	1E-3
64295	17.7	-2.322	1E-3
64315	17.5	-2.322	1E-3
64335	17.7	-2.322	1E-3
64355	17.8	-2.322	1E-3
64375	17.5	-2.322	1E-3
64395	17.7	-2.322	1E-3
64415	17.5	-2.322	1E-3
64435	17.8	-2.322	1E-3
64455	18	-2.322	1E-3
64475	17.8	-2.322	1E-3
64495	17.8	-2.322	1E-3
64515	17.5	-2.322	1E-3
64535	17.7	-2.322	1E-3
64555	17.3	-2.322	1E-3
64575	17.5	-2.322	1E-3
64595	18	-2.322	1E-3
64615	17.8	-2.322	1E-3
64635	17.8	-2.322	1E-3
64655	17.8	-2.322	1E-3
64675	17.7	-2.322	1E-3
64695	17.8	-2.322	1E-3
64715	17.5	-2.322	1E-3
64735	17.7	-2.322	1E-3
64755	17.7	-2.322	1E-3
64775	17.5	-2.322	1E-3
64795	17.5	-2.322	1E-3
64815	18	-2.322	1E-3
64835	17.5	-2.322	1E-3
64855	17.8	-2.322	1E-3
64875	17.5	-2.322	1E-3
64895	18	-2.322	1E-3
64915	17.8	-2.322	1E-3
