0	20.5	0	1E-3
21	20.3	0	1E-3
41	20	0	1E-3
61	20.1	-1E-3	1E-3
81	20.1	-1E-3	1E-3
101	20.1	-1E-3	1E-3
121	20	-1E-3	1E-3
141	20.1	-1E-3	1E-3
161	20.1	-1E-3	1E-3
181	20	-1E-3	1E-3
201	19.8	-1E-3	1E-3
221	19.8	-1E-3	1E-3
241	19.8	-1E-3	1E-3
261	20.1	-1E-3	1E-3
281	19.8	-1E-3	1E-3
301	20	-1E-3	1E-3
321	19.6	-1E-3	1E-3
341	19.8	-1E-3	1E-3
361	20	-1E-3	1E-3
381	20	-1E-3	1E-3
401	19.8	-0.002	1E-3
421	20	-0.002	1E-3
441	19.6	-0.002	1E-3
461	20	-0.002	1E-3
481	20.3	-0.002	1E-3
501	20	-0.002	1E-3
521	20.1	-0.002	1E-3
541	20.5	-0.002	1E-3
561	20.5	-0.002	1E-3
581	20.6	-0.003	1E-3
601	20.8	-0.003	1E-3
621	21.2	-0.003	1E-3
642	21.5	-0.003	1E-3
662	21.5	-0.003	1E-3
682	21.7	-0.003	1E-3
702	22.2	-0.003	1E-3
722	22.2	-0.003	1E-3
742	22.9	-0.003	1E-3
762	22.9	-0.003	1E-3
782	23.3	-0.004	1E-3
802	23.6	-0.004	1E-3
822	23.6	-0.004	1E-3
842	24	-0.004	1E-3
862	24.1	-0.004	1E-3
882	24.7	-0.004	1E-3
902	25.4	-0.004	1E-3
922	25.2	-0.004	1E-3
942	26.1	-0.004	1E-3
962	26.3	-0.004	1E-3
982	26.8	-0.004	1E-3
1002	27.1	-0.004	1E-3
1022	27.8	-0.004	1E-3
1042	28	-0.004	1E-3
1062	28.5	-0.004	1E-3
1082	28.9	-0.004	1E-3
1102	29.4	-0.004	1E-3
1122	29.8	-0.004	1E-3
1142	30.1	-0.004	1E-3
1162	30.6	-0.005	1E-3
1182	30.6	-0.005	1E-3
1202	31	-0.005	1E-3
1222	31.7	-0.005	1E-3
1242	32	-0.005	1E-3
1262	32.7	-0.005	1E-3
1282	33.1	-0.005	1E-3
1302	33.6	-0.005	1E-3
1322	34.3	-0.005	1E-3
1342	34.5	-0.005	1E-3
1362	35.2	-0.005	1E-3
1382	35.5	-0.005	1E-3
1402	35.9	-0.005	1E-3
1422	36.6	-0.005	1E-3
1442	37.1	-0.005	1E-3
1462	37.6	-0.005	1E-3
1482	38	-0.005	1E-3
1502	38.7	-0.005	1E-3
1522	39.4	-0.005	1E-3
1542	40.1	-0.005	1E-3
1562	40.4	-0.005	1E-3
1582	41	-0.005	1E-3
1602	41.8	-0.005	1E-3
1622	42.2	-0.005	1E-3
1642	42.5	-0.006	1E-3
1662	43.4	-0.006	1E-3
1682	44.1	-0.006	1E-3
1702	44.8	-0.006	1E-3
1722	45.5	-0.006	1E-3
1742	46	-0.006	1E-3
1762	46.7	-0.006	1E-3
1782	47.4	-0.006	1E-3
1802	48.1	-0.006	1E-3
1822	48.6	-0.006	1E-3
1842	49.3	-0.006	1E-3
1862	49.9	-0.006	1E-3
1882	50.9	-0.006	1E-3
1903	51.5	-0.006	1E-3
1923	52.5	-0.006	1E-3
1943	52.8	-0.006	1E-3
1963	53.5	-0.006	1E-3
1983	54.3	-0.006	1E-3
2003	55	-0.006	1E-3
2023	55.8	-0.006	1E-3
2043	56.7	-0.006	1E-3
2063	57.6	-0.006	1E-3
2083	58.1	-0.006	1E-3
2103	58.8	-0.006	1E-3
2123	59.7	-0.007	1E-3
2143	60.4	-0.007	1E-3
2163	61.3	-0.007	1E-3
2183	62.5	-0.007	1E-3
2203	62.6	-0.007	1E-3
2223	63.7	-0.007	1E-3
2243	64.2	-0.007	1E-3
2263	65.1	-0.007	1E-3
2283	65.8	-0.007	1E-3
2303	66.8	-0.007	1E-3
2323	67.4	-0.008	1E-3
2343	68.3	-0.008	1E-3
2363	68.6	-0.008	1E-3
2383	69.5	-0.008	1E-3
2403	70.2	-0.008	1E-3
2423	71	-0.008	1E-3
2443	71.7	-0.008	1E-3
2463	72.6	-0.009	1E-3
2483	73.3	-0.009	1E-3
2503	73.8	-0.009	1E-3
2523	74.9	-0.009	1E-3
2543	75.6	-0.009	1E-3
2563	76.7	-0.009	1E-3
2583	77.5	-0.01	1E-3
2603	78.4	-0.01	1E-3
2623	79.3	-0.01	1E-3
2643	79.8	-0.01	1E-3
2663	81	-0.01	1E-3
2683	81.9	-0.01	1E-3
2703	82.9	-0.011	1E-3
2723	83.8	-0.011	1E-3
2743	84.3	-0.011	1E-3
2763	85.8	-0.011	1E-3
2783	86.3	-0.011	1E-3
2803	87.5	-0.012	1E-3
2823	88.2	-0.012	1E-3
2843	89.3	-0.012	1E-3
2863	89.9	-0.012	1E-3
2883	91	-0.012	1E-3
2903	92.1	-0.012	1E-3
2923	93.1	-0.013	1E-3
2943	94	-0.013	1E-3
2963	95	-0.013	1E-3
2983	96.1	-0.013	1E-3
3003	96.9	-0.013	1E-3
3023	98	-0.014	1E-3
3044	99	-0.014	1E-3
3064	99.9	-0.014	1E-3
3084	100.8	-0.014	1E-3
3104	102.2	-0.014	1E-3
3124	103.1	-0.014	1E-3
3144	103.8	-0.015	1E-3
3164	104.7	-0.015	1E-3
3184	105.7	-0.015	1E-3
3204	106.4	-0.015	1E-3
3224	107.6	-0.016	1E-3
3244	108.7	-0.016	1E-3
3264	109.4	-0.016	1E-3
3284	110.3	-0.016	1E-3
3304	111.5	-0.017	1E-3
3324	112.5	-0.017	1E-3
3344	113.4	-0.017	1E-3
3364	114.4	-0.017	1E-3
3384	115.5	-0.017	1E-3
3404	116.5	-0.017	1E-3
3424	117.6	-0.018	1E-3
3444	118.5	-0.018	1E-3
3464	119.5	-0.018	1E-3
3484	120.6	-0.018	1E-3
3504	121.6	-0.019	1E-3
3524	122.7	-0.019	1E-3
3544	123.6	-0.019	1E-3
3564	124.6	-0.019	1E-3
3584	126	-0.02	1E-3
3604	126.9	-0.02	1E-3
3624	127.9	-0.02	1E-3
3644	128.8	-0.02	1E-3
3664	130	-0.02	1E-3
3684	131.3	-0.021	1E-3
3704	132.3	-0.021	1E-3
3724	133.4	-0.021	1E-3
3744	134.4	-0.021	1E-3
3764	135.6	-0.021	1E-3
3784	136.5	-0.021	1E-3
3804	137.4	-0.022	1E-3
3824	138.6	-0.022	1E-3
3844	139.5	-0.022	1E-3
3864	140.7	-0.022	1E-3
3884	141.6	-0.022	1E-3
3904	143	-0.022	1E-3
3924	144.2	-0.022	1E-3
3945	145.1	-0.023	1E-3
3965	146.3	-0.023	1E-3
3985	147.5	-0.023	1E-3
4005	148.6	-0.023	1E-3
4025	149.6	-0.023	1E-3
4045	150.8	-0.023	1E-3
4065	151.9	-0.023	1E-3
4085	153.1	-0.024	1E-3
4105	154	-0.024	1E-3
4125	155	-0.024	1E-3
4145	156.4	-0.024	1E-3
4165	157.3	-0.024	1E-3
4185	158.6	-0.024	1E-3
4205	159.6	-0.024	1E-3
4225	160.5	-0.025	1E-3
4245	161.7	-0.025	1E-3
4265	162.9	-0.025	1E-3
4285	163.8	-0.025	1E-3
4305	164.7	-0.025	1E-3
4325	165.7	-0.025	1E-3
4345	166.9	-0.025	1E-3
4365	168.2	-0.025	1E-3
4385	169.2	-0.026	1E-3
4405	170.1	-0.026	1E-3
4425	171.3	-0.026	1E-3
4445	172.2	-0.026	1E-3
4465	173.6	-0.026	1E-3
4485	174.8	-0.027	1E-3
4505	175.7	-0.027	1E-3
4525	176.6	-0.027	1E-3
4545	178	-0.027	1E-3
4565	179.2	-0.028	1E-3
4585	180.3	-0.028	1E-3
4606	181.3	-0.028	1E-3
4626	182.5	-0.028	1E-3
4646	183.8	-0.029	1E-3
4666	185	-0.029	1E-3
4686	186.2	-0.029	1E-3
4706	186.9	-0.029	1E-3
4726	188.1	-0.03	1E-3
4746	189.2	-0.03	1E-3
4766	190.2	-0.03	1E-3
4786	191.3	-0.03	1E-3
4806	192.7	-0.03	1E-3
4826	193.7	-0.031	1E-3
4846	194.8	-0.031	1E-3
4866	196.2	-0.031	1E-3
4886	197.2	-0.031	1E-3
4906	198.3	-0.031	1E-3
4926	199.7	-0.032	1E-3
4946	200.7	-0.032	1E-3
4966	201.9	-0.032	1E-3
4986	202.8	-0.032	1E-3
5006	204.2	-0.032	1E-3
5026	205.3	-0.032	1E-3
5046	206.1	-0.032	1E-3
5066	207.5	-0.033	1E-3
5086	208.6	-0.033	1E-3
5106	209.6	-0.033	1E-3
5126	210.7	-0.033	1E-3
5146	211.9	-0.033	1E-3
5166	212.8	-0.033	1E-3
5186	214.2	-0.033	1E-3
5206	215.1	-0.034	1E-3
5226	216.5	-0.034	1E-3
5246	217.4	-0.034	1E-3
5266	218.6	-0.034	1E-3
5286	219.3	-0.034	1E-3
5306	220.5	-0.034	1E-3
5326	221.4	-0.034	1E-3
5346	222.6	-0.034	1E-3
5366	223.8	-0.034	1E-3
5386	224.9	-0.035	1E-3
5406	226.1	-0.035	1E-3
5426	227.5	-0.035	1E-3
5446	228.6	-0.035	1E-3
5466	229.8	-0.035	1E-3
5487	230.8	-0.035	1E-3
5507	232.1	-0.035	1E-3
5527	233.3	-0.035	1E-3
5547	234.5	-0.035	1E-3
5567	235.6	-0.035	1E-3
5587	236.8	-0.036	1E-3
5607	238	-0.036	1E-3
5627	239.1	-0.036	1E-3
5647	239.9	-0.036	1E-3
5667	241	-0.036	1E-3
5687	242.4	-0.036	1E-3
5707	243.4	-0.036	1E-3
5727	244.1	-0.036	1E-3
5747	245.9	-0.036	1E-3
5767	246.9	-0.037	1E-3
5787	248	-0.037	1E-3
5807	249.2	-0.037	1E-3
5827	250.6	-0.037	1E-3
5847	251.7	-0.037	1E-3
5867	253.1	-0.037	1E-3
5887	254.1	-0.037	1E-3
5907	255.1	-0.037	1E-3
5927	256.5	-0.037	1E-3
5947	257.8	-0.038	1E-3
5967	258.8	-0.038	1E-3
5987	260	-0.038	1E-3
6007	261.3	-0.038	1E-3
6027	262.5	-0.038	1E-3
6047	263.5	-0.038	1E-3
6067	265	-0.039	1E-3
6087	266	-0.039	1E-3
6107	267.2	-0.039	1E-3
6127	268.3	-0.039	1E-3
6147	269.7	-0.039	1E-3
6167	270.7	-0.039	1E-3
6187	271.6	-0.04	1E-3
6208	272.6	-0.04	1E-3
6228	273.7	-0.04	1E-3
6248	275.1	-0.04	1E-3
6268	276.1	-0.04	1E-3
6288	277.2	-0.04	1E-3
6308	278.6	-0.041	1E-3
6328	279.6	-0.041	1E-3
6348	280.7	-0.041	1E-3
6368	281.9	-0.041	1E-3
6388	283	-0.041	1E-3
6408	284.4	-0.041	1E-3
6428	285.4	-0.042	1E-3
6448	286.6	-0.042	1E-3
6468	287.9	-0.042	1E-3
6488	288.9	-0.042	1E-3
6508	290.3	-0.042	1E-3
6528	291.2	-0.042	1E-3
6548	292.3	-0.042	1E-3
6568	293.7	-0.043	1E-3
6588	294.7	-0.043	1E-3
6608	295.8	-0.043	1E-3
6628	297	-0.043	1E-3
6648	298	-0.043	1E-3
6668	299.3	-0.043	1E-3
6688	300.5	-0.043	1E-3
6708	301.7	-0.044	1E-3
6728	302.9	-0.044	1E-3
6749	304	-0.044	1E-3
6773	305.7	-0.044	1E-3
6794	306.4	-0.044	1E-3
6814	308	-0.044	1E-3
6834	309	-0.044	1E-3
6854	310.1	-0.044	1E-3
6874	311.5	-0.044	1E-3
6894	312.7	-0.044	1E-3
6914	314.1	-0.045	1E-3
6934	315.2	-0.045	1E-3
6954	316	-0.045	1E-3
6974	317.1	-0.045	1E-3
6994	318.2	-0.045	1E-3
7014	319.2	-0.045	1E-3
7034	320.8	-0.045	1E-3
7054	321.8	-0.045	1E-3
7074	323	-0.046	1E-3
7094	324.1	-0.046	1E-3
7114	325.5	-0.046	1E-3
7134	326.7	-0.046	1E-3
7154	328.3	-0.046	1E-3
7174	329.4	-0.046	1E-3
7194	330.2	-0.046	1E-3
7214	331.8	-0.046	1E-3
7234	332.7	-0.046	1E-3
7254	334.3	-0.047	1E-3
7274	335.3	-0.047	1E-3
7294	336.7	-0.047	1E-3
7314	337.7	-0.047	1E-3
7334	338.8	-0.047	1E-3
7354	340	-0.047	1E-3
7374	341.4	-0.047	1E-3
7394	342.7	-0.047	1E-3
7414	343.7	-0.047	1E-3
7434	344.9	-0.047	1E-3
7454	346	-0.048	1E-3
7474	347.2	-0.048	1E-3
7495	348.3	-0.048	1E-3
7515	349.6	-0.048	1E-3
7535	350.9	-0.048	1E-3
7555	352.1	-0.048	1E-3
7575	353.1	-0.048	1E-3
7595	354.6	-0.048	1E-3
7615	355.3	-0.049	1E-3
7635	356.6	-0.049	1E-3
7655	357.7	-0.049	1E-3
7675	358.9	-0.049	1E-3
7695	360	-0.049	1E-3
7715	361.2	-0.049	1E-3
7735	362.6	-0.049	1E-3
7755	363.6	-0.049	1E-3
7775	364.7	-0.049	1E-3
7795	366.1	-0.049	1E-3
7815	367.3	-0.049	1E-3
7835	368.5	-0.05	1E-3
7855	369.8	-0.05	1E-3
7875	370.8	-0.05	1E-3
7895	371.9	-0.05	1E-3
7915	373.1	-0.05	1E-3
7935	373.8	-0.05	1E-3
7955	375	-0.05	1E-3
7975	376.4	-0.05	1E-3
7995	377.6	-0.05	1E-3
8015	378.7	-0.05	1E-3
8035	379.9	-0.051	1E-3
8055	381	-0.051	1E-3
8075	382.2	-0.051	1E-3
8095	383.4	-0.051	1E-3
8115	384.8	-0.051	1E-3
8135	385.7	-0.051	1E-3
8155	387.1	-0.051	1E-3
8176	388.3	-0.051	1E-3
8200	389.5	-0.052	1E-3
8220	390.8	-0.052	1E-3
8240	392.2	-0.052	1E-3
8260	393.2	-0.052	1E-3
8280	394.3	-0.052	1E-3
8300	395.3	-0.052	1E-3
8321	396.5	-0.052	1E-3
8345	398.1	-0.052	1E-3
8365	399.4	-0.052	1E-3
8385	400.4	-0.052	1E-3
8405	401.6	-0.052	1E-3
8425	402.9	-0.053	1E-3
8445	403.9	-0.053	1E-3
8465	405.3	-0.053	1E-3
8486	406.4	-0.053	1E-3
8506	407.6	-0.053	1E-3
8526	408.8	-0.053	1E-3
8546	410	-0.053	1E-3
8566	411.1	-0.053	1E-3
8586	412.3	-0.054	1E-3
8606	413.5	-0.054	1E-3
8626	414.6	-0.054	1E-3
8646	415.8	-0.054	1E-3
8666	416.7	-0.054	1E-3
8686	418.1	-0.054	1E-3
8706	419.1	-0.054	1E-3
8726	420.2	-0.054	1E-3
8746	421.6	-0.054	1E-3
8766	422.6	-0.054	1E-3
8786	423.7	-0.054	1E-3
8806	424.9	-0.054	1E-3
8826	426.1	-0.055	1E-3
8846	427.2	-0.055	1E-3
8866	428.8	-0.055	1E-3
8886	429.6	-0.055	1E-3
8906	431	-0.055	1E-3
8926	432.1	-0.055	1E-3
8946	433.3	-0.055	1E-3
8966	434.5	-0.056	1E-3
8986	435.9	-0.056	1E-3
9006	437	-0.056	1E-3
9026	438	-0.056	1E-3
9046	439.1	-0.056	1E-3
9066	440.3	-0.056	1E-3
9086	441.4	-0.056	1E-3
9107	442.2	-0.056	1E-3
9127	443.8	-0.057	1E-3
9147	444.9	-0.057	1E-3
9167	446.1	-0.057	1E-3
9187	447.1	-0.057	1E-3
9207	448	-0.057	1E-3
9227	449.2	-0.057	1E-3
9247	450.6	-0.058	1E-3
9267	451.8	-0.058	1E-3
9287	452.7	-0.058	1E-3
9307	454	-0.058	1E-3
9327	455.2	-0.058	1E-3
9347	456.4	-0.058	1E-3
9367	457.4	-0.059	1E-3
9387	458.5	-0.059	1E-3
9407	459.7	-0.059	1E-3
9427	460.9	-0.059	1E-3
9447	461.6	-0.059	1E-3
9467	462.9	-0.06	1E-3
9487	463.9	-0.06	1E-3
9507	465.1	-0.06	1E-3
9527	466.2	-0.06	1E-3
9547	467.1	-0.06	1E-3
9567	468.5	-0.061	1E-3
9587	469.5	-0.061	1E-3
9607	470.8	-0.061	1E-3
9627	472	-0.061	1E-3
9647	472.9	-0.061	1E-3
9667	474.1	-0.062	1E-3
9687	475.3	-0.062	1E-3
9707	476.3	-0.062	1E-3
9727	477.4	-0.062	1E-3
9747	478.8	-0.062	1E-3
9767	479.7	-0.062	1E-3
9787	480.7	-0.063	1E-3
9807	482	-0.063	1E-3
9828	483	-0.063	1E-3
9852	484.6	-0.063	1E-3
9872	485.4	-0.063	1E-3
9893	486.5	-0.063	1E-3
9913	487.6	-0.064	1E-3
9933	488.8	-0.064	1E-3
9953	489.8	-0.064	1E-3
9973	490.9	-0.064	1E-3
9993	491.8	-0.064	1E-3
10013	493	-0.064	1E-3
10033	494.2	-0.065	1E-3
10053	495.3	-0.065	1E-3
10073	496.3	-0.065	1E-3
10093	497.5	-0.065	1E-3
10113	498.6	-0.065	1E-3
10133	499.6	-0.066	1E-3
10153	500.9	-0.066	1E-3
10173	501.9	-0.066	1E-3
10193	503.3	-0.066	1E-3
10213	504.2	-0.066	1E-3
10233	505.2	-0.067	1E-3
10253	506.5	-0.067	1E-3
10273	507.5	-0.067	1E-3
10293	508.4	-0.067	1E-3
10313	509.6	-0.068	1E-3
10333	510.5	-0.068	1E-3
10353	511.7	-0.068	1E-3
10373	512.6	-0.069	1E-3
10393	514	-0.069	1E-3
10413	514.8	-0.069	1E-3
10433	516.3	-0.069	1E-3
10453	517.1	-0.07	1E-3
10473	518.5	-0.07	1E-3
10493	519.4	-0.07	1E-3
10513	520.5	-0.071	1E-3
10533	521.7	-0.071	1E-3
10553	522.7	-0.071	1E-3
10573	523.8	-0.072	1E-3
10594	525	-0.072	1E-3
10614	526	-0.072	1E-3
10634	527.1	-0.072	1E-3
10654	528.3	-0.073	1E-3
10674	529.2	-0.073	1E-3
10694	530.3	-0.073	1E-3
10714	531.5	-0.073	1E-3
10734	532.5	-0.074	1E-3
10754	533.6	-0.074	1E-3
10774	534.6	-0.074	1E-3
10794	535.5	-0.074	1E-3
10814	536.7	-0.075	1E-3
10834	537.6	-0.075	1E-3
10854	539.2	-0.075	1E-3
10874	540	-0.075	1E-3
10894	541.1	-0.076	1E-3
10914	542.3	-0.076	1E-3
10934	543.5	-0.076	1E-3
10954	544.6	-0.076	1E-3
10974	545.8	-0.077	1E-3
10994	546.7	-0.077	1E-3
11014	547.9	-0.077	1E-3
11034	549	-0.078	1E-3
11054	550.2	-0.078	1E-3
11074	551.6	-0.078	1E-3
11094	552.3	-0.079	1E-3
11114	553.5	-0.079	1E-3
11134	554.6	-0.08	1E-3
11154	555.6	-0.08	1E-3
11174	556.7	-0.08	1E-3
11194	557.5	-0.081	1E-3
11214	558.8	-0.081	1E-3
11235	559.5	-0.082	1E-3
11255	560.7	-0.082	1E-3
11275	561.7	-0.082	1E-3
11295	562.8	-0.083	1E-3
11315	563.8	-0.083	1E-3
11335	564.9	-0.084	1E-3
11355	566	-0.084	1E-3
11375	567	-0.084	1E-3
11395	568.2	-0.084	1E-3
11415	569.3	-0.085	1E-3
11435	570.5	-0.085	1E-3
11455	571.4	-0.086	1E-3
11475	572.6	-0.086	1E-3
11495	573.5	-0.087	1E-3
11515	574.7	-0.087	1E-3
11535	575.8	-0.087	1E-3
11555	576.8	-0.088	1E-3
11575	577.7	-0.088	1E-3
11595	578.7	-0.089	1E-3
11615	580.1	-0.089	1E-3
11635	580.8	-0.09	1E-3
11655	581.7	-0.09	1E-3
11675	583.1	-0.09	1E-3
11695	584	-0.091	1E-3
11715	585	-0.091	1E-3
11735	586.1	-0.092	1E-3
11755	587.1	-0.092	1E-3
11775	588.2	-0.093	1E-3
11795	589.4	-0.093	1E-3
11815	590.6	-0.093	1E-3
11835	591.3	-0.094	1E-3
11855	592.4	-0.094	1E-3
11875	593.6	-0.095	1E-3
11895	594.8	-0.095	1E-3
11915	596.1	-0.096	1E-3
11935	596.8	-0.096	1E-3
11955	598	-0.097	1E-3
11975	598.9	-0.097	1E-3
11995	600.1	-0.098	1E-3
12015	601	-0.098	1E-3
12035	602.3	-0.099	1E-3
12055	603	-0.099	1E-3
12075	604.1	-0.1	1E-3
12095	605.2	-0.101	1E-3
12115	606.4	-0.101	1E-3
12135	607.3	-0.102	1E-3
12155	608.3	-0.102	1E-3
12176	609.3	-0.103	1E-3
12196	610.6	-0.103	1E-3
12216	611.3	-0.104	1E-3
12236	612.5	-0.104	1E-3
12256	613.7	-0.105	1E-3
12276	614.4	-0.105	1E-3
12296	616	-0.106	1E-3
12316	616.9	-0.106	1E-3
12336	617.9	-0.107	1E-3
12356	619.2	-0.107	1E-3
12376	620	-0.108	1E-3
12396	621.4	-0.109	1E-3
12416	622.5	-0.109	1E-3
12436	623.3	-0.11	1E-3
12456	624.2	-0.111	1E-3
12476	625.3	-0.111	1E-3
12496	626.5	-0.112	1E-3
12516	627.6	-0.113	1E-3
12536	628.4	-0.113	1E-3
12556	629.5	-0.114	1E-3
12576	630.7	-0.114	1E-3
12596	631.6	-0.115	1E-3
12616	632.6	-0.115	1E-3
12636	633.7	-0.116	1E-3
12656	635.1	-0.116	1E-3
12676	635.6	-0.117	1E-3
12696	636.8	-0.118	1E-3
12716	637.9	-0.118	1E-3
12736	639.1	-0.119	1E-3
12756	640	-0.12	1E-3
12776	641.4	-0.121	1E-3
12796	642.3	-0.122	1E-3
12816	643.3	-0.122	1E-3
12836	644.5	-0.123	1E-3
12856	645.6	-0.124	1E-3
12876	646.5	-0.124	1E-3
12896	647.9	-0.125	1E-3
12917	648.9	-0.126	1E-3
12941	650	-0.127	1E-3
12961	651.2	-0.128	1E-3
12981	652.2	-0.128	1E-3
13001	653.1	-0.129	1E-3
13021	654.2	-0.13	1E-3
13041	655.2	-0.131	1E-3
13061	656.4	-0.132	1E-3
13081	657.3	-0.133	1E-3
13101	658.3	-0.133	1E-3
13122	659.2	-0.134	1E-3
13142	660.3	-0.135	1E-3
13162	661.5	-0.136	1E-3
13182	662.5	-0.137	1E-3
13202	663.6	-0.138	1E-3
13222	664.6	-0.139	1E-3
13242	665.7	-0.14	1E-3
13262	666.7	-0.141	1E-3
13282	667.6	-0.142	1E-3
13302	668.7	-0.143	1E-3
13322	669.7	-0.144	1E-3
13342	670.6	-0.145	1E-3
13362	671.8	-0.146	1E-3
13382	672.7	-0.147	1E-3
13402	673.8	-0.148	1E-3
13422	674.8	-0.149	1E-3
13442	675.8	-0.15	1E-3
13462	676.7	-0.152	1E-3
13482	677.8	-0.153	1E-3
13502	679.2	-0.154	1E-3
13522	680.2	-0.155	1E-3
13542	681.1	-0.156	1E-3
13562	682.3	-0.157	1E-3
13582	683.2	-0.158	1E-3
13602	684.1	-0.16	1E-3
13622	685.1	-0.161	1E-3
13642	686.4	-0.163	1E-3
13662	687.2	-0.164	1E-3
13682	688.6	-0.165	1E-3
13702	689.3	-0.167	1E-3
13722	690.4	-0.168	1E-3
13742	691.4	-0.17	1E-3
13762	692.8	-0.171	1E-3
13782	693.3	-0.173	1E-3
13802	694.6	-0.174	1E-3
13822	695.5	-0.176	1E-3
13842	696.3	-0.177	1E-3
13862	697.4	-0.179	1E-3
13882	698.3	-0.181	1E-3
13902	699.5	-0.183	1E-3
13922	700.7	-0.184	1E-3
13942	701.6	-0.186	1E-3
13962	702.6	-0.188	1E-3
13982	703.7	-0.19	1E-3
14002	704.5	-0.192	1E-3
14022	705.8	-0.194	1E-3
14042	706.5	-0.195	1E-3
14063	707.9	-0.197	1E-3
14083	708.8	-0.2	1E-3
14103	709.8	-0.202	1E-3
14123	710.8	-0.204	1E-3
14143	712.1	-0.206	1E-3
14163	713.1	-0.208	1E-3
14183	714	-0.211	1E-3
14203	715.2	-0.213	1E-3
14223	716.1	-0.215	1E-3
14243	717	-0.218	1E-3
14263	717.7	-0.22	1E-3
14283	718.9	-0.223	1E-3
14303	720	-0.225	1E-3
14323	721.2	-0.227	1E-3
14343	721.9	-0.23	1E-3
14363	723.1	-0.233	1E-3
14383	724	-0.236	1E-3
14403	725.2	-0.238	1E-3
14423	726.1	-0.241	1E-3
14443	727.1	-0.244	1E-3
14463	728.2	-0.247	1E-3
14483	729	-0.25	1E-3
14503	730.1	-0.253	1E-3
14523	731.3	-0.256	1E-3
14543	732.2	-0.259	1E-3
14563	733.4	-0.262	1E-3
14583	734.3	-0.265	1E-3
14603	735.5	-0.268	1E-3
14623	736.2	-0.272	1E-3
14643	737.3	-0.275	1E-3
14663	738.5	-0.278	1E-3
14683	739.4	-0.282	1E-3
14703	740.1	-0.285	1E-3
14723	741.1	-0.289	1E-3
14743	742.2	-0.292	1E-3
14764	743	-0.296	1E-3
14784	743.9	-0.3	1E-3
14804	745.3	-0.303	1E-3
14824	746.4	-0.307	1E-3
14844	747.3	-0.311	1E-3
14864	748.3	-0.315	1E-3
14884	749.4	-0.318	1E-3
14904	750.2	-0.322	1E-3
14924	751.3	-0.326	1E-3
14944	752.7	-0.33	1E-3
14964	753.6	-0.334	1E-3
14984	754.4	-0.338	1E-3
15004	755.7	-0.343	1E-3
15024	756.5	-0.346	1E-3
15044	757.6	-0.351	1E-3
15064	758.6	-0.355	1E-3
15084	759.7	-0.359	1E-3
15104	760.4	-0.363	1E-3
15124	761.8	-0.368	1E-3
15144	762.5	-0.372	1E-3
15164	763.5	-0.377	1E-3
15184	764.6	-0.382	1E-3
15204	765.5	-0.385	1E-3
15224	766.7	-0.39	1E-3
15244	767.7	-0.395	1E-3
15264	768.6	-0.399	1E-3
15284	769.5	-0.404	1E-3
15304	770.7	-0.409	1E-3
15324	771.4	-0.413	1E-3
15344	772.6	-0.418	1E-3
15364	773.7	-0.423	1E-3
15384	774.7	-0.427	1E-3
15404	775.8	-0.433	1E-3
15424	776.5	-0.437	1E-3
15444	777.9	-0.442	1E-3
15464	778.9	-0.447	1E-3
15484	779.6	-0.452	1E-3
15504	780.8	-0.457	1E-3
15524	781.5	-0.462	1E-3
15544	782.8	-0.467	1E-3
15564	783.8	-0.472	1E-3
15584	784.7	-0.476	1E-3
15605	785.6	-0.482	1E-3
15625	786.6	-0.487	1E-3
15645	787.5	-0.492	1E-3
15665	788.4	-0.497	1E-3
15685	789.6	-0.503	1E-3
15705	790.3	-0.508	1E-3
15725	791.4	-0.513	1E-3
15745	792.6	-0.517	1E-3
15765	793.6	-0.523	1E-3
15785	794.7	-0.528	1E-3
15805	795.5	-0.534	1E-3
15825	796.6	-0.539	1E-3
15845	797.5	-0.545	1E-3
15865	798.5	-0.55	1E-3
15885	799.6	-0.555	1E-3
15905	800.6	-0.56	1E-3
15925	801.7	-0.566	1E-3
15945	802.7	-0.571	1E-3
15965	803.6	-0.577	1E-3
15985	804.5	-0.583	1E-3
16005	805.4	-0.587	1E-3
16025	806.6	-0.593	1E-3
16045	807.5	-0.598	1E-3
16065	808.3	-0.604	1E-3
16085	809.2	-0.61	1E-3
16105	810.3	-0.615	1E-3
16125	811.5	-0.621	1E-3
16145	812.5	-0.626	1E-3
16165	813.4	-0.632	1E-3
16185	814.5	-0.636	1E-3
16205	815.5	-0.642	1E-3
16225	816.7	-0.648	1E-3
16245	817.4	-0.653	1E-3
16265	818.6	-0.659	1E-3
16285	819.7	-0.665	1E-3
16305	820.4	-0.671	1E-3
16325	821.4	-0.676	1E-3
16345	822.7	-0.681	1E-3
16365	823.7	-0.687	1E-3
16385	824.8	-0.693	1E-3
16405	825.5	-0.698	1E-3
16425	826.5	-0.704	1E-3
16445	827.6	-0.709	1E-3
16465	828.5	-0.715	1E-3
16485	829.5	-0.72	1E-3
16505	830.4	-0.726	1E-3
16525	831.4	-0.731	1E-3
16546	832.3	-0.737	1E-3
16570	833.9	-0.744	1E-3
16590	834.8	-0.75	1E-3
16610	835.6	-0.755	1E-3
16631	836.7	-0.76	1E-3
16651	837.7	-0.766	1E-3
16671	838.8	-0.771	1E-3
16691	839.8	-0.777	1E-3
16711	840.7	-0.783	1E-3
16731	841.4	-0.788	1E-3
16751	842.8	-0.794	1E-3
16771	843.7	-0.798	1E-3
16791	844.9	-0.804	1E-3
16811	845.6	-0.81	1E-3
16831	847	-0.815	1E-3
16851	847.5	-0.821	1E-3
16871	848.8	-0.826	1E-3
16891	849.8	-0.832	1E-3
16911	850.7	-0.837	1E-3
16931	851.9	-0.843	1E-3
16951	852.8	-0.848	1E-3
16971	853.7	-0.854	1E-3
16991	854.9	-0.859	1E-3
17011	855.4	-0.865	1E-3
17031	856.8	-0.87	1E-3
17051	857.7	-0.875	1E-3
17071	858.6	-0.88	1E-3
17091	859.6	-0.886	1E-3
17111	860.7	-0.891	1E-3
17131	861.7	-0.896	1E-3
17151	862.8	-0.902	1E-3
17171	863.5	-0.907	1E-3
17191	864.8	-0.913	1E-3
17211	865.7	-0.918	1E-3
17231	866.8	-0.923	1E-3
17251	868	-0.929	1E-3
17271	869	-0.934	1E-3
17291	870.3	-0.939	1E-3
17311	871.1	-0.944	1E-3
17331	872	-0.95	1E-3
17351	873.3	-0.955	1E-3
17371	874	-0.96	1E-3
17391	874.8	-0.965	1E-3
17412	876.1	-0.971	1E-3
17432	876.9	-0.976	1E-3
17452	878	-0.981	1E-3
17472	879	-0.986	1E-3
17492	880.1	-0.992	1E-3
17512	881.1	-0.996	1E-3
17532	882	-1.002	1E-3
17552	883.2	-1.007	1E-3
17572	884.1	-1.012	1E-3
17592	885.3	-1.017	1E-3
17612	886.2	-1.023	1E-3
17632	887.1	-1.028	1E-3
17652	888.1	-1.033	1E-3
17672	889.2	-1.037	1E-3
17692	890.2	-1.043	1E-3
17712	891.1	-1.048	1E-3
17732	892	-1.053	1E-3
17752	893	-1.058	1E-3
17772	894.2	-1.063	1E-3
17792	895.1	-1.068	1E-3
17812	896	-1.073	1E-3
17832	897	-1.077	1E-3
17852	898.1	-1.083	1E-3
17872	898.8	-1.088	1E-3
17892	900	-1.093	1E-3
17912	900.9	-1.097	1E-3
17932	902.1	-1.103	1E-3
17952	903.2	-1.107	1E-3
17972	903.9	-1.113	1E-3
17992	905.1	-1.117	1E-3
18013	906.1	-1.122	1E-3
18033	907.2	-1.127	1E-3
18053	908.1	-1.132	1E-3
18073	909.1	-1.137	1E-3
18093	910.2	-1.142	1E-3
18113	911.2	-1.146	1E-3
18133	912.1	-1.152	1E-3
18153	913.1	-1.156	1E-3
18173	914.2	-1.16	1E-3
18193	915.1	-1.165	1E-3
18213	916.3	-1.17	1E-3
18233	917.2	-1.175	1E-3
18253	918	-1.18	1E-3
18273	919.4	-1.184	1E-3
18293	920.1	-1.189	1E-3
18313	921	-1.194	1E-3
18333	922.3	-1.198	1E-3
18353	923.1	-1.203	1E-3
18373	924	-1.207	1E-3
18393	925.2	-1.212	1E-3
18413	926.1	-1.217	1E-3
18433	927.3	-1.222	1E-3
18453	928.4	-1.226	1E-3
18473	929.2	-1.231	1E-3
18493	930.5	-1.235	1E-3
18513	931.2	-1.239	1E-3
18533	932.4	-1.244	1E-3
18553	933.3	-1.249	1E-3
18573	934.3	-1.253	1E-3
18593	935.2	-1.258	1E-3
18613	936.4	-1.263	1E-3
18633	937.1	-1.267	1E-3
18654	938.3	-1.271	1E-3
18678	939.4	-1.276	1E-3
18698	940.6	-1.281	1E-3
18719	941.7	-1.285	1E-3
18739	942.2	-1.29	1E-3
18759	943.4	-1.294	1E-3
18779	944.3	-1.299	1E-3
18799	945.3	-1.303	1E-3
18819	946.6	-1.307	1E-3
18839	947.5	-1.312	1E-3
18859	948.3	-1.316	1E-3
18879	949.4	-1.32	1E-3
18899	950.6	-1.325	1E-3
18919	951.6	-1.329	1E-3
18939	952.5	-1.334	1E-3
18959	953.6	-1.338	1E-3
18979	954.5	-1.343	1E-3
18999	955.7	-1.346	1E-3
19019	956.9	-1.351	1E-3
19039	957.8	-1.355	1E-3
19059	958.5	-1.359	1E-3
19079	959.7	-1.364	1E-3
19099	960.9	-1.368	1E-3
19119	961.4	-1.373	1E-3
19139	962.7	-1.377	1E-3
19159	963.7	-1.381	1E-3
19179	964.4	-1.385	1E-3
19199	965.5	-1.389	1E-3
19219	966.5	-1.394	1E-3
19239	967.4	-1.397	1E-3
19259	968.4	-1.402	1E-3
19279	969.5	-1.406	1E-3
19299	970.7	-1.41	1E-3
19319	971.6	-1.414	1E-3
19339	972.7	-1.419	1E-3
19359	973.5	-1.423	1E-3
19379	974.4	-1.427	1E-3
19399	975.8	-1.431	1E-3
19419	976.8	-1.435	1E-3
19439	977.9	-1.439	1E-3
19459	978.9	-1.443	1E-3
19479	980	-1.448	1E-3
19499	981.1	-1.452	1E-3
19519	982.1	-1.456	1E-3
19539	983.2	-1.461	1E-3
19559	984	-1.464	1E-3
19579	985.1	-1.469	1E-3
19599	986.1	-1.473	1E-3
19619	987	-1.476	1E-3
19639	988	-1.481	1E-3
19659	988.9	-1.485	1E-3
19679	990	-1.489	1E-3
19699	990.9	-1.493	1E-3
19719	991.7	-1.497	1E-3
19739	993	-1.502	1E-3
19759	994	-1.505	1E-3
19779	995.2	-1.509	1E-3
19799	995.9	-1.514	1E-3
19819	997.2	-1.517	1E-3
19839	998.2	-1.521	1E-3
19859	999.1	-1.525	1E-3
19880	1000.3	-1.53	1E-3
19900	1001.2	-1.534	1E-3
19920	1002	-1.538	1E-3
19940	1003.1	-1.542	1E-3
19960	1004.3	-1.546	1E-3
19980	1005.4	-1.55	1E-3
20000	1006.3	-1.554	1E-3
20020	1007.3	-1.557	1E-3
20040	1008.2	-1.562	1E-3
20060	1009.4	-1.566	1E-3
20080	1010.1	-1.57	1E-3
20100	1011.1	-1.574	1E-3
20120	1012	-1.578	1E-3
20140	1013.1	-1.582	1E-3
20160	1013.8	-1.586	1E-3
20180	1015.4	-1.59	1E-3
20200	1016.1	-1.594	1E-3
20220	1017.1	-1.597	1E-3
20240	1018.5	-1.601	1E-3
20260	1019.5	-1.605	1E-3
20280	1020.4	-1.61	1E-3
20300	1021.3	-1.613	1E-3
20320	1022.7	-1.617	1E-3
20340	1023.4	-1.622	1E-3
20360	1024.3	-1.625	1E-3
20380	1025.5	-1.629	1E-3
20400	1026.4	-1.633	1E-3
20420	1027.6	-1.636	1E-3
20440	1028.3	-1.64	1E-3
20460	1029.7	-1.644	1E-3
20480	1030.4	-1.648	1E-3
20500	1031.4	-1.652	1E-3
20520	1032.3	-1.656	1E-3
20540	1033.4	-1.66	1E-3
20560	1034.4	-1.664	1E-3
20580	1035.1	-1.667	1E-3
20600	1036.4	-1.672	1E-3
20620	1037.4	-1.675	1E-3
20641	1038.3	-1.678	1E-3
20661	1039.5	-1.683	1E-3
20681	1040.5	-1.686	1E-3
20701	1041.3	-1.69	1E-3
20721	1042.3	-1.694	1E-3
20741	1043.5	-1.698	1E-3
20761	1044.6	-1.702	1E-3
20781	1045.6	-1.705	1E-3
20801	1046.5	-1.709	1E-3
20821	1047.6	-1.713	1E-3
20841	1048.4	-1.716	1E-3
20861	1049.7	-1.72	1E-3
20881	1050.7	-1.724	1E-3
20901	1052.1	-1.728	1E-3
20921	1052.8	-1.732	1E-3
20941	1053.7	-1.735	1E-3
20961	1054.5	-1.739	1E-3
20981	1055.6	-1.743	1E-3
21001	1056.3	-1.746	1E-3
21021	1057.5	-1.75	1E-3
21041	1058.6	-1.754	1E-3
21061	1059.5	-1.756	1E-3
21081	1060.5	-1.76	1E-3
21101	1061.5	-1.764	1E-3
21121	1062.4	-1.768	1E-3
21141	1063.3	-1.771	1E-3
21161	1064.5	-1.774	1E-3
21181	1065.6	-1.778	1E-3
21201	1066.8	-1.782	1E-3
21221	1067.7	-1.785	1E-3
21241	1068.9	-1.789	1E-3
21261	1069.8	-1.792	1E-3
21281	1070.7	-1.795	1E-3
21301	1071.9	-1.799	1E-3
21321	1072.9	-1.803	1E-3
21341	1074.2	-1.806	1E-3
21361	1074.8	-1.81	1E-3
21381	1075.9	-1.813	1E-3
21401	1077	-1.816	1E-3
21422	1077.8	-1.82	1E-3
21442	1078.7	-1.823	1E-3
21462	1079.8	-1.826	1E-3
21482	1080.6	-1.83	1E-3
21502	1081.7	-1.834	1E-3
21522	1082.7	-1.836	1E-3
21542	1083.6	-1.84	1E-3
21562	1084.8	-1.843	1E-3
21582	1085.9	-1.847	1E-3
21602	1086.9	-1.85	1E-3
21622	1088	-1.853	1E-3
21642	1089	-1.857	1E-3
21662	1090.1	-1.86	1E-3
21682	1091.1	-1.864	1E-3
21702	1092.5	-1.866	1E-3
21722	1093.2	-1.87	1E-3
21742	1094.3	-1.873	1E-3
21762	1095.5	-1.876	1E-3
21782	1096.4	-1.879	1E-3
21802	1097.3	-1.883	1E-3
21822	1098.1	-1.886	1E-3
21842	1099.3	-1.89	1E-3
21862	1100.4	-1.893	1E-3
21882	1101.1	-1.896	1E-3
21902	1102.2	-1.899	1E-3
21922	1103.2	-1.902	1E-3
21942	1104.3	-1.905	1E-3
21962	1105.1	-1.908	1E-3
21982	1106.5	-1.912	1E-3
22003	1107.6	-1.914	1E-3
22027	1108.6	-1.918	1E-3
22047	1110	-1.921	1E-3
22067	1111.1	-1.924	1E-3
22087	1111.9	-1.927	1E-3
22108	1113.2	-1.93	1E-3
22128	1114.1	-1.934	1E-3
22148	1115.3	-1.936	1E-3
22168	1116.3	-1.94	1E-3
22188	1117	-1.943	1E-3
22208	1118.1	-1.945	1E-3
22228	1119.1	-1.949	1E-3
22248	1120	-1.952	1E-3
22268	1121	-1.954	1E-3
22288	1122.1	-1.957	1E-3
22308	1123	-1.96	1E-3
22328	1124.2	-1.963	1E-3
22348	1125.1	-1.966	1E-3
22368	1126.1	-1.969	1E-3
22388	1127.2	-1.972	1E-3
22408	1128.4	-1.975	1E-3
22429	1129.3	-1.978	1E-3
22449	1130.3	-1.981	1E-3
22469	1131.4	-1.984	1E-3
22489	1132.4	-1.986	1E-3
22509	1133.5	-1.99	1E-3
22529	1134.3	-1.993	1E-3
22549	1135.4	-1.995	1E-3
22569	1136.4	-1.997	1E-3
22589	1137.3	-2	1E-3
22609	1138.5	-2.003	1E-3
22629	1139.4	-2.006	1E-3
22649	1140.5	-2.009	1E-3
22669	1141.5	-2.012	1E-3
22689	1142.4	-2.015	1E-3
22709	1143.3	-2.017	1E-3
22729	1144.1	-2.021	1E-3
22749	1145.4	-2.023	1E-3
22769	1146.3	-2.025	1E-3
22789	1147.7	-2.028	1E-3
22809	1148.4	-2.031	1E-3
22829	1149.4	-2.034	1E-3
22849	1150.4	-2.036	1E-3
22869	1151.5	-2.039	1E-3
22889	1152.9	-2.042	1E-3
22909	1153.6	-2.044	1E-3
22929	1154.7	-2.047	1E-3
22949	1155.9	-2.05	1E-3
22969	1156.9	-2.053	1E-3
22989	1157.8	-2.055	1E-3
23009	1158.7	-2.058	1E-3
23029	1159.7	-2.061	1E-3
23049	1160.8	-2.063	1E-3
23069	1161.7	-2.065	1E-3
23089	1162.7	-2.068	1E-3
23109	1163.9	-2.071	1E-3
23129	1164.6	-2.073	1E-3
23150	1165.7	-2.075	1E-3
23170	1166.7	-2.078	1E-3
23190	1167.8	-2.08	1E-3
23210	1168.8	-2.083	1E-3
23230	1169.9	-2.086	1E-3
23250	1170.9	-2.088	1E-3
23270	1172	-2.091	1E-3
23290	1173	-2.093	1E-3
23310	1174.1	-2.095	1E-3
23330	1175	-2.098	1E-3
23350	1176.4	-2.101	1E-3
23370	1177.4	-2.103	1E-3
23390	1178.4	-2.105	1E-3
23410	1179.3	-2.107	1E-3
23430	1180.2	-2.11	1E-3
23450	1181.4	-2.113	1E-3
23470	1182.5	-2.115	1E-3
23490	1183.4	-2.117	1E-3
23510	1184.2	-2.119	1E-3
23530	1185.3	-2.121	1E-3
23550	1186.3	-2.124	1E-3
23570	1187.2	-2.126	1E-3
23590	1188.4	-2.128	1E-3
23610	1189.7	-2.131	1E-3
23630	1190.7	-2.133	1E-3
23650	1191.4	-2.135	1E-3
23670	1192.6	-2.137	1E-3
23690	1193.7	-2.14	1E-3
23710	1194.9	-2.142	1E-3
23730	1195.8	-2.144	1E-3
23750	1196.7	-2.146	1E-3
23770	1197.9	-2.148	1E-3
23790	1198.8	-2.151	1E-3
23810	1199.8	-2.153	1E-3
23830	1201	-2.155	1E-3
23850	1202.1	-2.156	1E-3
23870	1203.3	-2.159	1E-3
23890	1204	-2.161	1E-3
23910	1205.4	-2.163	1E-3
23930	1206.3	-2.165	1E-3
23950	1207.2	-2.167	1E-3
23970	1208.2	-2.169	1E-3
23990	1209.1	-2.171	1E-3
24010	1210.3	-2.173	1E-3
24030	1211.2	-2.175	1E-3
24050	1212.1	-2.178	1E-3
24070	1213.3	-2.18	1E-3
24091	1214.1	-2.182	1E-3
24111	1215.4	-2.183	1E-3
24131	1216.1	-2.185	1E-3
24151	1217.3	-2.187	1E-3
24171	1218.3	-2.189	1E-3
24191	1219.4	-2.191	1E-3
24211	1220.6	-2.193	1E-3
24231	1221.5	-2.195	1E-3
24251	1222.6	-2.196	1E-3
24271	1223.6	-2.198	1E-3
24291	1224.7	-2.2	1E-3
24311	1225.7	-2.202	1E-3
24331	1226.6	-2.204	1E-3
24351	1227.6	-2.206	1E-3
24371	1228.7	-2.207	1E-3
24391	1229.7	-2.209	1E-3
24411	1230.6	-2.211	1E-3
24431	1231.6	-2.213	1E-3
24451	1232.3	-2.215	1E-3
24471	1233.6	-2.216	1E-3
24491	1234.6	-2.218	1E-3
24511	1235.8	-2.22	1E-3
24531	1236.9	-2.222	1E-3
24551	1237.8	-2.223	1E-3
24571	1239	-2.225	1E-3
24591	1239.9	-2.226	1E-3
24611	1240.9	-2.228	1E-3
24631	1242	-2.23	1E-3
24651	1243	-2.232	1E-3
24671	1244.1	-2.233	1E-3
24692	1244.9	-2.234	1E-3
24712	1246.2	-2.236	1E-3
24732	1247.2	-2.237	1E-3
24752	1248.4	-2.239	1E-3
24772	1249.3	-2.241	1E-3
24792	1250.4	-2.242	1E-3
24812	1251.1	-2.244	1E-3
24832	1252.3	-2.245	1E-3
24852	1253.4	-2.247	1E-3
24872	1254.2	-2.248	1E-3
24892	1255.4	-2.25	1E-3
24912	1256.3	-2.252	1E-3
24932	1257.4	-2.253	1E-3
24952	1258.4	-2.254	1E-3
24972	1259.5	-2.256	1E-3
24992	1260.3	-2.257	1E-3
25012	1261.4	-2.259	1E-3
25032	1262.3	-2.261	1E-3
25052	1263.7	-2.262	1E-3
25072	1264.7	-2.263	1E-3
25092	1265.6	-2.265	1E-3
25112	1266.5	-2.266	1E-3
25132	1267.9	-2.267	1E-3
25152	1268.6	-2.269	1E-3
25172	1269.8	-2.27	1E-3
25192	1270.7	-2.272	1E-3
25212	1271.9	-2.273	1E-3
25232	1273.3	-2.274	1E-3
25252	1273.7	-2.275	1E-3
25272	1274.9	-2.276	1E-3
25292	1275.9	-2.277	1E-3
25312	1277	-2.279	1E-3
25332	1278	-2.28	1E-3
25353	1279.1	-2.282	1E-3
25377	1280.1	-2.283	1E-3
25398	1281.4	-2.284	1E-3
25418	1282.2	-2.286	1E-3
25438	1283.4	-2.287	1E-3
25458	1284.5	-2.288	1E-3
25478	1285.2	-2.29	1E-3
25498	1286.4	-2.291	1E-3
25518	1287.7	-2.292	1E-3
25538	1288.7	-2.293	1E-3
25558	1289.8	-2.294	1E-3
25578	1290.4	-2.295	1E-3
25598	1291.5	-2.297	1E-3
25618	1292.7	-2.298	1E-3
25638	1293.6	-2.299	1E-3
25658	1294.8	-2.301	1E-3
25678	1295.9	-2.302	1E-3
25698	1296.8	-2.303	1E-3
25718	1298	-2.304	1E-3
25738	1298.8	-2.305	1E-3
25758	1299.7	-2.306	1E-3
25778	1300.8	-2.307	1E-3
25798	1302	-2.308	1E-3
25818	1302.9	-2.309	1E-3
25838	1303.9	-2.31	1E-3
25858	1305	-2.312	1E-3
25878	1305.7	-2.312	1E-3
25898	1307.1	-2.313	1E-3
25918	1307.9	-2.314	1E-3
25938	1309	-2.315	1E-3
25958	1310.2	-2.316	1E-3
25978	1311.1	-2.317	1E-3
25998	1312.2	-2.318	1E-3
26018	1313	-2.319	1E-3
26038	1314.1	-2.32	1E-3
26058	1315.1	-2.321	1E-3
26079	1316	-2.322	1E-3
26099	1317.4	-2.323	1E-3
26119	1318.4	-2.324	1E-3
26139	1319.7	-2.325	1E-3
26159	1320.5	-2.326	1E-3
26179	1321.6	-2.327	1E-3
26199	1322.5	-2.328	1E-3
26219	1323.3	-2.329	1E-3
26239	1324.4	-2.33	1E-3
26259	1325.6	-2.331	1E-3
26279	1326.5	-2.332	1E-3
26299	1327.4	-2.333	1E-3
26319	1328.4	-2.333	1E-3
26339	1329.7	-2.334	1E-3
26359	1330.7	-2.335	1E-3
26379	1331.6	-2.336	1E-3
26399	1332.8	-2.337	1E-3
26419	1333.8	-2.338	1E-3
26439	1334.7	-2.339	1E-3
26459	1335.8	-2.34	1E-3
26479	1337	-2.341	1E-3
26499	1338	-2.342	1E-3
26519	1338.9	-2.342	1E-3
26539	1340.2	-2.343	1E-3
26559	1341	-2.344	1E-3
26579	1341.9	-2.344	1E-3
26599	1342.9	-2.345	1E-3
26619	1343.6	-2.346	1E-3
26639	1345	-2.346	1E-3
26659	1345.9	-2.347	1E-3
26679	1346.8	-2.348	1E-3
26699	1348	-2.349	1E-3
26720	1349.1	-2.35	1E-3
26740	1349.8	-2.351	1E-3
26760	1350.8	-2.351	1E-3
26780	1351.9	-2.352	1E-3
26800	1353.1	-2.353	1E-3
26820	1354	-2.354	1E-3
26840	1355.2	-2.354	1E-3
26860	1356.1	-2.355	1E-3
26880	1357.1	-2.355	1E-3
26900	1358.4	-2.356	1E-3
26920	1359.2	-2.356	1E-3
26940	1360.1	-2.357	1E-3
26960	1361.3	-2.358	1E-3
26980	1362.2	-2.358	1E-3
27000	1363.3	-2.359	1E-3
27020	1364.3	-2.36	1E-3
27040	1365.2	-2.361	1E-3
27060	1366.4	-2.361	1E-3
27080	1367.3	-2.362	1E-3
27100	1368.2	-2.363	1E-3
27120	1369.2	-2.363	1E-3
27140	1370.1	-2.364	1E-3
27160	1370.9	-2.364	1E-3
27180	1372.2	-2.365	1E-3
27200	1373.1	-2.366	1E-3
27220	1374.3	-2.366	1E-3
27240	1375.3	-2.367	1E-3
27260	1376	-2.368	1E-3
27280	1377.1	-2.368	1E-3
27300	1378.3	-2.369	1E-3
27320	1379.3	-2.369	1E-3
27340	1380.6	-2.37	1E-3
27360	1381.5	-2.371	1E-3
27380	1382.3	-2.371	1E-3
27400	1383.2	-2.372	1E-3
27420	1384.3	-2.372	1E-3
27440	1385.1	-2.373	1E-3
27460	1386.5	-2.373	1E-3
27480	1387.4	-2.374	1E-3
27500	1388.4	-2.374	1E-3
27520	1389.3	-2.375	1E-3
27540	1390.4	-2.375	1E-3
27560	1391.4	-2.376	1E-3
27580	1392.3	-2.376	1E-3
27600	1393.2	-2.377	1E-3
27656	1386.7	-2.381	1E-3
27676	1391.4	-2.379	1E-3
27696	1391.1	-2.38	1E-3
27716	1389	-2.381	1E-3
27736	1385.5	-2.382	1E-3
27756	1381.6	-2.383	1E-3
27776	1376.9	-2.383	1E-3
27796	1372	-2.384	1E-3
27816	1366.4	-2.384	1E-3
27836	1360.8	-2.384	1E-3
27856	1354.8	-2.384	1E-3
27876	1348.9	-2.384	1E-3
27896	1342.9	-2.385	1E-3
27916	1336.8	-2.385	1E-3
27936	1330.3	-2.385	1E-3
27956	1324.4	-2.386	1E-3
27976	1318.1	-2.386	1E-3
27996	1311.8	-2.386	1E-3
28016	1305.2	-2.386	1E-3
28036	1299	-2.387	1E-3
28056	1292.7	-2.387	1E-3
28076	1286.6	-2.387	1E-3
28096	1280.1	-2.388	1E-3
28116	1274	-2.388	1E-3
28136	1267.7	-2.388	1E-3
28156	1261.2	-2.389	1E-3
28176	1255.3	-2.389	1E-3
28196	1249	-2.389	1E-3
28216	1242.7	-2.39	1E-3
28236	1236.2	-2.39	1E-3
28256	1230.8	-2.391	1E-3
28276	1224.1	-2.391	1E-3
28296	1217.7	-2.391	1E-3
28316	1211.9	-2.392	1E-3
28336	1205.8	-2.392	1E-3
28356	1199.6	-2.392	1E-3
28376	1193.2	-2.392	1E-3
28396	1187.2	-2.393	1E-3
28416	1181.1	-2.393	1E-3
28436	1175	-2.393	1E-3
28456	1168.7	-2.394	1E-3
28476	1162.5	-2.394	1E-3
28496	1156.8	-2.394	1E-3
28516	1150.3	-2.394	1E-3
28536	1144.5	-2.395	1E-3
28557	1138.4	-2.395	1E-3
28577	1132.4	-2.395	1E-3
28597	1126.6	-2.395	1E-3
28617	1120.5	-2.396	1E-3
28637	1114.6	-2.396	1E-3
28657	1108.5	-2.396	1E-3
28677	1102.5	-2.396	1E-3
28697	1096.2	-2.397	1E-3
28717	1090.3	-2.397	1E-3
28737	1084.1	-2.397	1E-3
28757	1078.2	-2.398	1E-3
28777	1072.6	-2.398	1E-3
28797	1066.4	-2.398	1E-3
28817	1060.8	-2.399	1E-3
28837	1055.3	-2.399	1E-3
28857	1049.5	-2.399	1E-3
28877	1044.2	-2.399	1E-3
28897	1038.6	-2.4	1E-3
28917	1033.4	-2.4	1E-3
28937	1027.8	-2.4	1E-3
28957	1022.7	-2.401	1E-3
28977	1017.6	-2.401	1E-3
28997	1012.7	-2.401	1E-3
29017	1007.5	-2.402	1E-3
29037	1002.6	-2.402	1E-3
29057	997.9	-2.402	1E-3
29077	993	-2.402	1E-3
29097	988.4	-2.403	1E-3
29117	983.5	-2.403	1E-3
29137	978.6	-2.403	1E-3
29157	973.7	-2.404	1E-3
29178	969.1	-2.404	1E-3
29198	965	-2.404	1E-3
29218	960.2	-2.404	1E-3
29238	955.7	-2.405	1E-3
29258	951	-2.405	1E-3
29278	946.6	-2.405	1E-3
29298	942.6	-2.406	1E-3
29318	938.3	-2.406	1E-3
29338	934.2	-2.406	1E-3
29358	929.8	-2.406	1E-3
29378	925.6	-2.407	1E-3
29398	921.7	-2.407	1E-3
29418	917.5	-2.407	1E-3
29438	913.5	-2.407	1E-3
29458	909.5	-2.408	1E-3
29478	905.6	-2.408	1E-3
29498	901.4	-2.408	1E-3
29518	897.8	-2.409	1E-3
29538	894.1	-2.409	1E-3
29558	889.9	-2.409	1E-3
29578	886.2	-2.41	1E-3
29598	882.3	-2.41	1E-3
29618	878.9	-2.41	1E-3
29638	875.2	-2.41	1E-3
29658	871.3	-2.411	1E-3
29678	867.7	-2.411	1E-3
29698	863.8	-2.411	1E-3
29718	860.3	-2.412	1E-3
29738	856.5	-2.412	1E-3
29758	853	-2.412	1E-3
29778	849.5	-2.412	1E-3
29798	846.1	-2.413	1E-3
29818	842.4	-2.413	1E-3
29838	839.3	-2.413	1E-3
29859	835.5	-2.413	1E-3
29879	832	-2.414	1E-3
29899	829	-2.414	1E-3
29919	825.3	-2.414	1E-3
29939	822	-2.415	1E-3
29959	818.8	-2.415	1E-3
29979	815.3	-2.415	1E-3
29999	812.2	-2.415	1E-3
30019	808.9	-2.415	1E-3
30039	805.9	-2.416	1E-3
30059	802.7	-2.416	1E-3
30079	799.4	-2.416	1E-3
30099	796.3	-2.417	1E-3
30119	793.3	-2.417	1E-3
30139	789.9	-2.417	1E-3
30159	787	-2.418	1E-3
30179	783.6	-2.418	1E-3
30199	781	-2.418	1E-3
30219	778.2	-2.418	1E-3
30239	774.9	-2.419	1E-3
30259	771.8	-2.419	1E-3
30279	768.8	-2.419	1E-3
30299	765.8	-2.42	1E-3
30319	762.7	-2.42	1E-3
30339	759.8	-2.42	1E-3
30359	757.2	-2.42	1E-3
30379	754.3	-2.421	1E-3
30399	751.1	-2.421	1E-3
30419	748.1	-2.421	1E-3
30439	745.2	-2.421	1E-3
30459	742.2	-2.422	1E-3
30479	739.4	-2.422	1E-3
30499	736.6	-2.422	1E-3
30519	733.9	-2.422	1E-3
30539	731.1	-2.422	1E-3
30559	728.3	-2.423	1E-3
30579	725.4	-2.423	1E-3
30599	722.8	-2.423	1E-3
30619	720	-2.423	1E-3
30639	717.1	-2.423	1E-3
30659	714.5	-2.424	1E-3
30680	711.7	-2.424	1E-3
30700	709.3	-2.424	1E-3
30720	706.7	-2.424	1E-3
30740	703.9	-2.424	1E-3
30760	701.2	-2.425	1E-3
30780	698.6	-2.425	1E-3
30800	696	-2.425	1E-3
30820	693.3	-2.425	1E-3
30840	690.7	-2.425	1E-3
30860	688.1	-2.425	1E-3
30880	685.8	-2.426	1E-3
30900	683.2	-2.426	1E-3
30920	680.9	-2.426	1E-3
30940	678.3	-2.426	1E-3
30960	675.7	-2.427	1E-3
30980	673.2	-2.427	1E-3
31000	670.8	-2.427	1E-3
31020	668.1	-2.427	1E-3
31040	665.9	-2.427	1E-3
31060	663.4	-2.428	1E-3
31080	661.1	-2.428	1E-3
31100	658.7	-2.428	1E-3
31120	656.3	-2.428	1E-3
31140	653.8	-2.428	1E-3
31160	651.4	-2.429	1E-3
31180	648.9	-2.429	1E-3
31200	646.3	-2.429	1E-3
31220	643.8	-2.429	1E-3
31240	641.5	-2.43	1E-3
31260	639.3	-2.43	1E-3
31280	637	-2.43	1E-3
31300	634.5	-2.43	1E-3
31320	632.3	-2.431	1E-3
31340	630	-2.431	1E-3
31360	627.6	-2.431	1E-3
31380	625.1	-2.431	1E-3
31400	622.8	-2.431	1E-3
31420	620.5	-2.432	1E-3
31440	618.3	-2.432	1E-3
31461	616	-2.432	1E-3
31481	613.9	-2.432	1E-3
31501	611.8	-2.432	1E-3
31521	609.3	-2.433	1E-3
31541	607.1	-2.433	1E-3
31581	602.3	-2.433	1E-3
31601	600.3	-2.433	1E-3
31621	598	-2.433	1E-3
31641	595.9	-2.434	1E-3
31661	593.4	-2.434	1E-3
31681	591.3	-2.434	1E-3
31701	589.2	-2.434	1E-3
31721	587.1	-2.434	1E-3
31741	585	-2.434	1E-3
31761	582.9	-2.434	1E-3
31781	581	-2.434	1E-3
31801	578.7	-2.435	1E-3
31821	576.6	-2.435	1E-3
31841	574.5	-2.435	1E-3
31861	572.4	-2.435	1E-3
31881	570.3	-2.435	1E-3
31901	568.2	-2.435	1E-3
31921	566.1	-2.435	1E-3
31941	564.4	-2.436	1E-3
31961	562.4	-2.436	1E-3
31981	560.3	-2.436	1E-3
32001	558.1	-2.436	1E-3
32021	556.3	-2.436	1E-3
32041	554.2	-2.436	1E-3
32061	552.3	-2.436	1E-3
32082	550	-2.437	1E-3
32106	547.6	-2.437	1E-3
32127	545.5	-2.437	1E-3
32147	543.4	-2.437	1E-3
32167	541.5	-2.437	1E-3
32187	539.5	-2.438	1E-3
32207	537.6	-2.438	1E-3
32227	535.7	-2.438	1E-3
32247	533.8	-2.438	1E-3
32267	531.6	-2.438	1E-3
32287	529.7	-2.438	1E-3
32307	527.6	-2.439	1E-3
32327	525.7	-2.439	1E-3
32347	523.8	-2.439	1E-3
32367	521.7	-2.439	1E-3
32387	519.9	-2.439	1E-3
32407	518	-2.439	1E-3
32427	515.9	-2.44	1E-3
32447	514.3	-2.44	1E-3
32467	512.6	-2.44	1E-3
32487	510.5	-2.44	1E-3
32507	508.7	-2.44	1E-3
32527	506.8	-2.44	1E-3
32547	504.7	-2.441	1E-3
32567	503	-2.441	1E-3
32587	501	-2.441	1E-3
32607	499.3	-2.441	1E-3
32627	497.2	-2.441	1E-3
32647	495.3	-2.442	1E-3
32667	493.8	-2.442	1E-3
32687	492.1	-2.442	1E-3
32707	490.2	-2.442	1E-3
32727	488.4	-2.442	1E-3
32748	487	-2.442	1E-3
32773	484.6	-2.443	1E-3
32797	482.1	-2.443	1E-3
32818	480.4	-2.443	1E-3
32838	478.6	-2.443	1E-3
32858	476.7	-2.443	1E-3
32878	474.8	-2.443	1E-3
32898	473.4	-2.443	1E-3
32918	471.5	-2.444	1E-3
32938	470.1	-2.444	1E-3
32958	468.1	-2.444	1E-3
32978	466.2	-2.444	1E-3
32998	464.6	-2.444	1E-3
33018	463.2	-2.444	1E-3
33038	461.6	-2.444	1E-3
33058	459.7	-2.444	1E-3
33078	458.1	-2.445	1E-3
33098	456.4	-2.445	1E-3
33118	454.8	-2.445	1E-3
33138	453.1	-2.445	1E-3
33158	451.3	-2.445	1E-3
33178	449.8	-2.445	1E-3
33198	448.2	-2.445	1E-3
33218	446.4	-2.445	1E-3
33238	444.9	-2.446	1E-3
33258	443.3	-2.446	1E-3
33278	441.5	-2.446	1E-3
33298	440.1	-2.446	1E-3
33318	438.4	-2.446	1E-3
33338	437	-2.446	1E-3
33358	435.2	-2.446	1E-3
33378	433.8	-2.447	1E-3
33398	432.1	-2.447	1E-3
33418	430.3	-2.447	1E-3
33438	428.8	-2.447	1E-3
33458	427	-2.447	1E-3
33478	425.6	-2.447	1E-3
33498	423.8	-2.447	1E-3
33518	422.3	-2.447	1E-3
33538	420.7	-2.448	1E-3
33558	419.1	-2.448	1E-3
33578	417.5	-2.448	1E-3
33598	416	-2.448	1E-3
33618	414.6	-2.448	1E-3
33638	413	-2.448	1E-3
33658	411.6	-2.448	1E-3
33678	410	-2.449	1E-3
33698	408.6	-2.449	1E-3
33718	407.1	-2.449	1E-3
33738	405.5	-2.449	1E-3
33759	403.9	-2.449	1E-3
33779	402.5	-2.449	1E-3
33799	400.9	-2.449	1E-3
33819	399.4	-2.45	1E-3
33839	397.8	-2.45	1E-3
33859	396.5	-2.45	1E-3
33879	394.6	-2.45	1E-3
33899	393.2	-2.45	1E-3
33919	392	-2.45	1E-3
33939	390.4	-2.45	1E-3
33959	389	-2.45	1E-3
33979	387.6	-2.45	1E-3
33999	385.9	-2.451	1E-3
34019	385	-2.451	1E-3
34039	383.3	-2.451	1E-3
34059	382	-2.451	1E-3
34079	380.6	-2.451	1E-3
34099	379.2	-2.451	1E-3
34119	377.6	-2.451	1E-3
34139	376.1	-2.451	1E-3
34159	374.7	-2.452	1E-3
34179	373.3	-2.452	1E-3
34199	372.1	-2.452	1E-3
34219	370.5	-2.452	1E-3
34239	369.3	-2.452	1E-3
34259	367.7	-2.452	1E-3
34279	366.4	-2.452	1E-3
34299	364.9	-2.452	1E-3
34319	363.8	-2.453	1E-3
34339	362.6	-2.453	1E-3
34359	361	-2.453	1E-3
34379	359.8	-2.453	1E-3
34399	358.9	-2.453	1E-3
34419	357.5	-2.453	1E-3
34439	356.1	-2.453	1E-3
34459	354.7	-2.453	1E-3
34479	353.3	-2.453	1E-3
34499	352.1	-2.453	1E-3
34519	350.5	-2.453	1E-3
34539	349.5	-2.454	1E-3
34559	348.1	-2.454	1E-3
34579	346.7	-2.454	1E-3
34599	345.3	-2.454	1E-3
34619	344.2	-2.454	1E-3
34639	342.7	-2.454	1E-3
34659	341.3	-2.454	1E-3
34679	340	-2.454	1E-3
34699	338.6	-2.454	1E-3
34719	337.4	-2.454	1E-3
34739	336.2	-2.454	1E-3
34760	334.9	-2.455	1E-3
34780	333.9	-2.455	1E-3
34800	332.5	-2.455	1E-3
34820	330.9	-2.455	1E-3
34840	330.1	-2.455	1E-3
34860	328.5	-2.455	1E-3
34880	327.3	-2.455	1E-3
34900	326	-2.455	1E-3
34920	324.8	-2.455	1E-3
34940	323.6	-2.455	1E-3
34960	322.4	-2.456	1E-3
34980	321.1	-2.456	1E-3
35000	319.7	-2.456	1E-3
35020	318.5	-2.456	1E-3
35040	317.1	-2.456	1E-3
35060	316	-2.456	1E-3
35080	314.6	-2.456	1E-3
35100	313.8	-2.456	1E-3
35120	312.6	-2.457	1E-3
35140	311	-2.457	1E-3
35160	309.9	-2.457	1E-3
35180	308.7	-2.457	1E-3
35200	307.5	-2.457	1E-3
35220	306.4	-2.457	1E-3
35240	305.5	-2.457	1E-3
35260	304.1	-2.457	1E-3
35280	303.1	-2.457	1E-3
35300	301.9	-2.457	1E-3
35320	300.6	-2.458	1E-3
35340	299.6	-2.458	1E-3
35360	298.2	-2.458	1E-3
35380	297.1	-2.458	1E-3
35400	295.9	-2.458	1E-3
35420	294.9	-2.458	1E-3
35440	293.7	-2.458	1E-3
35460	292.4	-2.458	1E-3
35480	291.2	-2.458	1E-3
35500	290.3	-2.459	1E-3
35520	289.1	-2.459	1E-3
35540	288	-2.459	1E-3
35560	286.8	-2.459	1E-3
35581	285.9	-2.459	1E-3
35601	284.9	-2.459	1E-3
35621	283.5	-2.459	1E-3
35641	282.4	-2.459	1E-3
35661	281.6	-2.46	1E-3
35681	280.7	-2.46	1E-3
35701	279.5	-2.46	1E-3
35721	278.6	-2.46	1E-3
35741	277.6	-2.46	1E-3
35761	276.3	-2.46	1E-3
35781	275.6	-2.46	1E-3
35801	274.2	-2.46	1E-3
35821	273.3	-2.46	1E-3
35841	272.3	-2.46	1E-3
35861	271.3	-2.461	1E-3
35881	270	-2.461	1E-3
35901	269.1	-2.461	1E-3
35921	268.1	-2.461	1E-3
35941	266.9	-2.461	1E-3
35961	265.8	-2.461	1E-3
35981	264.8	-2.461	1E-3
36001	263.7	-2.461	1E-3
36021	262.5	-2.461	1E-3
36041	261.4	-2.461	1E-3
36061	260.4	-2.461	1E-3
36081	259.3	-2.462	1E-3
36101	258.5	-2.462	1E-3
36121	257.4	-2.462	1E-3
36141	256.2	-2.462	1E-3
36161	255.1	-2.462	1E-3
36181	254.4	-2.462	1E-3
36201	253.4	-2.462	1E-3
36221	252.5	-2.462	1E-3
36241	251.5	-2.463	1E-3
36261	250.4	-2.463	1E-3
36281	249.7	-2.463	1E-3
36301	248.5	-2.463	1E-3
36322	247.1	-2.463	1E-3
36342	246.4	-2.463	1E-3
36362	245.4	-2.463	1E-3
36382	244.5	-2.463	1E-3
36402	243.4	-2.463	1E-3
36422	242.5	-2.464	1E-3
36442	241.5	-2.464	1E-3
36462	240.6	-2.464	1E-3
36482	239.7	-2.464	1E-3
36502	238.3	-2.464	1E-3
36522	237.7	-2.464	1E-3
36542	236.6	-2.464	1E-3
36562	235.7	-2.464	1E-3
36582	234.9	-2.464	1E-3
36602	234.1	-2.464	1E-3
36622	233.3	-2.464	1E-3
36642	232.2	-2.464	1E-3
36662	231.5	-2.464	1E-3
36682	230.5	-2.465	1E-3
36702	229.6	-2.465	1E-3
36722	228.6	-2.465	1E-3
36742	227.5	-2.465	1E-3
36762	226.6	-2.465	1E-3
36782	225.7	-2.465	1E-3
36802	225.1	-2.465	1E-3
36822	223.8	-2.465	1E-3
36843	222.9	-2.465	1E-3
36868	221.5	-2.465	1E-3
36888	220.9	-2.465	1E-3
36908	220	-2.465	1E-3
36928	218.9	-2.465	1E-3
36948	218.1	-2.465	1E-3
36968	217.4	-2.466	1E-3
36988	216.3	-2.466	1E-3
37008	215.4	-2.466	1E-3
37028	214.9	-2.466	1E-3
37048	214.2	-2.466	1E-3
37068	213.3	-2.466	1E-3
37088	212.5	-2.466	1E-3
37108	211.4	-2.466	1E-3
37128	210.7	-2.466	1E-3
37148	209.8	-2.466	1E-3
37168	209.3	-2.466	1E-3
37188	208.2	-2.466	1E-3
37208	207.2	-2.466	1E-3
37228	206.7	-2.466	1E-3
37248	205.8	-2.466	1E-3
37268	205.1	-2.466	1E-3
37288	204.2	-2.466	1E-3
37308	203.7	-2.466	1E-3
37328	202.6	-2.466	1E-3
37348	201.8	-2.466	1E-3
37368	201.3	-2.466	1E-3
37388	200.4	-2.466	1E-3
37408	199.3	-2.466	1E-3
37428	198.6	-2.466	1E-3
37448	197.9	-2.466	1E-3
37468	197.2	-2.466	1E-3
37488	196.4	-2.466	1E-3
37508	195.5	-2.467	1E-3
37528	194.6	-2.467	1E-3
37548	193.9	-2.467	1E-3
37568	193	-2.467	1E-3
37588	192.3	-2.467	1E-3
37608	191.4	-2.467	1E-3
37628	190.9	-2.467	1E-3
37648	189.9	-2.467	1E-3
37668	189.2	-2.467	1E-3
37688	188.3	-2.467	1E-3
37708	187.8	-2.467	1E-3
37728	186.9	-2.467	1E-3
37748	186.2	-2.467	1E-3
37768	185.3	-2.467	1E-3
37788	184.4	-2.467	1E-3
37808	183.8	-2.467	1E-3
37828	183.1	-2.467	1E-3
37848	182.2	-2.467	1E-3
37868	181.6	-2.467	1E-3
37888	180.6	-2.467	1E-3
37909	179.9	-2.467	1E-3
37934	179.2	-2.468	1E-3
37954	178.7	-2.468	1E-3
37974	177.8	-2.468	1E-3
37994	177.3	-2.468	1E-3
38014	176.8	-2.468	1E-3
38034	175.9	-2.468	1E-3
38054	175.2	-2.468	1E-3
38074	174.6	-2.468	1E-3
38094	173.8	-2.468	1E-3
38114	173.1	-2.468	1E-3
38134	172.4	-2.468	1E-3
38154	171.5	-2.468	1E-3
38174	171	-2.468	1E-3
38194	170.3	-2.468	1E-3
38214	169.7	-2.468	1E-3
38234	169	-2.468	1E-3
38254	168.2	-2.468	1E-3
38274	167.5	-2.468	1E-3
38294	166.8	-2.468	1E-3
38314	166.1	-2.468	1E-3
38334	165.2	-2.469	1E-3
38354	164.7	-2.469	1E-3
38374	163.8	-2.469	1E-3
38394	162.9	-2.469	1E-3
38414	162.1	-2.469	1E-3
38434	161.5	-2.469	1E-3
38454	161.2	-2.469	1E-3
38474	160.7	-2.469	1E-3
38494	160	-2.469	1E-3
38514	159.1	-2.469	1E-3
38534	158.7	-2.469	1E-3
38554	158.4	-2.469	1E-3
38574	157.5	-2.469	1E-3
38594	157	-2.469	1E-3
38614	156.1	-2.469	1E-3
38634	155.7	-2.469	1E-3
38654	155	-2.469	1E-3
38674	154.2	-2.469	1E-3
38694	154	-2.47	1E-3
38714	153.5	-2.47	1E-3
38734	152.6	-2.47	1E-3
38754	152.1	-2.47	1E-3
38774	151.2	-2.47	1E-3
38794	150.7	-2.47	1E-3
38815	150.1	-2.47	1E-3
38835	149.8	-2.47	1E-3
38855	149.1	-2.47	1E-3
38875	148.9	-2.47	1E-3
38895	148.1	-2.47	1E-3
38915	147.7	-2.47	1E-3
38935	146.8	-2.47	1E-3
38955	146.3	-2.47	1E-3
38975	145.8	-2.47	1E-3
38995	145.3	-2.47	1E-3
39015	144.6	-2.47	1E-3
39035	144	-2.47	1E-3
39055	143.2	-2.47	1E-3
39075	142.8	-2.47	1E-3
39095	142.3	-2.47	1E-3
39115	141.6	-2.47	1E-3
39135	141.1	-2.47	1E-3
39155	140.5	-2.47	1E-3
39175	139.7	-2.471	1E-3
39195	139.3	-2.471	1E-3
39215	138.4	-2.471	1E-3
39235	137.9	-2.471	1E-3
39255	137.2	-2.471	1E-3
39275	137	-2.471	1E-3
39295	136.3	-2.471	1E-3
39315	135.6	-2.471	1E-3
39335	134.9	-2.471	1E-3
39355	134.8	-2.471	1E-3
39375	134.2	-2.471	1E-3
39395	133.9	-2.471	1E-3
39415	132.7	-2.471	1E-3
39435	132.5	-2.471	1E-3
39455	131.8	-2.471	1E-3
39475	131.4	-2.471	1E-3
39495	130.2	-2.471	1E-3
39516	129.9	-2.471	1E-3
39536	129.1	-2.471	1E-3
39556	129	-2.471	1E-3
39576	128.1	-2.471	1E-3
39596	127.9	-2.471	1E-3
39616	127.8	-2.472	1E-3
39636	127.1	-2.472	1E-3
39656	126.3	-2.472	1E-3
39676	125.8	-2.472	1E-3
39696	125.7	-2.472	1E-3
39716	125	-2.472	1E-3
39736	124.4	-2.472	1E-3
39756	123.9	-2.472	1E-3
39776	123.6	-2.472	1E-3
39796	123.2	-2.472	1E-3
39816	122.5	-2.472	1E-3
39836	122.7	-2.472	1E-3
39856	121.8	-2.472	1E-3
39876	121.6	-2.472	1E-3
39896	120.8	-2.472	1E-3
39916	120.2	-2.472	1E-3
39936	119.7	-2.472	1E-3
39956	119.2	-2.472	1E-3
39976	119	-2.472	1E-3
39996	118.3	-2.472	1E-3
40016	118	-2.472	1E-3
40036	117.4	-2.472	1E-3
40056	117.1	-2.472	1E-3
40076	116.7	-2.472	1E-3
40096	116.2	-2.472	1E-3
40117	115.7	-2.472	1E-3
40141	115.1	-2.472	1E-3
40161	114.6	-2.473	1E-3
40182	114.3	-2.473	1E-3
40202	114.1	-2.473	1E-3
40222	113.4	-2.473	1E-3
40242	112.9	-2.473	1E-3
40262	112.5	-2.473	1E-3
40282	112	-2.473	1E-3
40302	111.5	-2.473	1E-3
40322	111.1	-2.473	1E-3
40342	110.6	-2.473	1E-3
40362	110.4	-2.473	1E-3
40382	109.7	-2.473	1E-3
40402	109.4	-2.473	1E-3
40422	109	-2.473	1E-3
40442	108.8	-2.473	1E-3
40462	108.2	-2.473	1E-3
40482	108.2	-2.473	1E-3
40502	107.1	-2.473	1E-3
40522	106.9	-2.473	1E-3
40542	106.4	-2.473	1E-3
40562	105.9	-2.473	1E-3
40582	105.3	-2.473	1E-3
40602	104.8	-2.473	1E-3
40622	104.5	-2.473	1E-3
40642	103.9	-2.474	1E-3
40662	103.9	-2.474	1E-3
40682	103.6	-2.474	1E-3
40702	102.9	-2.474	1E-3
40722	102.7	-2.474	1E-3
40742	101.9	-2.474	1E-3
40762	101.9	-2.474	1E-3
40782	101.3	-2.474	1E-3
40802	101.3	-2.474	1E-3
40822	100.4	-2.474	1E-3
40843	100.1	-2.474	1E-3
40863	99.7	-2.474	1E-3
40883	99.6	-2.474	1E-3
40903	98.9	-2.474	1E-3
40923	98.5	-2.474	1E-3
40943	98.3	-2.474	1E-3
40963	97.8	-2.474	1E-3
40983	97.6	-2.474	1E-3
41003	96.9	-2.474	1E-3
41023	96.8	-2.474	1E-3
41043	96.6	-2.474	1E-3
41063	96.3	-2.474	1E-3
41083	95.9	-2.474	1E-3
41103	95.6	-2.474	1E-3
41123	95	-2.474	1E-3
41143	94.5	-2.474	1E-3
41163	93.8	-2.474	1E-3
41183	93.8	-2.474	1E-3
41203	93.3	-2.474	1E-3
41223	93.1	-2.474	1E-3
41243	92.8	-2.474	1E-3
41263	92.6	-2.474	1E-3
41283	92.1	-2.474	1E-3
41303	91.7	-2.474	1E-3
41323	91.3	-2.474	1E-3
41343	90.8	-2.474	1E-3
41363	90.6	-2.474	1E-3
41383	90.1	-2.475	1E-3
41403	89.9	-2.475	1E-3
41423	89.1	-2.475	1E-3
41443	89.3	-2.475	1E-3
41463	89.1	-2.475	1E-3
41483	88.7	-2.475	1E-3
41503	88.2	-2.475	1E-3
41523	87.8	-2.475	1E-3
41543	87.5	-2.475	1E-3
41563	87.3	-2.475	1E-3
41584	86.8	-2.475	1E-3
41604	86.5	-2.475	1E-3
41624	86.1	-2.475	1E-3
41644	85.8	-2.475	1E-3
41664	85.6	-2.475	1E-3
41684	85.1	-2.475	1E-3
41704	84.9	-2.475	1E-3
41724	84.3	-2.475	1E-3
41744	84.2	-2.475	1E-3
41764	84	-2.475	1E-3
41784	83.5	-2.475	1E-3
41804	83.7	-2.475	1E-3
41824	82.8	-2.475	1E-3
41844	82.6	-2.475	1E-3
41864	82.1	-2.475	1E-3
41884	81.9	-2.475	1E-3
41904	81.4	-2.475	1E-3
41924	81.2	-2.475	1E-3
41944	80.8	-2.475	1E-3
41964	80.5	-2.475	1E-3
41984	80	-2.475	1E-3
42004	79.6	-2.475	1E-3
42024	79.5	-2.475	1E-3
42044	78.9	-2.475	1E-3
42064	79.5	-2.475	1E-3
42084	78.8	-2.475	1E-3
42104	78.6	-2.475	1E-3
42124	78	-2.475	1E-3
42144	77.9	-2.475	1E-3
42164	77.5	-2.475	1E-3
42184	77	-2.476	1E-3
42204	77	-2.476	1E-3
42224	76.7	-2.476	1E-3
42244	76.5	-2.476	1E-3
42264	76	-2.476	1E-3
42284	75.8	-2.476	1E-3
42304	75.3	-2.476	1E-3
42324	75.1	-2.476	1E-3
42345	74.9	-2.476	1E-3
42365	74.7	-2.476	1E-3
42385	74.6	-2.476	1E-3
42405	74.2	-2.476	1E-3
42425	74	-2.476	1E-3
42445	73.7	-2.476	1E-3
42465	73.5	-2.476	1E-3
42485	73.2	-2.476	1E-3
42505	73.2	-2.476	1E-3
42525	72.5	-2.476	1E-3
42545	72.5	-2.476	1E-3
42565	72.3	-2.476	1E-3
42585	71.9	-2.476	1E-3
42605	71.7	-2.476	1E-3
42625	71.6	-2.476	1E-3
42645	71.2	-2.476	1E-3
42665	71	-2.476	1E-3
42685	70.9	-2.476	1E-3
42705	70.7	-2.476	1E-3
42725	70.2	-2.476	1E-3
42745	70.3	-2.476	1E-3
42765	70	-2.476	1E-3
42785	69.7	-2.476	1E-3
42805	69.5	-2.476	1E-3
42825	69.3	-2.476	1E-3
42845	69.1	-2.476	1E-3
42865	68.9	-2.476	1E-3
42885	68.6	-2.476	1E-3
42905	68.4	-2.477	1E-3
42925	68.1	-2.477	1E-3
42945	67.7	-2.477	1E-3
42965	67.7	-2.477	1E-3
42985	67.2	-2.477	1E-3
43005	67.2	-2.477	1E-3
43025	66.8	-2.477	1E-3
43046	66.7	-2.477	1E-3
43066	66.5	-2.477	1E-3
43086	66.2	-2.477	1E-3
43106	66.2	-2.477	1E-3
43126	65.6	-2.477	1E-3
43146	65.4	-2.477	1E-3
43166	65.1	-2.477	1E-3
43186	64.9	-2.477	1E-3
43206	64.8	-2.477	1E-3
43226	64.6	-2.477	1E-3
43246	64.6	-2.477	1E-3
43266	64.2	-2.477	1E-3
43286	64.1	-2.477	1E-3
43306	64.1	-2.477	1E-3
43326	63.5	-2.477	1E-3
43346	63.3	-2.477	1E-3
43366	63	-2.477	1E-3
43386	63	-2.477	1E-3
43406	62.8	-2.477	1E-3
43426	62.6	-2.477	1E-3
43446	62.5	-2.477	1E-3
43466	62.3	-2.477	1E-3
43486	62	-2.477	1E-3
43506	61.8	-2.477	1E-3
43526	61.8	-2.477	1E-3
43546	61.3	-2.477	1E-3
43566	61.1	-2.477	1E-3
43586	60.9	-2.477	1E-3
43606	60.4	-2.477	1E-3
43626	60.4	-2.477	1E-3
43646	60.2	-2.477	1E-3
43666	59.9	-2.477	1E-3
43687	59.9	-2.477	1E-3
43707	59.7	-2.477	1E-3
43727	59.3	-2.477	1E-3
43747	59.3	-2.478	1E-3
43767	59	-2.478	1E-3
43787	58.6	-2.478	1E-3
43807	58.6	-2.478	1E-3
43827	58.4	-2.478	1E-3
43847	58.1	-2.478	1E-3
43867	58.1	-2.478	1E-3
43887	57.9	-2.478	1E-3
43907	57.6	-2.478	1E-3
43927	57.6	-2.478	1E-3
43947	57.4	-2.478	1E-3
43967	57.2	-2.478	1E-3
43987	56.9	-2.478	1E-3
44007	56.5	-2.478	1E-3
44027	56.4	-2.478	1E-3
44047	56.2	-2.478	1E-3
44067	56	-2.478	1E-3
44087	56	-2.478	1E-3
44107	55.7	-2.478	1E-3
44127	55.7	-2.478	1E-3
44147	55.5	-2.478	1E-3
44167	55.1	-2.478	1E-3
44187	54.8	-2.478	1E-3
44207	54.8	-2.478	1E-3
44227	54.4	-2.478	1E-3
44247	54.3	-2.478	1E-3
44267	54.3	-2.478	1E-3
44287	54.3	-2.478	1E-3
44307	53.9	-2.478	1E-3
44327	53.9	-2.478	1E-3
44347	53.9	-2.478	1E-3
44367	53.5	-2.478	1E-3
44387	53.4	-2.478	1E-3
44407	53.4	-2.478	1E-3
44427	53	-2.478	1E-3
44447	52.7	-2.478	1E-3
44467	52.7	-2.478	1E-3
44487	52.7	-2.478	1E-3
44507	52	-2.478	1E-3
44527	52	-2.478	1E-3
44547	52	-2.478	1E-3
44567	52	-2.478	1E-3
44587	51.6	-2.478	1E-3
44607	51.5	-2.478	1E-3
44628	51.1	-2.478	1E-3
44648	51.3	-2.478	1E-3
44668	50.8	-2.478	1E-3
44688	50.8	-2.478	1E-3
44708	50.8	-2.478	1E-3
44728	50.4	-2.478	1E-3
44748	50.2	-2.478	1E-3
44768	50	-2.478	1E-3
44788	49.9	-2.478	1E-3
44808	49.7	-2.478	1E-3
44828	49.7	-2.478	1E-3
44848	49.5	-2.478	1E-3
44868	49.5	-2.478	1E-3
44888	49.2	-2.478	1E-3
44908	48.8	-2.479	1E-3
44928	48.8	-2.479	1E-3
44948	48.6	-2.479	1E-3
44968	48.5	-2.479	1E-3
44988	48.5	-2.479	1E-3
45008	48.3	-2.479	1E-3
45028	48.3	-2.479	1E-3
45048	48.3	-2.479	1E-3
45068	48	-2.479	1E-3
45088	47.8	-2.479	1E-3
45108	48	-2.479	1E-3
45128	47.8	-2.479	1E-3
45148	47.4	-2.479	1E-3
45168	47.6	-2.479	1E-3
45188	47.3	-2.479	1E-3
45208	47.1	-2.479	1E-3
45228	47.3	-2.479	1E-3
45248	46.9	-2.479	1E-3
45268	46.6	-2.479	1E-3
45288	46.7	-2.479	1E-3
45308	46.4	-2.479	1E-3
45328	46.4	-2.479	1E-3
45348	46.6	-2.479	1E-3
45368	45.8	-2.479	1E-3
45388	45.8	-2.479	1E-3
45409	45.8	-2.479	1E-3
45433	45.5	-2.479	1E-3
45453	45.7	-2.479	1E-3
45473	45.3	-2.479	1E-3
45494	45.3	-2.479	1E-3
45514	45.3	-2.479	1E-3
45534	45	-2.479	1E-3
45554	44.8	-2.479	1E-3
45574	44.6	-2.479	1E-3
45594	44.6	-2.479	1E-3
45614	44.6	-2.479	1E-3
45634	44.5	-2.479	1E-3
45654	44.5	-2.479	1E-3
45674	43.9	-2.479	1E-3
45694	43.9	-2.479	1E-3
45714	43.9	-2.479	1E-3
45734	43.8	-2.479	1E-3
45754	43.6	-2.479	1E-3
45774	43.4	-2.479	1E-3
45794	43.4	-2.479	1E-3
45814	43.6	-2.479	1E-3
45834	43.4	-2.479	1E-3
45854	43.4	-2.479	1E-3
45874	43.2	-2.479	1E-3
45894	43.1	-2.479	1E-3
45914	42.9	-2.479	1E-3
45934	42.9	-2.479	1E-3
45954	42.7	-2.479	1E-3
45974	42.7	-2.479	1E-3
45994	42.7	-2.479	1E-3
46014	42.3	-2.479	1E-3
46034	42.3	-2.479	1E-3
46054	42.5	-2.479	1E-3
46074	42.3	-2.479	1E-3
46094	42	-2.479	1E-3
46114	42.2	-2.479	1E-3
46134	42	-2.479	1E-3
46154	42	-2.479	1E-3
46174	41.8	-2.479	1E-3
46194	41.7	-2.479	1E-3
46214	41.5	-2.479	1E-3
46234	41.5	-2.479	1E-3
46254	41.3	-2.479	1E-3
46274	41.3	-2.479	1E-3
46294	41.3	-2.479	1E-3
46315	41.3	-2.479	1E-3
46335	41	-2.479	1E-3
46355	40.8	-2.479	1E-3
46375	40.8	-2.479	1E-3
46395	41	-2.48	1E-3
46415	40.8	-2.48	1E-3
46435	40.8	-2.48	1E-3
46455	40.6	-2.48	1E-3
46475	40.4	-2.48	1E-3
46495	40.3	-2.48	1E-3
46515	40.3	-2.48	1E-3
46535	40.1	-2.48	1E-3
46555	40.3	-2.48	1E-3
46575	40.1	-2.48	1E-3
46595	39.9	-2.48	1E-3
46615	39.7	-2.48	1E-3
46635	39.6	-2.48	1E-3
46655	39.7	-2.48	1E-3
46675	39.6	-2.48	1E-3
46695	39.7	-2.48	1E-3
46715	39.7	-2.48	1E-3
46735	39.4	-2.48	1E-3
46755	39.2	-2.48	1E-3
46775	39	-2.48	1E-3
46795	39	-2.48	1E-3
46815	39	-2.48	1E-3
46835	38.8	-2.48	1E-3
46855	39	-2.48	1E-3
46875	39	-2.48	1E-3
46895	38.5	-2.48	1E-3
46915	38.5	-2.48	1E-3
46935	38.3	-2.48	1E-3
46955	38	-2.48	1E-3
46975	38.3	-2.48	1E-3
46995	38.2	-2.48	1E-3
47016	38.2	-2.48	1E-3
47036	38	-2.48	1E-3
47056	38	-2.48	1E-3
47076	38	-2.48	1E-3
47096	37.8	-2.48	1E-3
47116	37.8	-2.48	1E-3
47136	37.8	-2.48	1E-3
47156	37.8	-2.48	1E-3
47176	37.8	-2.48	1E-3
47196	37.6	-2.48	1E-3
47216	37.5	-2.48	1E-3
47236	37.5	-2.48	1E-3
47256	37.3	-2.48	1E-3
47276	37.3	-2.48	1E-3
47296	37.1	-2.48	1E-3
47316	36.9	-2.48	1E-3
47336	37.3	-2.48	1E-3
47356	36.9	-2.48	1E-3
47376	37.1	-2.48	1E-3
47396	36.9	-2.48	1E-3
47416	36.8	-2.48	1E-3
47436	36.8	-2.48	1E-3
47456	36.8	-2.48	1E-3
47476	36.8	-2.48	1E-3
47496	36.8	-2.48	1E-3
47516	36.8	-2.48	1E-3
47536	36.6	-2.48	1E-3
47556	36.6	-2.48	1E-3
47576	36.4	-2.48	1E-3
47596	36.6	-2.48	1E-3
47616	36	-2.48	1E-3
47636	36.2	-2.48	1E-3
47656	36	-2.48	1E-3
47676	36	-2.48	1E-3
47696	35.7	-2.48	1E-3
47716	36	-2.48	1E-3
47736	35.9	-2.48	1E-3
47756	35.5	-2.48	1E-3
47776	35.5	-2.48	1E-3
47796	35.3	-2.48	1E-3
47816	35.3	-2.48	1E-3
47836	35.3	-2.48	1E-3
47856	35.2	-2.48	1E-3
47876	35.3	-2.48	1E-3
47896	35.3	-2.48	1E-3
47917	35.2	-2.48	1E-3
47937	34.8	-2.48	1E-3
47957	34.8	-2.48	1E-3
47977	34.8	-2.48	1E-3
47997	34.8	-2.48	1E-3
48017	34.8	-2.48	1E-3
48037	34.8	-2.48	1E-3
48057	34.8	-2.48	1E-3
48077	34.8	-2.48	1E-3
48097	34.5	-2.48	1E-3
48117	34.3	-2.48	1E-3
48137	34.3	-2.48	1E-3
48157	34.3	-2.48	1E-3
48177	34.3	-2.48	1E-3
48197	34.1	-2.48	1E-3
48217	34.1	-2.48	1E-3
48237	34.1	-2.481	1E-3
48257	34.1	-2.481	1E-3
48277	34.1	-2.481	1E-3
48297	33.8	-2.481	1E-3
48317	34.1	-2.481	1E-3
48337	34	-2.481	1E-3
48357	33.8	-2.481	1E-3
48377	33.8	-2.481	1E-3
48397	34	-2.481	1E-3
48417	33.6	-2.481	1E-3
48437	33.6	-2.481	1E-3
48457	33.6	-2.481	1E-3
48477	33.6	-2.481	1E-3
48497	33.1	-2.481	1E-3
48517	33.4	-2.481	1E-3
48537	33.4	-2.481	1E-3
48557	33.4	-2.481	1E-3
48577	33.4	-2.481	1E-3
48597	33.4	-2.481	1E-3
48617	33.1	-2.481	1E-3
48638	32.9	-2.481	1E-3
48662	32.9	-2.481	1E-3
48683	32.7	-2.481	1E-3
48703	32.5	-2.481	1E-3
48723	32.7	-2.481	1E-3
48743	32.7	-2.481	1E-3
48763	32.9	-2.481	1E-3
48783	32.5	-2.481	1E-3
48803	32.7	-2.481	1E-3
48823	32.5	-2.481	1E-3
48843	32.2	-2.481	1E-3
48863	32.7	-2.481	1E-3
48883	32.4	-2.481	1E-3
48903	32.4	-2.481	1E-3
48923	32.2	-2.481	1E-3
48943	32.2	-2.481	1E-3
48963	32	-2.481	1E-3
48983	32	-2.481	1E-3
49003	31.7	-2.481	1E-3
49023	32.2	-2.481	1E-3
49043	32.2	-2.481	1E-3
49063	32.2	-2.481	1E-3
49083	31.7	-2.481	1E-3
49103	31.9	-2.481	1E-3
49123	32	-2.481	1E-3
49143	31.7	-2.481	1E-3
49163	31.7	-2.481	1E-3
49183	31.5	-2.481	1E-3
49203	31.3	-2.481	1E-3
49223	31.5	-2.481	1E-3
49243	31.5	-2.481	1E-3
49263	31.1	-2.481	1E-3
49283	31.3	-2.481	1E-3
49304	31.3	-2.481	1E-3
49324	31.3	-2.481	1E-3
49344	31.3	-2.481	1E-3
49364	31.1	-2.481	1E-3
49384	31.1	-2.481	1E-3
49404	31.1	-2.481	1E-3
49424	31.1	-2.481	1E-3
49444	31	-2.481	1E-3
49464	31.3	-2.481	1E-3
49484	30.8	-2.481	1E-3
49504	31.3	-2.481	1E-3
49524	31	-2.481	1E-3
49544	30.6	-2.481	1E-3
49564	31	-2.481	1E-3
49584	30.5	-2.481	1E-3
49604	30.6	-2.481	1E-3
49624	30.3	-2.481	1E-3
49644	30.5	-2.481	1E-3
49664	30.5	-2.481	1E-3
49684	30.3	-2.481	1E-3
49704	30.8	-2.481	1E-3
49724	30.3	-2.481	1E-3
49744	30.8	-2.481	1E-3
49764	30.3	-2.481	1E-3
49784	30.6	-2.481	1E-3
49804	30.3	-2.481	1E-3
49824	30.3	-2.481	1E-3
49844	30.3	-2.481	1E-3
49864	30.1	-2.481	1E-3
49884	30.3	-2.481	1E-3
49904	29.9	-2.481	1E-3
49924	30.3	-2.481	1E-3
49944	30.3	-2.481	1E-3
49964	30.1	-2.481	1E-3
49984	29.8	-2.481	1E-3
50004	29.8	-2.481	1E-3
50024	29.9	-2.481	1E-3
50045	29.8	-2.481	1E-3
50065	29.6	-2.481	1E-3
50085	29.9	-2.481	1E-3
50105	30.1	-2.481	1E-3
50125	29.6	-2.481	1E-3
50145	29.8	-2.482	1E-3
50165	29.8	-2.481	1E-3
50185	29.8	-2.482	1E-3
50205	29.6	-2.482	1E-3
50225	29.6	-2.482	1E-3
50245	29.4	-2.482	1E-3
50265	29.6	-2.482	1E-3
50285	29.2	-2.482	1E-3
50305	29.4	-2.482	1E-3
50325	29	-2.482	1E-3
50345	29	-2.482	1E-3
50365	29	-2.482	1E-3
50385	29	-2.482	1E-3
50405	29.2	-2.482	1E-3
50425	29	-2.482	1E-3
50445	29.6	-2.482	1E-3
50465	29.4	-2.482	1E-3
50485	29.2	-2.482	1E-3
50505	29	-2.482	1E-3
50525	29	-2.482	1E-3
50545	29.2	-2.482	1E-3
50565	29.2	-2.482	1E-3
50585	29.2	-2.482	1E-3
50605	29.2	-2.482	1E-3
50626	28.7	-2.482	1E-3
50646	29.4	-2.482	1E-3
50666	28.9	-2.482	1E-3
50686	28.9	-2.482	1E-3
50706	28.9	-2.482	1E-3
50726	28.4	-2.482	1E-3
50746	28.4	-2.482	1E-3
50766	28.4	-2.482	1E-3
50786	28.5	-2.482	1E-3
50806	28.5	-2.482	1E-3
50826	28.4	-2.482	1E-3
50846	28.4	-2.482	1E-3
50866	28.9	-2.482	1E-3
50886	28.7	-2.482	1E-3
50906	28.4	-2.482	1E-3
50926	28.4	-2.482	1E-3
50946	28.4	-2.482	1E-3
50966	28.4	-2.482	1E-3
50986	28.4	-2.482	1E-3
51006	28.2	-2.482	1E-3
51026	28.4	-2.482	1E-3
51046	28.4	-2.482	1E-3
51066	28.4	-2.482	1E-3
51086	28.2	-2.482	1E-3
51106	28.5	-2.482	1E-3
51126	28.4	-2.482	1E-3
51146	27.8	-2.482	1E-3
51166	27.8	-2.482	1E-3
51186	27.8	-2.482	1E-3
51206	28	-2.482	1E-3
51226	28.2	-2.482	1E-3
51246	27.8	-2.482	1E-3
51266	27.8	-2.482	1E-3
51286	27.7	-2.482	1E-3
51306	28	-2.482	1E-3
51326	27.8	-2.482	1E-3
51346	27.7	-2.482	1E-3
51366	27.7	-2.482	1E-3
51386	27.7	-2.482	1E-3
51406	27.5	-2.482	1E-3
51426	27.7	-2.482	1E-3
51446	27.7	-2.482	1E-3
51466	27.7	-2.482	1E-3
51486	27.7	-2.482	1E-3
51506	27.7	-2.482	1E-3
51526	27.7	-2.482	1E-3
51546	27.5	-2.482	1E-3
51566	27.7	-2.482	1E-3
