0	23.3	1E-3	1E-3
20	23.1	1E-3	1E-3
40	23.1	1E-3	1E-3
60	23.5	0.002	1E-3
80	22.7	0.002	1E-3
100	23.5	0.002	1E-3
120	22.9	0.002	1E-3
140	22.7	0.002	1E-3
160	23.1	0.002	1E-3
180	22.7	0.002	1E-3
200	23.1	0.002	1E-3
220	23.1	0.002	1E-3
240	23.3	0.002	1E-3
260	23.6	0.002	1E-3
280	23.8	1E-3	1E-3
300	23.8	1E-3	1E-3
320	24	1E-3	1E-3
340	24	0	1E-3
360	24.7	0	1E-3
381	25.4	0	1E-3
401	25.7	0	1E-3
421	26.4	0	1E-3
441	26.8	0	1E-3
461	27.7	-1E-3	1E-3
481	27.8	-1E-3	1E-3
501	28.7	-1E-3	1E-3
521	29.4	-1E-3	1E-3
541	29.9	-1E-3	1E-3
561	31.1	-0.002	1E-3
581	32	-0.002	1E-3
601	32.9	-0.002	1E-3
621	34	-0.002	1E-3
641	34.8	-0.003	1E-3
661	36.2	-0.003	1E-3
681	37.1	-0.003	1E-3
701	38.3	-0.003	1E-3
721	39.7	-0.004	1E-3
741	41	-0.004	1E-3
761	42.7	-0.004	1E-3
781	43.9	-0.004	1E-3
801	45.5	-0.004	1E-3
821	47.1	-0.005	1E-3
841	48.8	-0.005	1E-3
861	50.2	-0.005	1E-3
881	52	-0.005	1E-3
901	53.7	-0.006	1E-3
921	55.7	-0.006	1E-3
941	57.8	-0.006	1E-3
961	59.9	-0.007	1E-3
981	61.4	-0.007	1E-3
1001	63.7	-0.007	1E-3
1021	65.4	-0.008	1E-3
1041	67.2	-0.008	1E-3
1061	69.5	-0.009	1E-3
1081	71.2	-0.009	1E-3
1101	73.8	-0.009	1E-3
1121	76	-0.01	1E-3
1141	78.2	-0.011	1E-3
1161	80.5	-0.011	1E-3
1181	83.1	-0.012	1E-3
1201	85.6	-0.012	1E-3
1221	88	-0.013	1E-3
1241	90.8	-0.014	1E-3
1261	93.5	-0.015	1E-3
1281	96.3	-0.015	1E-3
1301	99	-0.016	1E-3
1321	101.9	-0.017	1E-3
1342	104.3	-0.017	1E-3
1362	107.1	-0.018	1E-3
1382	110.1	-0.018	1E-3
1402	112.9	-0.019	1E-3
1422	115.7	-0.02	1E-3
1442	118.8	-0.02	1E-3
1462	122	-0.02	1E-3
1482	125	-0.021	1E-3
1502	128.3	-0.022	1E-3
1522	131.3	-0.022	1E-3
1542	134.4	-0.022	1E-3
1562	137.6	-0.023	1E-3
1582	141.2	-0.024	1E-3
1602	144.7	-0.024	1E-3
1622	148.1	-0.025	1E-3
1642	151.6	-0.025	1E-3
1662	154.9	-0.025	1E-3
1682	158.2	-0.026	1E-3
1702	161.2	-0.026	1E-3
1722	164.7	-0.027	1E-3
1742	168.2	-0.027	1E-3
1762	171.7	-0.027	1E-3
1782	175.9	-0.028	1E-3
1802	179.2	-0.028	1E-3
1822	182.9	-0.029	1E-3
1842	186.6	-0.029	1E-3
1862	190.2	-0.029	1E-3
1882	194.1	-0.029	1E-3
1902	197.8	-0.03	1E-3
1922	201.9	-0.03	1E-3
1942	205.6	-0.03	1E-3
1962	209.1	-0.031	1E-3
1982	213.5	-0.031	1E-3
2002	216.7	-0.031	1E-3
2022	220.5	-0.031	1E-3
2042	224.5	-0.032	1E-3
2062	228.4	-0.032	1E-3
2082	232.4	-0.032	1E-3
2102	236.3	-0.033	1E-3
2122	240.4	-0.033	1E-3
2142	244.1	-0.033	1E-3
2162	248.5	-0.033	1E-3
2182	252.3	-0.034	1E-3
2202	256.7	-0.034	1E-3
2222	261.1	-0.034	1E-3
2242	265.1	-0.035	1E-3
2262	269.3	-0.035	1E-3
2282	273.2	-0.035	1E-3
2302	277.6	-0.036	1E-3
2322	281.6	-0.036	1E-3
2342	285.6	-0.036	1E-3
2362	290	-0.037	1E-3
2382	294.2	-0.037	1E-3
2402	298.4	-0.037	1E-3
2422	302.4	-0.038	1E-3
2443	306.6	-0.038	1E-3
2463	310.8	-0.038	1E-3
2483	315.2	-0.039	1E-3
2503	319.2	-0.039	1E-3
2523	323.4	-0.039	1E-3
2543	327.6	-0.039	1E-3
2563	332.1	-0.039	1E-3
2583	336.5	-0.04	1E-3
2603	340.7	-0.04	1E-3
2623	345.3	-0.04	1E-3
2643	349.8	-0.04	1E-3
2663	354	-0.04	1E-3
2683	358.2	-0.041	1E-3
2703	362.4	-0.041	1E-3
2723	366.8	-0.041	1E-3
2743	371	-0.041	1E-3
2763	375.2	-0.041	1E-3
2783	379.6	-0.041	1E-3
2803	384	-0.042	1E-3
2823	388.1	-0.042	1E-3
2843	392.5	-0.042	1E-3
2863	396.7	-0.042	1E-3
2883	400.9	-0.042	1E-3
2903	405.5	-0.043	1E-3
2923	409.9	-0.043	1E-3
2943	414.4	-0.043	1E-3
2963	418.6	-0.043	1E-3
2983	422.6	-0.043	1E-3
3003	426.8	-0.043	1E-3
3023	431.2	-0.044	1E-3
3044	435.6	-0.044	1E-3
3064	440.1	-0.044	1E-3
3084	444.5	-0.044	1E-3
3104	448.4	-0.044	1E-3
3124	452.7	-0.044	1E-3
3144	456.9	-0.045	1E-3
3164	461.1	-0.045	1E-3
3184	465.5	-0.045	1E-3
3204	469.7	-0.045	1E-3
3224	473.7	-0.045	1E-3
3244	478.1	-0.046	1E-3
3264	482.1	-0.046	1E-3
3284	486.5	-0.046	1E-3
3304	490.7	-0.046	1E-3
3324	494.7	-0.047	1E-3
3344	498.9	-0.047	1E-3
3364	503	-0.047	1E-3
3384	507.3	-0.048	1E-3
3404	511.4	-0.048	1E-3
3424	515.9	-0.048	1E-3
3444	519.8	-0.049	1E-3
3464	523.8	-0.049	1E-3
3484	528	-0.05	1E-3
3504	532.3	-0.05	1E-3
3524	536.4	-0.05	1E-3
3544	540.4	-0.051	1E-3
3564	544.4	-0.051	1E-3
3584	548.6	-0.052	1E-3
3604	552.8	-0.052	1E-3
3624	556.8	-0.053	1E-3
3644	560.9	-0.054	1E-3
3664	565.1	-0.054	1E-3
3684	568.8	-0.055	1E-3
3704	572.8	-0.056	1E-3
3724	576.4	-0.056	1E-3
3744	580.7	-0.057	1E-3
3764	584.5	-0.057	1E-3
3784	588.7	-0.058	1E-3
3804	592.7	-0.059	1E-3
3824	596.6	-0.059	1E-3
3844	600.4	-0.06	1E-3
3864	604.6	-0.061	1E-3
3885	608.5	-0.061	1E-3
3905	612.3	-0.062	1E-3
3925	616.2	-0.063	1E-3
3945	620	-0.064	1E-3
3965	624	-0.065	1E-3
3985	627.9	-0.067	1E-3
4005	631.9	-0.067	1E-3
4025	635.8	-0.068	1E-3
4045	639.6	-0.069	1E-3
4065	643.3	-0.07	1E-3
4085	647.5	-0.071	1E-3
4105	651.4	-0.072	1E-3
4125	655.4	-0.074	1E-3
4145	658.7	-0.075	1E-3
4165	661.5	-0.076	1E-3
4185	664.1	-0.078	1E-3
4210	667.1	-0.079	1E-3
4230	669.9	-0.08	1E-3
4250	672.3	-0.081	1E-3
4270	674.6	-0.082	1E-3
4290	677.1	-0.084	1E-3
4330	681.1	-0.086	1E-3
4350	683.2	-0.087	1E-3
4370	684.9	-0.088	1E-3
4390	686.4	-0.089	1E-3
4410	688.1	-0.089	1E-3
4430	689.7	-0.09	1E-3
4450	691.1	-0.091	1E-3
4470	692.5	-0.092	1E-3
4490	693.9	-0.094	1E-3
4510	694.8	-0.095	1E-3
4530	696.5	-0.096	1E-3
4550	697.2	-0.097	1E-3
4570	698.6	-0.097	1E-3
4590	699.5	-0.098	1E-3
4610	700.2	-0.099	1E-3
4630	701.1	-0.1	1E-3
4650	701.9	-0.101	1E-3
4670	702.8	-0.101	1E-3
4690	703.7	-0.102	1E-3
4710	704.2	-0.103	1E-3
4730	704.9	-0.104	1E-3
4751	705.6	-0.105	1E-3
4771	706.1	-0.106	1E-3
4791	706.7	-0.107	1E-3
4811	707	-0.108	1E-3
4831	707.3	-0.109	1E-3
4851	707.9	-0.109	1E-3
4871	708.2	-0.11	1E-3
4891	708.9	-0.11	1E-3
4911	709.1	-0.111	1E-3
4931	709.5	-0.112	1E-3
4951	709.8	-0.113	1E-3
4971	710.2	-0.113	1E-3
4991	710.3	-0.114	1E-3
5011	710.7	-0.115	1E-3
5031	710.8	-0.116	1E-3
5051	711.2	-0.117	1E-3
5071	711.5	-0.117	1E-3
5091	711.5	-0.118	1E-3
5111	711.7	-0.119	1E-3
5136	711.9	-0.12	1E-3
5156	712.1	-0.12	1E-3
5176	712.3	-0.121	1E-3
5196	712.4	-0.122	1E-3
5216	712.6	-0.122	1E-3
5236	712.8	-0.123	1E-3
5256	713	-0.124	1E-3
5276	713	-0.124	1E-3
5296	713.1	-0.125	1E-3
5316	713.3	-0.126	1E-3
5336	713.5	-0.126	1E-3
5356	713.5	-0.127	1E-3
5376	713.3	-0.128	1E-3
5396	713.5	-0.128	1E-3
5416	713.6	-0.129	1E-3
5436	713.6	-0.129	1E-3
5456	714	-0.13	1E-3
5476	714	-0.13	1E-3
5496	714	-0.131	1E-3
5516	714.2	-0.132	1E-3
5536	714	-0.132	1E-3
5556	714.2	-0.133	1E-3
5576	714.2	-0.133	1E-3
5596	714.3	-0.134	1E-3
5616	714.2	-0.135	1E-3
5636	714.3	-0.135	1E-3
5656	714.3	-0.136	1E-3
5676	714.3	-0.137	1E-3
5696	714.3	-0.137	1E-3
5716	714.5	-0.137	1E-3
5736	714.3	-0.138	1E-3
5756	714.5	-0.138	1E-3
5776	714.3	-0.139	1E-3
5796	714.5	-0.139	1E-3
5817	714.5	-0.139	1E-3
5837	714.7	-0.14	1E-3
5857	714.7	-0.14	1E-3
5877	714.7	-0.141	1E-3
5897	714.7	-0.141	1E-3
5917	714.9	-0.142	1E-3
5937	714.9	-0.142	1E-3
5957	714.7	-0.143	1E-3
5977	714.9	-0.143	1E-3
6022	714	-0.144	1E-3
6042	716.3	-0.144	1E-3
6062	717.1	-0.145	1E-3
6082	718.4	-0.146	1E-3
6102	719.4	-0.146	1E-3
6122	720.5	-0.147	1E-3
6142	722	-0.148	1E-3
6162	723.5	-0.148	1E-3
6182	724.8	-0.149	1E-3
6202	726.6	-0.15	1E-3
6222	728.2	-0.15	1E-3
6242	730.1	-0.151	1E-3
6262	732	-0.153	1E-3
6282	733.9	-0.154	1E-3
6302	736.4	-0.155	1E-3
6322	738.5	-0.157	1E-3
6342	740.8	-0.158	1E-3
6362	743.6	-0.16	1E-3
6382	746.2	-0.162	1E-3
6402	748.7	-0.164	1E-3
6422	751.3	-0.166	1E-3
6442	753.6	-0.169	1E-3
6462	756.4	-0.171	1E-3
6482	759	-0.175	1E-3
6502	762.1	-0.178	1E-3
6522	765.1	-0.181	1E-3
6542	767.9	-0.185	1E-3
6562	770.9	-0.189	1E-3
6582	774.4	-0.192	1E-3
6602	777	-0.197	1E-3
6627	780.2	-0.203	1E-3
6647	782.3	-0.208	1E-3
6688	786.4	-0.219	1E-3
6708	788	-0.224	1E-3
6728	789.6	-0.229	1E-3
6748	791.2	-0.233	1E-3
6768	792.9	-0.238	1E-3
6788	794.3	-0.243	1E-3
6808	796.1	-0.248	1E-3
6828	797.1	-0.252	1E-3
6848	798.7	-0.257	1E-3
6868	799.4	-0.261	1E-3
6888	800.8	-0.266	1E-3
6908	801.5	-0.27	1E-3
6928	802.6	-0.273	1E-3
6948	803.3	-0.278	1E-3
6968	804.3	-0.282	1E-3
6988	805.2	-0.286	1E-3
7008	805.9	-0.29	1E-3
7028	806.4	-0.294	1E-3
7048	807.1	-0.298	1E-3
7068	807.6	-0.3	1E-3
7088	808.2	-0.304	1E-3
7108	808.9	-0.308	1E-3
7128	809.4	-0.31	1E-3
7148	809.7	-0.313	1E-3
7168	810.3	-0.317	1E-3
7188	810.4	-0.32	1E-3
7208	810.8	-0.322	1E-3
7228	811.5	-0.325	1E-3
7248	811.8	-0.328	1E-3
7268	811.8	-0.331	1E-3
7289	812.3	-0.334	1E-3
7313	812.7	-0.337	1E-3
7334	812.5	-0.339	1E-3
7354	813	-0.341	1E-3
7374	812.9	-0.344	1E-3
7394	813.2	-0.346	1E-3
7424	813.4	-0.349	1E-3
7444	813.8	-0.351	1E-3
7464	813.8	-0.352	1E-3
7484	813.9	-0.355	1E-3
7504	814.1	-0.357	1E-3
7524	814.3	-0.359	1E-3
7544	814.3	-0.361	1E-3
7564	814.5	-0.362	1E-3
7584	814.3	-0.364	1E-3
7604	814.8	-0.366	1E-3
7624	814.6	-0.368	1E-3
7644	814.8	-0.369	1E-3
7664	814.8	-0.371	1E-3
7684	815	-0.373	1E-3
7704	815.2	-0.375	1E-3
7724	815.2	-0.376	1E-3
7744	815.2	-0.378	1E-3
7764	815.3	-0.379	1E-3
7784	815.3	-0.38	1E-3
7804	815.5	-0.381	1E-3
7824	815.5	-0.383	1E-3
7844	815.5	-0.384	1E-3
7864	815.5	-0.386	1E-3
7884	815.8	-0.387	1E-3
7904	815.8	-0.388	1E-3
7924	815.7	-0.389	1E-3
7944	815.8	-0.39	1E-3
7964	815.7	-0.391	1E-3
7984	815.7	-0.392	1E-3
8004	815.7	-0.393	1E-3
8024	815.8	-0.395	1E-3
8044	815.8	-0.396	1E-3
8064	815.8	-0.397	1E-3
8084	815.7	-0.398	1E-3
8104	815.7	-0.4	1E-3
8124	815.8	-0.401	1E-3
8144	815.8	-0.402	1E-3
8164	815.8	-0.403	1E-3
8184	815.7	-0.404	1E-3
8204	815.8	-0.405	1E-3
8224	815.7	-0.406	1E-3
8244	815.8	-0.407	1E-3
8264	815.8	-0.408	1E-3
8284	815.8	-0.409	1E-3
8304	815.8	-0.41	1E-3
8324	815.8	-0.411	1E-3
8344	815.8	-0.412	1E-3
8364	816	-0.413	1E-3
8384	816	-0.414	1E-3
8404	816	-0.415	1E-3
8439	814.3	-0.417	1E-3
8459	817.3	-0.417	1E-3
8479	818.5	-0.418	1E-3
8499	819.7	-0.419	1E-3
8519	820.9	-0.419	1E-3
8539	822.3	-0.42	1E-3
8559	823.9	-0.422	1E-3
8579	825.5	-0.423	1E-3
8599	827.2	-0.424	1E-3
8619	829.2	-0.426	1E-3
8640	831.1	-0.428	1E-3
8660	833	-0.429	1E-3
8680	835.1	-0.43	1E-3
8700	837.2	-0.432	1E-3
8720	839.6	-0.434	1E-3
8740	842.1	-0.437	1E-3
8760	844.4	-0.439	1E-3
8780	847.2	-0.442	1E-3
8800	849.6	-0.445	1E-3
8820	852.6	-0.448	1E-3
8840	855.4	-0.451	1E-3
8860	858	-0.454	1E-3
8880	860.8	-0.458	1E-3
8900	863.6	-0.461	1E-3
8920	866.6	-0.466	1E-3
8940	869.8	-0.47	1E-3
8960	872.9	-0.474	1E-3
8980	876.2	-0.479	1E-3
9000	879.2	-0.485	1E-3
9020	882.2	-0.49	1E-3
9040	885.7	-0.497	1E-3
9060	888.6	-0.502	1E-3
9080	891.8	-0.509	1E-3
9100	894.8	-0.514	1E-3
9120	898.3	-0.521	1E-3
9140	901.4	-0.529	1E-3
9160	904.4	-0.537	1E-3
9180	907.7	-0.543	1E-3
9200	911.2	-0.55	1E-3
9220	914.5	-0.558	1E-3
9240	918	-0.566	1E-3
9260	921.2	-0.575	1E-3
9280	924.3	-0.582	1E-3
9300	927.7	-0.59	1E-3
9320	931	-0.598	1E-3
9340	934.5	-0.607	1E-3
9360	938	-0.616	1E-3
9380	941.3	-0.624	1E-3
9400	944.8	-0.631	1E-3
9420	948	-0.64	1E-3
9440	951.5	-0.649	1E-3
9460	955	-0.658	1E-3
9480	958.5	-0.666	1E-3
9500	962	-0.673	1E-3
9530	966.4	-0.687	1E-3
9550	968.4	-0.696	1E-3
9591	972.3	-0.709	1E-3
9611	974	-0.716	1E-3
9631	975.8	-0.722	1E-3
9651	977.5	-0.729	1E-3
9671	979.1	-0.735	1E-3
9691	980.7	-0.74	1E-3
9711	981.8	-0.745	1E-3
9731	983	-0.749	1E-3
9751	984	-0.753	1E-3
9771	985.2	-0.759	1E-3
9791	986.3	-0.763	1E-3
9811	987.2	-0.767	1E-3
9831	988	-0.771	1E-3
9851	988.4	-0.775	1E-3
9871	989.3	-0.779	1E-3
9891	990	-0.782	1E-3
9911	990.3	-0.785	1E-3
9931	990.9	-0.788	1E-3
9951	991	-0.791	1E-3
9971	991.7	-0.793	1E-3
9991	991.9	-0.796	1E-3
10011	992.4	-0.799	1E-3
10031	992.8	-0.802	1E-3
10051	993.1	-0.805	1E-3
10071	993.1	-0.807	1E-3
10091	993.6	-0.809	1E-3
10111	993.8	-0.812	1E-3
10131	994	-0.814	1E-3
10151	994.2	-0.816	1E-3
10171	994.2	-0.818	1E-3
10191	994.3	-0.82	1E-3
10211	994.9	-0.821	1E-3
10231	994.9	-0.823	1E-3
10251	995.2	-0.825	1E-3
10281	995.4	-0.828	1E-3
10301	995.4	-0.829	1E-3
10321	995.6	-0.831	1E-3
10341	995.6	-0.832	1E-3
10361	995.9	-0.833	1E-3
10382	995.9	-0.835	1E-3
10406	996.1	-0.837	1E-3
10426	996.3	-0.839	1E-3
10446	996.3	-0.84	1E-3
10466	996.3	-0.841	1E-3
10486	996.3	-0.843	1E-3
10506	996.5	-0.844	1E-3
10526	996.5	-0.846	1E-3
10546	996.3	-0.847	1E-3
10567	996.5	-0.848	1E-3
10587	996.5	-0.849	1E-3
10607	996.3	-0.85	1E-3
10627	996.6	-0.852	1E-3
10647	996.5	-0.853	1E-3
10667	996.5	-0.854	1E-3
10687	996.8	-0.855	1E-3
10707	997	-0.856	1E-3
10727	996.6	-0.857	1E-3
10747	996.8	-0.858	1E-3
10767	996.6	-0.859	1E-3
10787	996.6	-0.86	1E-3
10807	997	-0.86	1E-3
10827	996.8	-0.861	1E-3
10847	996.8	-0.862	1E-3
10867	996.8	-0.863	1E-3
10887	997.2	-0.864	1E-3
10907	997	-0.865	1E-3
10927	997	-0.866	1E-3
10947	997.2	-0.867	1E-3
10967	997.2	-0.868	1E-3
10987	997.2	-0.868	1E-3
11007	997.2	-0.869	1E-3
11027	997	-0.869	1E-3
11047	997	-0.87	1E-3
11067	997.2	-0.871	1E-3
11087	997.2	-0.871	1E-3
11107	997.2	-0.872	1E-3
11127	997.2	-0.873	1E-3
11147	997.3	-0.874	1E-3
11167	997.5	-0.874	1E-3
11187	997.5	-0.875	1E-3
11207	997.3	-0.876	1E-3
11228	997.5	-0.877	1E-3
11252	997.5	-0.877	1E-3
11273	997.2	-0.878	1E-3
11293	997.3	-0.879	1E-3
11343	994.2	-0.881	1E-3
11363	998.7	-0.881	1E-3
11383	1000.5	-0.881	1E-3
11403	1002	-0.882	1E-3
11423	1003.6	-0.883	1E-3
11443	1005.4	-0.884	1E-3
11463	1007.3	-0.885	1E-3
11483	1009.2	-0.886	1E-3
11503	1011.5	-0.887	1E-3
11523	1013.8	-0.888	1E-3
11543	1015.9	-0.89	1E-3
11563	1018.1	-0.891	1E-3
11583	1020.8	-0.892	1E-3
11603	1023.2	-0.894	1E-3
11623	1026.2	-0.896	1E-3
11643	1029	-0.898	1E-3
11663	1032.2	-0.899	1E-3
11683	1034.9	-0.901	1E-3
11703	1037.9	-0.903	1E-3
11723	1040.9	-0.905	1E-3
11743	1043.9	-0.908	1E-3
11763	1047	-0.91	1E-3
11783	1050.3	-0.912	1E-3
11803	1053.9	-0.915	1E-3
11823	1057	-0.919	1E-3
11843	1060.3	-0.922	1E-3
11863	1063.8	-0.926	1E-3
11883	1067.2	-0.929	1E-3
11903	1070.5	-0.934	1E-3
11923	1074	-0.938	1E-3
11943	1077.3	-0.941	1E-3
11963	1081	-0.946	1E-3
11983	1084.5	-0.95	1E-3
12003	1088.2	-0.954	1E-3
12023	1091.7	-0.96	1E-3
12043	1095	-0.965	1E-3
12063	1098.8	-0.97	1E-3
12083	1102.3	-0.976	1E-3
12103	1106.2	-0.981	1E-3
12123	1109.7	-0.987	1E-3
12144	1113.2	-0.991	1E-3
12164	1116.8	-0.998	1E-3
12184	1120	-1.004	1E-3
12204	1122.4	-1.01	1E-3
12224	1124.7	-1.016	1E-3
12249	1127	-1.022	1E-3
12279	1129.4	-1.029	1E-3
12299	1130.8	-1.033	1E-3
12319	1132.1	-1.038	1E-3
12339	1133.5	-1.042	1E-3
12359	1134.7	-1.046	1E-3
12379	1135.8	-1.05	1E-3
12399	1136.8	-1.054	1E-3
12419	1137.5	-1.058	1E-3
12439	1138.5	-1.061	1E-3
12459	1139.4	-1.064	1E-3
12479	1140.3	-1.067	1E-3
12499	1140.6	-1.07	1E-3
12519	1141.3	-1.072	1E-3
12539	1142.1	-1.076	1E-3
12559	1142.2	-1.078	1E-3
12579	1142.9	-1.081	1E-3
12599	1143.4	-1.084	1E-3
12619	1143.6	-1.087	1E-3
12639	1144	-1.089	1E-3
12659	1144	-1.092	1E-3
12679	1144.3	-1.094	1E-3
12699	1144.3	-1.097	1E-3
12719	1144.7	-1.099	1E-3
12739	1144.8	-1.1	1E-3
12759	1145	-1.102	1E-3
12779	1145.4	-1.104	1E-3
12799	1145.5	-1.106	1E-3
12829	1145.5	-1.109	1E-3
12849	1145.5	-1.11	1E-3
12869	1145.7	-1.112	1E-3
12889	1145.9	-1.114	1E-3
12909	1146.1	-1.116	1E-3
12929	1146.1	-1.117	1E-3
12949	1146.4	-1.119	1E-3
12969	1146.3	-1.121	1E-3
12989	1146.3	-1.122	1E-3
13009	1146.4	-1.124	1E-3
13029	1146.4	-1.126	1E-3
13049	1146.6	-1.127	1E-3
13069	1146.4	-1.129	1E-3
13089	1146.4	-1.13	1E-3
13109	1146.6	-1.131	1E-3
13129	1146.6	-1.133	1E-3
13149	1146.6	-1.134	1E-3
13169	1146.6	-1.136	1E-3
13189	1146.8	-1.137	1E-3
13210	1147	-1.138	1E-3
13230	1147	-1.139	1E-3
13250	1147	-1.14	1E-3
13270	1147	-1.141	1E-3
13290	1147.1	-1.142	1E-3
13310	1147	-1.144	1E-3
13330	1147	-1.145	1E-3
13350	1146.8	-1.146	1E-3
13370	1147	-1.147	1E-3
13390	1147	-1.148	1E-3
13410	1146.6	-1.149	1E-3
13430	1146.8	-1.15	1E-3
13450	1146.4	-1.151	1E-3
13470	1146.6	-1.152	1E-3
13490	1146.8	-1.153	1E-3
13510	1146.8	-1.154	1E-3
13530	1146.8	-1.155	1E-3
13550	1147	-1.156	1E-3
13570	1147.1	-1.157	1E-3
13590	1147.3	-1.158	1E-3
13610	1147.1	-1.159	1E-3
13630	1147.3	-1.16	1E-3
13650	1147	-1.161	1E-3
13670	1147	-1.162	1E-3
13690	1147	-1.163	1E-3
13710	1147	-1.163	1E-3
13730	1147.1	-1.165	1E-3
13750	1147	-1.165	1E-3
13770	1147	-1.166	1E-3
13790	1147.1	-1.167	1E-3
13810	1147	-1.168	1E-3
13830	1147	-1.169	1E-3
13850	1147.1	-1.17	1E-3
13870	1147	-1.171	1E-3
13891	1147	-1.172	1E-3
13911	1147	-1.172	1E-3
13931	1147	-1.173	1E-3
13951	1147.1	-1.174	1E-3
13971	1147	-1.175	1E-3
13991	1147	-1.176	1E-3
14011	1147	-1.177	1E-3
14061	1142.4	-1.178	1E-3
14081	1148.2	-1.178	1E-3
14101	1150.3	-1.179	1E-3
14121	1151.9	-1.18	1E-3
14141	1153.6	-1.18	1E-3
14161	1155.5	-1.181	1E-3
14181	1157.6	-1.182	1E-3
14201	1159.7	-1.183	1E-3
14221	1162	-1.185	1E-3
14241	1164.3	-1.186	1E-3
14261	1166.7	-1.188	1E-3
14281	1169	-1.189	1E-3
14301	1172	-1.19	1E-3
14321	1174.6	-1.191	1E-3
14341	1177.6	-1.192	1E-3
14361	1180.6	-1.194	1E-3
14381	1183.4	-1.196	1E-3
14401	1186.3	-1.198	1E-3
14421	1189.1	-1.2	1E-3
14441	1192.1	-1.202	1E-3
14461	1195.1	-1.205	1E-3
14481	1198.2	-1.208	1E-3
14502	1201.6	-1.21	1E-3
14522	1204.9	-1.213	1E-3
14542	1208.4	-1.216	1E-3
14562	1211.7	-1.218	1E-3
14582	1214.8	-1.221	1E-3
14602	1218	-1.224	1E-3
14622	1221.5	-1.228	1E-3
14642	1225	-1.23	1E-3
14662	1228.5	-1.234	1E-3
14682	1232	-1.238	1E-3
14702	1235.5	-1.242	1E-3
14722	1238.8	-1.246	1E-3
14742	1242.3	-1.25	1E-3
14762	1245.8	-1.254	1E-3
14782	1249.5	-1.259	1E-3
14802	1252.8	-1.262	1E-3
14822	1256.5	-1.267	1E-3
14842	1259.5	-1.271	1E-3
14862	1263.3	-1.275	1E-3
14882	1266.8	-1.28	1E-3
14902	1270.5	-1.285	1E-3
14922	1274	-1.29	1E-3
14942	1277.5	-1.295	1E-3
14967	1281	-1.3	1E-3
14987	1283.1	-1.305	1E-3
15027	1287.3	-1.312	1E-3
15047	1288.5	-1.316	1E-3
15067	1290.1	-1.32	1E-3
15087	1291.2	-1.323	1E-3
15107	1292.2	-1.326	1E-3
15127	1293.1	-1.329	1E-3
15147	1293.8	-1.332	1E-3
15167	1294.7	-1.335	1E-3
15187	1295.2	-1.337	1E-3
15207	1295.7	-1.339	1E-3
15227	1296.4	-1.341	1E-3
15247	1296.9	-1.343	1E-3
15267	1297.1	-1.345	1E-3
15287	1297.4	-1.347	1E-3
15307	1297.6	-1.348	1E-3
15327	1297.8	-1.349	1E-3
15347	1298.2	-1.351	1E-3
15367	1298.3	-1.352	1E-3
15387	1298.3	-1.353	1E-3
15407	1298.5	-1.355	1E-3
15427	1298.8	-1.356	1E-3
15447	1299	-1.357	1E-3
15487	1299	-1.36	1E-3
15507	1299.2	-1.361	1E-3
15527	1299.2	-1.362	1E-3
15547	1299	-1.363	1E-3
15568	1299.4	-1.364	1E-3
15588	1299.2	-1.365	1E-3
15608	1299.4	-1.366	1E-3
15628	1299.2	-1.367	1E-3
15648	1299	-1.368	1E-3
15668	1299.4	-1.368	1E-3
15688	1299.6	-1.369	1E-3
15708	1299.6	-1.37	1E-3
15728	1299.6	-1.371	1E-3
15748	1299.4	-1.371	1E-3
15768	1299.4	-1.372	1E-3
15788	1299.2	-1.373	1E-3
15808	1299.4	-1.374	1E-3
15828	1299.4	-1.375	1E-3
15848	1299.4	-1.375	1E-3
15868	1299.4	-1.376	1E-3
15888	1299.4	-1.377	1E-3
15908	1299	-1.377	1E-3
15928	1299.4	-1.378	1E-3
15948	1299.6	-1.378	1E-3
15968	1299.4	-1.379	1E-3
15988	1299.6	-1.379	1E-3
16008	1299.6	-1.38	1E-3
16028	1299.4	-1.38	1E-3
16048	1299.4	-1.381	1E-3
16068	1299.4	-1.381	1E-3
16088	1299.4	-1.381	1E-3
16108	1299.6	-1.382	1E-3
16128	1299.4	-1.382	1E-3
16148	1299.6	-1.383	1E-3
16168	1299.6	-1.383	1E-3
16188	1299.6	-1.384	1E-3
16208	1299.6	-1.384	1E-3
16228	1299.4	-1.385	1E-3
16248	1299.6	-1.385	1E-3
16268	1299.7	-1.386	1E-3
16288	1299.6	-1.386	1E-3
16308	1299.7	-1.387	1E-3
16328	1299.4	-1.387	1E-3
16348	1299.6	-1.388	1E-3
16368	1299.4	-1.388	1E-3
16388	1299.6	-1.388	1E-3
16409	1299.4	-1.388	1E-3
16429	1299.4	-1.389	1E-3
16449	1299.6	-1.389	1E-3
16469	1299.4	-1.389	1E-3
16489	1299.7	-1.39	1E-3
16509	1299.2	-1.39	1E-3
16529	1299.7	-1.39	1E-3
16549	1299.6	-1.39	1E-3
16569	1299.6	-1.391	1E-3
16589	1299.6	-1.391	1E-3
16609	1299.7	-1.391	1E-3
16629	1299.6	-1.392	1E-3
16649	1299.6	-1.392	1E-3
16669	1299.7	-1.392	1E-3
16689	1299.6	-1.392	1E-3
16709	1299.6	-1.393	1E-3
16729	1299.6	-1.393	1E-3
16779	1291.3	-1.395	1E-3
16799	1295.5	-1.394	1E-3
16819	1294	-1.395	1E-3
16839	1290.8	-1.395	1E-3
16859	1287	-1.396	1E-3
16879	1282.6	-1.396	1E-3
16899	1278	-1.396	1E-3
16919	1273.5	-1.396	1E-3
16939	1268.4	-1.397	1E-3
16959	1263.2	-1.397	1E-3
16979	1257.7	-1.397	1E-3
16999	1252.3	-1.397	1E-3
17019	1246.7	-1.397	1E-3
17039	1240.8	-1.397	1E-3
17059	1235	-1.397	1E-3
17079	1229.4	-1.397	1E-3
17099	1223.4	-1.397	1E-3
17119	1217.3	-1.397	1E-3
17139	1211.5	-1.397	1E-3
17159	1205.4	-1.397	1E-3
17179	1199.5	-1.397	1E-3
17199	1193.5	-1.397	1E-3
17219	1187.7	-1.398	1E-3
17239	1181.3	-1.398	1E-3
17259	1175.3	-1.398	1E-3
17279	1169.3	-1.398	1E-3
17299	1163.2	-1.398	1E-3
17320	1157.3	-1.398	1E-3
17340	1151.1	-1.398	1E-3
17360	1145	-1.399	1E-3
17380	1139.2	-1.399	1E-3
17400	1133.1	-1.399	1E-3
17420	1127	-1.399	1E-3
17440	1121.2	-1.399	1E-3
17460	1115.5	-1.4	1E-3
17480	1109.2	-1.4	1E-3
17500	1103	-1.4	1E-3
17520	1097.1	-1.4	1E-3
17540	1090.6	-1.4	1E-3
17560	1084.6	-1.4	1E-3
17580	1078.9	-1.4	1E-3
17600	1072.8	-1.401	1E-3
17620	1066.8	-1.401	1E-3
17640	1060.7	-1.401	1E-3
17660	1055.1	-1.401	1E-3
17680	1049.3	-1.401	1E-3
17700	1043.2	-1.402	1E-3
17720	1037.4	-1.402	1E-3
17740	1031.8	-1.402	1E-3
17760	1026	-1.402	1E-3
17780	1020.4	-1.402	1E-3
17800	1015	-1.402	1E-3
17820	1009.9	-1.403	1E-3
17840	1004.5	-1.403	1E-3
17860	999.2	-1.403	1E-3
17880	994	-1.403	1E-3
17900	988.9	-1.404	1E-3
17920	983.9	-1.404	1E-3
17940	978.8	-1.404	1E-3
17960	973.7	-1.404	1E-3
17980	968.6	-1.404	1E-3
18000	963.9	-1.405	1E-3
18020	959.2	-1.405	1E-3
18040	954.3	-1.405	1E-3
18061	949.5	-1.406	1E-3
18081	944.8	-1.406	1E-3
18101	940.5	-1.406	1E-3
18121	935.9	-1.406	1E-3
18141	931.4	-1.407	1E-3
18161	926.8	-1.407	1E-3
18181	922.6	-1.407	1E-3
18201	918.4	-1.407	1E-3
18221	914.2	-1.407	1E-3
18241	909.8	-1.408	1E-3
18261	905.6	-1.408	1E-3
18281	901.3	-1.408	1E-3
18301	897.6	-1.408	1E-3
18321	893.6	-1.409	1E-3
18341	889.5	-1.409	1E-3
18361	885.5	-1.409	1E-3
18381	881.5	-1.409	1E-3
18401	877.6	-1.41	1E-3
18421	874	-1.41	1E-3
18441	869.9	-1.41	1E-3
18461	866.3	-1.41	1E-3
18481	862.2	-1.411	1E-3
18501	858.4	-1.411	1E-3
18521	854.4	-1.411	1E-3
18541	850.8	-1.411	1E-3
18561	847.5	-1.411	1E-3
18581	843.5	-1.412	1E-3
18601	839.8	-1.412	1E-3
18621	836.1	-1.412	1E-3
18641	832.7	-1.412	1E-3
18661	829.2	-1.413	1E-3
18681	825.7	-1.413	1E-3
18701	822.3	-1.413	1E-3
18721	818.8	-1.414	1E-3
18741	815.5	-1.414	1E-3
18761	812	-1.414	1E-3
18781	808.5	-1.414	1E-3
18801	805.5	-1.415	1E-3
18821	802.2	-1.415	1E-3
18841	799	-1.415	1E-3
18861	795.7	-1.415	1E-3
18882	792.4	-1.416	1E-3
18906	788.2	-1.416	1E-3
18926	785.2	-1.416	1E-3
18946	782.3	-1.416	1E-3
18966	778.9	-1.417	1E-3
18987	776	-1.417	1E-3
19007	772.8	-1.417	1E-3
19027	769.6	-1.417	1E-3
19047	766.7	-1.417	1E-3
19067	763.5	-1.418	1E-3
19087	760.5	-1.418	1E-3
19107	757.8	-1.418	1E-3
19127	754.6	-1.418	1E-3
19147	751.6	-1.418	1E-3
19167	748.7	-1.418	1E-3
19187	745.7	-1.419	1E-3
19207	742.3	-1.419	1E-3
19227	739.5	-1.419	1E-3
19247	736.6	-1.419	1E-3
19267	733.9	-1.419	1E-3
19287	731	-1.419	1E-3
19307	728	-1.419	1E-3
19327	725.2	-1.42	1E-3
19347	722.2	-1.42	1E-3
19367	719.4	-1.42	1E-3
19387	716.6	-1.42	1E-3
19407	713.6	-1.42	1E-3
19427	711	-1.421	1E-3
19447	708.2	-1.421	1E-3
19467	705.8	-1.421	1E-3
19487	703.2	-1.421	1E-3
19507	700.4	-1.421	1E-3
19527	697.7	-1.421	1E-3
19547	695.1	-1.422	1E-3
19567	692.7	-1.422	1E-3
19587	689.7	-1.422	1E-3
19607	687.2	-1.422	1E-3
19627	684.8	-1.422	1E-3
19647	682.1	-1.423	1E-3
19667	679.5	-1.423	1E-3
19687	677.1	-1.423	1E-3
19707	674.5	-1.423	1E-3
19727	672	-1.423	1E-3
19747	669.4	-1.424	1E-3
19767	666.9	-1.424	1E-3
19787	664.5	-1.424	1E-3
19807	662	-1.424	1E-3
19827	659.8	-1.424	1E-3
19847	657.5	-1.425	1E-3
19867	654.8	-1.425	1E-3
19887	652.4	-1.425	1E-3
19907	650	-1.425	1E-3
19927	647.3	-1.425	1E-3
19947	644.7	-1.426	1E-3
19967	642.4	-1.426	1E-3
19987	639.6	-1.426	1E-3
20007	637.5	-1.426	1E-3
20027	635.3	-1.426	1E-3
20048	633	-1.426	1E-3
20103	626.1	-1.427	1E-3
20123	624	-1.427	1E-3
20143	621.6	-1.427	1E-3
20163	619.2	-1.427	1E-3
20183	616.9	-1.428	1E-3
20203	614.6	-1.428	1E-3
20223	612.3	-1.428	1E-3
20243	610.2	-1.428	1E-3
20263	608	-1.428	1E-3
20283	605.5	-1.428	1E-3
20303	603.4	-1.428	1E-3
20323	601.1	-1.428	1E-3
20343	599	-1.429	1E-3
20363	596.8	-1.429	1E-3
20383	594.5	-1.429	1E-3
20403	592.2	-1.429	1E-3
20423	590.1	-1.429	1E-3
20443	588	-1.429	1E-3
20463	585.7	-1.429	1E-3
20483	583.8	-1.429	1E-3
20503	581.5	-1.43	1E-3
20523	579.6	-1.43	1E-3
20543	577.3	-1.43	1E-3
20563	575.2	-1.43	1E-3
20583	573.1	-1.43	1E-3
20603	571	-1.43	1E-3
20623	568.9	-1.43	1E-3
20643	566.7	-1.43	1E-3
20663	564.7	-1.43	1E-3
20683	562.6	-1.431	1E-3
20703	560.7	-1.431	1E-3
20723	559	-1.431	1E-3
20743	556.7	-1.431	1E-3
20763	554.8	-1.431	1E-3
20783	552.7	-1.431	1E-3
20803	550.5	-1.431	1E-3
20823	548.3	-1.431	1E-3
20843	546.3	-1.431	1E-3
20863	544.4	-1.432	1E-3
20883	542.5	-1.432	1E-3
20903	540.2	-1.432	1E-3
20923	538.3	-1.432	1E-3
20943	536.4	-1.432	1E-3
20963	534.5	-1.432	1E-3
20984	532.3	-1.432	1E-3
21004	530.4	-1.432	1E-3
21024	528.3	-1.433	1E-3
21044	526.4	-1.433	1E-3
21064	524.5	-1.433	1E-3
21084	522.4	-1.433	1E-3
21104	520.6	-1.433	1E-3
21124	518.7	-1.433	1E-3
21144	516.8	-1.434	1E-3
21164	514.8	-1.434	1E-3
21184	512.8	-1.434	1E-3
21204	511.2	-1.434	1E-3
21224	509.4	-1.434	1E-3
21244	507.5	-1.434	1E-3
21264	505.6	-1.434	1E-3
21284	503.7	-1.434	1E-3
21304	501.7	-1.435	1E-3
21324	500	-1.435	1E-3
21344	498	-1.435	1E-3
21364	496.1	-1.435	1E-3
21384	494.2	-1.435	1E-3
21404	492.4	-1.435	1E-3
21424	490.7	-1.435	1E-3
21444	488.8	-1.436	1E-3
21464	487.2	-1.436	1E-3
21484	485.4	-1.436	1E-3
21504	483.7	-1.436	1E-3
21524	482.1	-1.436	1E-3
21544	480.4	-1.436	1E-3
21564	478.3	-1.436	1E-3
21584	476.7	-1.436	1E-3
21604	474.8	-1.437	1E-3
21624	473	-1.437	1E-3
21644	471.3	-1.437	1E-3
21664	469.5	-1.437	1E-3
21684	467.6	-1.437	1E-3
21704	466.4	-1.437	1E-3
21724	464.3	-1.437	1E-3
21744	463	-1.438	1E-3
21764	460.9	-1.438	1E-3
21784	459.7	-1.438	1E-3
21804	458.1	-1.438	1E-3
21824	456.6	-1.438	1E-3
21844	454.8	-1.438	1E-3
21865	453.1	-1.438	1E-3
21885	451.3	-1.438	1E-3
21905	449.6	-1.438	1E-3
21925	447.8	-1.439	1E-3
21945	446.3	-1.439	1E-3
21965	444.7	-1.439	1E-3
21985	442.9	-1.439	1E-3
22005	441.4	-1.439	1E-3
22025	439.8	-1.439	1E-3
22045	438.2	-1.439	1E-3
22065	436.5	-1.439	1E-3
22085	435.1	-1.439	1E-3
22105	433.5	-1.439	1E-3
22125	431.6	-1.44	1E-3
22145	430	-1.44	1E-3
22165	428.4	-1.44	1E-3
22185	426.8	-1.44	1E-3
22205	425.1	-1.44	1E-3
22225	423.3	-1.44	1E-3
22245	421.8	-1.44	1E-3
22265	420	-1.44	1E-3
22285	418.4	-1.441	1E-3
22305	417.2	-1.441	1E-3
22325	415.4	-1.441	1E-3
22345	414	-1.441	1E-3
22365	412.6	-1.441	1E-3
22385	411.1	-1.441	1E-3
22405	409.7	-1.441	1E-3
22425	408.3	-1.441	1E-3
22445	406.7	-1.441	1E-3
22465	404.8	-1.441	1E-3
22485	403.7	-1.441	1E-3
22505	401.8	-1.441	1E-3
22525	400.4	-1.442	1E-3
22545	399.2	-1.442	1E-3
22565	397.8	-1.442	1E-3
22586	396	-1.442	1E-3
22606	394.5	-1.442	1E-3
22629	392.9	-1.442	1E-3
22651	391.3	-1.442	1E-3
22671	389.7	-1.442	1E-3
22691	388.3	-1.442	1E-3
22711	386.8	-1.443	1E-3
22731	385.7	-1.443	1E-3
22751	384	-1.443	1E-3
22771	382.9	-1.443	1E-3
22791	381.3	-1.443	1E-3
22812	379.9	-1.443	1E-3
22836	378.2	-1.443	1E-3
22856	376.8	-1.443	1E-3
22876	375.4	-1.443	1E-3
22896	374	-1.443	1E-3
22916	372.6	-1.444	1E-3
22936	371.3	-1.444	1E-3
22957	369.8	-1.444	1E-3
22977	368.4	-1.444	1E-3
22997	366.8	-1.444	1E-3
23017	365.6	-1.444	1E-3
23037	364.2	-1.444	1E-3
23057	362.9	-1.444	1E-3
23077	361.5	-1.444	1E-3
23097	360	-1.445	1E-3
23117	358.6	-1.445	1E-3
23137	357.4	-1.445	1E-3
23157	356.5	-1.445	1E-3
23177	355.3	-1.445	1E-3
23197	353.9	-1.445	1E-3
23217	352.3	-1.445	1E-3
23237	351	-1.445	1E-3
23257	349.8	-1.445	1E-3
23277	348.1	-1.445	1E-3
23297	346.5	-1.445	1E-3
23317	345.5	-1.445	1E-3
23337	344.1	-1.446	1E-3
23357	342.7	-1.446	1E-3
23377	341.3	-1.446	1E-3
23397	340.2	-1.446	1E-3
23417	338.6	-1.446	1E-3
23437	337.6	-1.446	1E-3
23457	336.2	-1.446	1E-3
23477	334.9	-1.446	1E-3
23497	333.7	-1.446	1E-3
23517	332.7	-1.446	1E-3
23537	331.5	-1.447	1E-3
23558	330.2	-1.447	1E-3
23582	328.6	-1.447	1E-3
23602	327.3	-1.447	1E-3
23623	325.9	-1.447	1E-3
23643	324.8	-1.447	1E-3
23663	323.4	-1.447	1E-3
23683	322	-1.447	1E-3
23703	321	-1.447	1E-3
23723	319.7	-1.447	1E-3
23743	318.3	-1.447	1E-3
23763	317.3	-1.447	1E-3
23783	315.9	-1.448	1E-3
23803	315	-1.448	1E-3
23823	313.4	-1.448	1E-3
23843	312	-1.448	1E-3
23863	310.8	-1.448	1E-3
23883	309.9	-1.448	1E-3
23903	308.5	-1.448	1E-3
23923	307.5	-1.448	1E-3
23943	306.6	-1.448	1E-3
23963	305.5	-1.448	1E-3
23983	304.3	-1.448	1E-3
24003	302.9	-1.448	1E-3
24023	302	-1.449	1E-3
24043	300.8	-1.449	1E-3
24063	299.4	-1.449	1E-3
24083	298.2	-1.449	1E-3
24103	297.1	-1.449	1E-3
24123	295.8	-1.449	1E-3
24143	294.5	-1.449	1E-3
24163	293.3	-1.449	1E-3
24183	292.4	-1.449	1E-3
24203	291.2	-1.449	1E-3
24223	290.5	-1.449	1E-3
24243	289.3	-1.449	1E-3
24264	287.9	-1.449	1E-3
24289	286.8	-1.449	1E-3
24309	285.9	-1.45	1E-3
24329	284.7	-1.45	1E-3
24349	283.5	-1.45	1E-3
24369	282.8	-1.45	1E-3
24389	281.6	-1.45	1E-3
24409	280.7	-1.45	1E-3
24429	279.5	-1.45	1E-3
24449	278.3	-1.45	1E-3
24469	277.4	-1.45	1E-3
24489	276	-1.45	1E-3
24509	275.1	-1.45	1E-3
24529	274	-1.45	1E-3
24549	273	-1.451	1E-3
24569	271.8	-1.451	1E-3
24589	270.9	-1.451	1E-3
24609	269.9	-1.451	1E-3
24629	268.6	-1.451	1E-3
24649	267.8	-1.451	1E-3
24669	266.7	-1.451	1E-3
24689	265.5	-1.451	1E-3
24709	264.6	-1.451	1E-3
24729	263.5	-1.451	1E-3
24749	262.5	-1.451	1E-3
24769	261.4	-1.451	1E-3
24789	260.2	-1.451	1E-3
24809	259.5	-1.451	1E-3
24829	258.3	-1.452	1E-3
24849	257.3	-1.452	1E-3
24869	256.5	-1.452	1E-3
24889	255.3	-1.452	1E-3
24909	254.4	-1.452	1E-3
24929	253.4	-1.452	1E-3
24949	252	-1.452	1E-3
24969	251.5	-1.452	1E-3
24989	250.6	-1.452	1E-3
25009	249.2	-1.452	1E-3
25029	248.3	-1.452	1E-3
25049	247.3	-1.453	1E-3
25069	246.6	-1.453	1E-3
25089	245.4	-1.453	1E-3
25109	244.5	-1.453	1E-3
25130	243.3	-1.453	1E-3
25150	242.5	-1.453	1E-3
25170	241.5	-1.453	1E-3
25190	240.3	-1.453	1E-3
25210	239.2	-1.453	1E-3
25230	238.3	-1.453	1E-3
25250	237.5	-1.453	1E-3
25270	236.4	-1.453	1E-3
25290	235.9	-1.453	1E-3
25310	234.7	-1.453	1E-3
25330	233.8	-1.454	1E-3
25350	232.9	-1.454	1E-3
25370	231.7	-1.454	1E-3
25390	231	-1.454	1E-3
25410	230.1	-1.454	1E-3
25430	229.4	-1.454	1E-3
25450	228.4	-1.454	1E-3
25470	227.7	-1.454	1E-3
25490	226.6	-1.454	1E-3
25510	226.1	-1.454	1E-3
25530	225.1	-1.454	1E-3
25550	224	-1.454	1E-3
25570	223.1	-1.455	1E-3
25590	222.3	-1.455	1E-3
25610	221.5	-1.455	1E-3
25630	220.5	-1.455	1E-3
25650	219.6	-1.455	1E-3
25670	218.9	-1.455	1E-3
25690	218.1	-1.455	1E-3
25710	217.2	-1.455	1E-3
25730	216.1	-1.455	1E-3
25750	215.3	-1.455	1E-3
25770	214.7	-1.455	1E-3
25790	213.5	-1.455	1E-3
25810	212.6	-1.455	1E-3
25830	211.8	-1.455	1E-3
25850	211.1	-1.455	1E-3
25870	210.2	-1.456	1E-3
25890	209.5	-1.456	1E-3
25910	208.6	-1.456	1E-3
25930	207.7	-1.456	1E-3
25950	207	-1.456	1E-3
25970	206.1	-1.456	1E-3
25990	205.3	-1.456	1E-3
26011	204.6	-1.456	1E-3
26035	203.5	-1.456	1E-3
26055	202.6	-1.456	1E-3
26075	202.1	-1.456	1E-3
26095	201.4	-1.456	1E-3
26115	200.4	-1.456	1E-3
26135	199.7	-1.457	1E-3
26155	199.2	-1.457	1E-3
26175	198.1	-1.457	1E-3
26196	197.6	-1.457	1E-3
26216	196.5	-1.457	1E-3
26236	195.6	-1.457	1E-3
26256	194.6	-1.457	1E-3
26276	194.1	-1.457	1E-3
26296	193.4	-1.457	1E-3
26316	192.5	-1.457	1E-3
26336	191.6	-1.457	1E-3
26356	190.9	-1.457	1E-3
26376	190.1	-1.457	1E-3
26396	189.2	-1.457	1E-3
26416	188.3	-1.457	1E-3
26436	187.4	-1.457	1E-3
26456	186.7	-1.457	1E-3
26476	186	-1.457	1E-3
26496	185.5	-1.457	1E-3
26516	184.6	-1.458	1E-3
26536	183.6	-1.458	1E-3
26556	182.7	-1.458	1E-3
26576	182.2	-1.458	1E-3
26596	181.5	-1.458	1E-3
26616	180.8	-1.458	1E-3
26636	180.1	-1.458	1E-3
26656	179.4	-1.458	1E-3
26676	178.5	-1.458	1E-3
26696	178	-1.458	1E-3
26716	177.1	-1.458	1E-3
26736	176.6	-1.458	1E-3
26756	175.9	-1.458	1E-3
26776	175.2	-1.458	1E-3
26796	174.8	-1.458	1E-3
26816	174.3	-1.458	1E-3
26836	172.9	-1.459	1E-3
26856	172.6	-1.459	1E-3
26876	171.8	-1.459	1E-3
26896	171.3	-1.459	1E-3
26916	170.8	-1.459	1E-3
26936	169.9	-1.459	1E-3
26956	168.9	-1.459	1E-3
26976	168.3	-1.459	1E-3
26996	167.6	-1.459	1E-3
27016	166.9	-1.459	1E-3
27036	166.3	-1.459	1E-3
27056	165.6	-1.459	1E-3
27076	164.7	-1.459	1E-3
27096	163.8	-1.459	1E-3
27116	163.4	-1.459	1E-3
27136	162.8	-1.459	1E-3
27156	161.9	-1.459	1E-3
27176	161.4	-1.459	1E-3
27196	160.7	-1.459	1E-3
27217	160.3	-1.459	1E-3
27237	159.8	-1.459	1E-3
27257	158.9	-1.46	1E-3
27277	158.6	-1.46	1E-3
27297	157.7	-1.46	1E-3
27317	157.1	-1.46	1E-3
27337	156.4	-1.46	1E-3
27357	155.9	-1.46	1E-3
27377	155.2	-1.46	1E-3
27397	154.7	-1.46	1E-3
27417	154	-1.46	1E-3
27437	153.5	-1.46	1E-3
27457	152.8	-1.46	1E-3
27477	152.3	-1.46	1E-3
27497	151.6	-1.46	1E-3
27517	150.8	-1.46	1E-3
27537	150.3	-1.46	1E-3
27557	149.8	-1.46	1E-3
27577	149.3	-1.46	1E-3
27597	148.6	-1.46	1E-3
27617	147.9	-1.46	1E-3
27637	147.5	-1.46	1E-3
27657	147.2	-1.46	1E-3
27677	146.1	-1.46	1E-3
27697	145.4	-1.46	1E-3
27717	144.9	-1.46	1E-3
27737	144.4	-1.46	1E-3
27757	143.7	-1.46	1E-3
27777	143	-1.46	1E-3
27797	142.6	-1.461	1E-3
27817	141.9	-1.461	1E-3
27837	141.4	-1.461	1E-3
27857	140.9	-1.461	1E-3
27877	140.2	-1.461	1E-3
27897	139.7	-1.461	1E-3
27917	139	-1.461	1E-3
27938	138.4	-1.461	1E-3
27962	138.1	-1.461	1E-3
27983	136.9	-1.461	1E-3
28003	136.9	-1.461	1E-3
28023	135.8	-1.461	1E-3
28043	135.3	-1.461	1E-3
28063	134.8	-1.461	1E-3
28083	134.2	-1.461	1E-3
28103	133.7	-1.461	1E-3
28123	133.4	-1.461	1E-3
28143	132.8	-1.461	1E-3
28163	132.5	-1.461	1E-3
28183	131.9	-1.461	1E-3
28203	131.8	-1.461	1E-3
28223	130.9	-1.461	1E-3
28243	130.4	-1.461	1E-3
28263	129.9	-1.461	1E-3
28283	129.1	-1.461	1E-3
28303	129	-1.461	1E-3
28323	128.4	-1.461	1E-3
28343	128.1	-1.461	1E-3
28363	127.4	-1.461	1E-3
28383	127.2	-1.461	1E-3
28403	126.3	-1.461	1E-3
28423	126	-1.461	1E-3
28443	125.5	-1.461	1E-3
28463	125	-1.461	1E-3
28483	124.6	-1.461	1E-3
28503	124.1	-1.461	1E-3
28523	123.4	-1.461	1E-3
28543	123	-1.461	1E-3
28563	122.3	-1.461	1E-3
28583	121.8	-1.461	1E-3
28603	121.3	-1.461	1E-3
28623	120.8	-1.461	1E-3
28643	120.2	-1.461	1E-3
28663	120	-1.461	1E-3
28683	119.5	-1.461	1E-3
28703	119.2	-1.461	1E-3
28723	118.5	-1.461	1E-3
28743	118.3	-1.461	1E-3
28763	117.8	-1.461	1E-3
28784	117.3	-1.462	1E-3
28808	116.7	-1.462	1E-3
28829	115.8	-1.462	1E-3
28849	115.5	-1.462	1E-3
28869	115.3	-1.462	1E-3
28889	114.6	-1.462	1E-3
28909	114.3	-1.462	1E-3
28929	113.9	-1.462	1E-3
28949	113.4	-1.462	1E-3
28969	113.2	-1.462	1E-3
28989	112.5	-1.462	1E-3
29009	112.2	-1.462	1E-3
29029	111.5	-1.462	1E-3
29049	111.3	-1.462	1E-3
29069	111.1	-1.462	1E-3
29089	110.4	-1.462	1E-3
29109	110.3	-1.462	1E-3
29129	110.1	-1.462	1E-3
29149	109.6	-1.462	1E-3
29169	109.2	-1.462	1E-3
29189	108.8	-1.462	1E-3
29209	108.5	-1.462	1E-3
29229	107.8	-1.462	1E-3
29249	107.6	-1.462	1E-3
29269	107.3	-1.462	1E-3
29289	106.8	-1.462	1E-3
29309	106.4	-1.462	1E-3
29329	106	-1.462	1E-3
29349	105.5	-1.462	1E-3
29369	105.2	-1.462	1E-3
29389	104.7	-1.462	1E-3
29409	104.5	-1.462	1E-3
29429	103.9	-1.462	1E-3
29449	103.4	-1.462	1E-3
29469	103.3	-1.462	1E-3
29489	102.7	-1.462	1E-3
29509	102.4	-1.462	1E-3
29529	101.9	-1.462	1E-3
29549	101.3	-1.462	1E-3
29569	101.2	-1.462	1E-3
29589	101	-1.462	1E-3
29609	100.3	-1.462	1E-3
29629	100.3	-1.462	1E-3
29649	99.7	-1.462	1E-3
29669	99.2	-1.462	1E-3
29689	98.7	-1.462	1E-3
29709	98.7	-1.462	1E-3
29729	98.5	-1.462	1E-3
29750	97.5	-1.462	1E-3
29770	97.3	-1.462	1E-3
29790	96.9	-1.462	1E-3
29810	96.6	-1.462	1E-3
29830	96.3	-1.462	1E-3
29850	95.9	-1.462	1E-3
29870	95.6	-1.463	1E-3
29890	95.2	-1.463	1E-3
29910	94.7	-1.463	1E-3
29930	94.5	-1.463	1E-3
29950	94.2	-1.463	1E-3
29970	93.5	-1.463	1E-3
29990	93.3	-1.463	1E-3
30010	92.9	-1.463	1E-3
30030	92.6	-1.463	1E-3
30050	92.1	-1.463	1E-3
30070	91.9	-1.463	1E-3
30090	91.5	-1.463	1E-3
30110	91.2	-1.463	1E-3
30130	90.6	-1.463	1E-3
30150	90.3	-1.463	1E-3
30170	90.3	-1.463	1E-3
30190	89.6	-1.463	1E-3
30210	89.1	-1.463	1E-3
30230	88.7	-1.463	1E-3
30250	88.4	-1.463	1E-3
30270	88	-1.463	1E-3
30290	88	-1.463	1E-3
30310	87.8	-1.463	1E-3
30330	87.3	-1.463	1E-3
30350	86.8	-1.463	1E-3
30370	86.5	-1.463	1E-3
30390	86.1	-1.463	1E-3
30410	86.1	-1.463	1E-3
30430	85.8	-1.463	1E-3
30450	85.4	-1.463	1E-3
30470	84.9	-1.463	1E-3
30490	84.7	-1.463	1E-3
30510	84.5	-1.463	1E-3
30530	84.2	-1.463	1E-3
30550	84.2	-1.463	1E-3
30570	83.5	-1.463	1E-3
30590	82.8	-1.463	1E-3
30610	82.8	-1.463	1E-3
30630	82.6	-1.463	1E-3
30650	82.4	-1.463	1E-3
30670	82.1	-1.463	1E-3
30690	81.7	-1.463	1E-3
30710	81.4	-1.463	1E-3
30730	81.4	-1.463	1E-3
30750	81	-1.463	1E-3
30770	80.8	-1.463	1E-3
30790	80.5	-1.463	1E-3
30810	80.5	-1.463	1E-3
30830	80	-1.464	1E-3
30850	79.8	-1.464	1E-3
30870	79.5	-1.464	1E-3
30890	79.1	-1.464	1E-3
30910	78.9	-1.464	1E-3
30930	78.6	-1.464	1E-3
30950	78.4	-1.464	1E-3
30970	78	-1.464	1E-3
30990	77.9	-1.464	1E-3
31010	77.5	-1.464	1E-3
31030	77.2	-1.464	1E-3
31051	77	-1.464	1E-3
31071	76.7	-1.464	1E-3
31091	76.3	-1.464	1E-3
31111	76	-1.464	1E-3
31131	76.3	-1.464	1E-3
31151	75.8	-1.464	1E-3
31171	75.6	-1.464	1E-3
31191	75.1	-1.464	1E-3
31211	75.1	-1.464	1E-3
31231	74.7	-1.464	1E-3
31251	74.6	-1.464	1E-3
31271	74.6	-1.464	1E-3
31291	74.2	-1.464	1E-3
31311	73.7	-1.464	1E-3
31331	73.5	-1.464	1E-3
31351	73	-1.464	1E-3
31371	72.6	-1.464	1E-3
31391	72.5	-1.464	1E-3
31411	72.5	-1.464	1E-3
31431	72.1	-1.464	1E-3
31451	71.7	-1.464	1E-3
31471	71.6	-1.464	1E-3
31491	71.4	-1.464	1E-3
31511	71.2	-1.464	1E-3
31531	70.9	-1.464	1E-3
31551	71	-1.464	1E-3
31571	70.3	-1.464	1E-3
31591	70.7	-1.464	1E-3
31611	70.2	-1.464	1E-3
31631	70.2	-1.464	1E-3
31651	69.7	-1.464	1E-3
31671	69.7	-1.464	1E-3
31691	69.1	-1.464	1E-3
31711	69.1	-1.464	1E-3
31731	68.4	-1.464	1E-3
31751	68.4	-1.464	1E-3
31771	68.3	-1.464	1E-3
31792	68.1	-1.464	1E-3
31812	67.5	-1.465	1E-3
31832	67.5	-1.465	1E-3
31852	67.4	-1.465	1E-3
31872	67	-1.465	1E-3
31892	67	-1.465	1E-3
31912	66.5	-1.465	1E-3
31932	66.3	-1.465	1E-3
31952	66.3	-1.465	1E-3
31972	66.2	-1.465	1E-3
31992	65.8	-1.465	1E-3
32012	65.6	-1.465	1E-3
32032	65.8	-1.465	1E-3
32052	64.9	-1.465	1E-3
32072	64.8	-1.465	1E-3
32092	64.8	-1.465	1E-3
32112	64.6	-1.465	1E-3
32132	64.2	-1.465	1E-3
32152	63.9	-1.465	1E-3
32172	64.2	-1.465	1E-3
32192	63.5	-1.465	1E-3
32212	63.7	-1.465	1E-3
32232	63.5	-1.465	1E-3
32252	63.2	-1.465	1E-3
32272	63.3	-1.465	1E-3
32292	62.5	-1.465	1E-3
32312	62.1	-1.465	1E-3
32332	62	-1.465	1E-3
32352	62	-1.465	1E-3
32372	62	-1.465	1E-3
32393	61.8	-1.465	1E-3
32417	61.3	-1.465	1E-3
32438	61.3	-1.465	1E-3
32458	61.1	-1.465	1E-3
32478	60.7	-1.465	1E-3
32498	60.7	-1.465	1E-3
32518	60.6	-1.465	1E-3
32538	60.2	-1.465	1E-3
32558	60	-1.465	1E-3
32578	60.2	-1.465	1E-3
32598	60	-1.465	1E-3
32618	59.7	-1.465	1E-3
32638	59.7	-1.465	1E-3
32658	59.3	-1.465	1E-3
32678	59	-1.465	1E-3
32698	59.2	-1.465	1E-3
32718	58.8	-1.465	1E-3
32738	58.6	-1.465	1E-3
32758	58.3	-1.465	1E-3
32778	58.1	-1.465	1E-3
32798	57.9	-1.465	1E-3
32818	57.6	-1.465	1E-3
32838	57.6	-1.465	1E-3
32858	57.4	-1.465	1E-3
32878	57	-1.466	1E-3
32898	57	-1.466	1E-3
32918	56.7	-1.466	1E-3
32938	56.4	-1.466	1E-3
32958	56.4	-1.466	1E-3
32978	56.2	-1.466	1E-3
32998	55.8	-1.466	1E-3
33018	55.8	-1.466	1E-3
33038	55.7	-1.466	1E-3
33058	55.5	-1.466	1E-3
33078	55.5	-1.466	1E-3
33098	55.1	-1.466	1E-3
33118	55	-1.466	1E-3
33138	55.1	-1.466	1E-3
33158	55	-1.466	1E-3
33178	55.1	-1.466	1E-3
33198	54.6	-1.466	1E-3
33218	54.6	-1.466	1E-3
33238	54.4	-1.466	1E-3
33258	54.3	-1.466	1E-3
33278	54.4	-1.466	1E-3
33298	54.1	-1.466	1E-3
33318	54.3	-1.466	1E-3
33338	53.5	-1.466	1E-3
33358	53.9	-1.466	1E-3
33378	53	-1.466	1E-3
33398	52.8	-1.466	1E-3
33418	53	-1.466	1E-3
33439	52.3	-1.466	1E-3
33459	52.3	-1.466	1E-3
33479	52.1	-1.466	1E-3
33499	52	-1.466	1E-3
33519	52	-1.466	1E-3
33539	52	-1.466	1E-3
33559	51.6	-1.466	1E-3
33579	51.6	-1.466	1E-3
33599	51.1	-1.466	1E-3
33619	51.5	-1.466	1E-3
33639	51.3	-1.466	1E-3
33659	50.9	-1.466	1E-3
33679	50.9	-1.466	1E-3
33699	50.9	-1.466	1E-3
33719	50.6	-1.466	1E-3
33739	50.4	-1.466	1E-3
33759	50.2	-1.466	1E-3
33779	50	-1.466	1E-3
33799	50	-1.466	1E-3
33819	49.9	-1.466	1E-3
33839	49.9	-1.466	1E-3
33859	49.7	-1.466	1E-3
33879	49.5	-1.466	1E-3
33899	49.7	-1.466	1E-3
33919	49.7	-1.466	1E-3
33939	49.2	-1.466	1E-3
33959	49.2	-1.466	1E-3
33979	49.3	-1.466	1E-3
33999	48.6	-1.466	1E-3
34019	48.5	-1.466	1E-3
34040	48.8	-1.466	1E-3
34060	48.6	-1.466	1E-3
34080	48.5	-1.466	1E-3
34100	48.6	-1.466	1E-3
34120	48.5	-1.466	1E-3
34140	48.3	-1.466	1E-3
34160	48	-1.466	1E-3
34180	48.1	-1.466	1E-3
34200	47.4	-1.467	1E-3
34220	47.4	-1.467	1E-3
34240	47.6	-1.467	1E-3
34260	47.3	-1.467	1E-3
34280	47.4	-1.467	1E-3
34300	47.3	-1.467	1E-3
34320	46.9	-1.467	1E-3
34340	46.7	-1.467	1E-3
34360	46.7	-1.467	1E-3
34380	46.4	-1.467	1E-3
34400	46.2	-1.467	1E-3
34420	46.6	-1.467	1E-3
34440	46	-1.467	1E-3
34460	46	-1.467	1E-3
34480	45.8	-1.467	1E-3
34500	45.8	-1.467	1E-3
34520	45.8	-1.467	1E-3
34540	45.8	-1.467	1E-3
34560	45.5	-1.467	1E-3
34580	45.3	-1.467	1E-3
34600	45.3	-1.467	1E-3
34620	45.3	-1.467	1E-3
34640	45.1	-1.467	1E-3
34660	44.8	-1.467	1E-3
34680	44.8	-1.467	1E-3
34700	44.8	-1.467	1E-3
34720	44.5	-1.467	1E-3
34740	44.5	-1.467	1E-3
34760	44.6	-1.467	1E-3
34780	44.6	-1.467	1E-3
34800	44.1	-1.467	1E-3
34820	43.9	-1.467	1E-3
34840	43.8	-1.467	1E-3
34861	43.9	-1.467	1E-3
34885	43.9	-1.467	1E-3
34905	43.6	-1.467	1E-3
34926	43.8	-1.467	1E-3
34946	43.8	-1.467	1E-3
34966	43.8	-1.467	1E-3
34986	43.4	-1.467	1E-3
35006	43.2	-1.467	1E-3
35026	43.2	-1.467	1E-3
35046	43.1	-1.467	1E-3
35066	43.1	-1.467	1E-3
35086	42.9	-1.467	1E-3
35106	42.7	-1.467	1E-3
35126	42.5	-1.467	1E-3
35146	42.3	-1.467	1E-3
35166	42.3	-1.467	1E-3
35186	42.3	-1.467	1E-3
35206	42.3	-1.467	1E-3
35226	42.2	-1.467	1E-3
35246	42.2	-1.467	1E-3
35266	42	-1.467	1E-3
35286	42	-1.467	1E-3
35306	42	-1.467	1E-3
35326	41.7	-1.467	1E-3
35346	41.7	-1.467	1E-3
35366	41.5	-1.467	1E-3
35386	41.3	-1.467	1E-3
35406	41.1	-1.467	1E-3
35426	41	-1.467	1E-3
35446	41.1	-1.467	1E-3
35466	41.1	-1.467	1E-3
35486	41.1	-1.467	1E-3
35506	41.1	-1.467	1E-3
35526	40.8	-1.467	1E-3
35546	40.4	-1.467	1E-3
35566	40.4	-1.467	1E-3
35586	40.4	-1.467	1E-3
35606	40.3	-1.467	1E-3
35626	40.3	-1.467	1E-3
35646	40.4	-1.467	1E-3
35666	40.3	-1.467	1E-3
35686	40.3	-1.467	1E-3
35706	40.1	-1.467	1E-3
35726	39.4	-1.467	1E-3
35746	39.7	-1.467	1E-3
35766	39.4	-1.467	1E-3
35786	40.1	-1.467	1E-3
35806	39.6	-1.467	1E-3
35826	39.7	-1.467	1E-3
35847	39.4	-1.467	1E-3
35867	39	-1.467	1E-3
35887	39.4	-1.467	1E-3
35907	39.4	-1.467	1E-3
35927	39.4	-1.467	1E-3
35947	38.8	-1.467	1E-3
35967	39.4	-1.467	1E-3
35987	38.8	-1.467	1E-3
36007	38.8	-1.467	1E-3
36027	38.8	-1.467	1E-3
36047	38.8	-1.467	1E-3
36067	38.7	-1.467	1E-3
36087	38.5	-1.467	1E-3
36107	38.3	-1.467	1E-3
36127	38.3	-1.467	1E-3
36147	38.5	-1.467	1E-3
36167	38.5	-1.467	1E-3
36187	38.2	-1.467	1E-3
36207	38.2	-1.468	1E-3
36227	38	-1.468	1E-3
36247	38	-1.468	1E-3
36267	37.8	-1.468	1E-3
36287	38	-1.468	1E-3
36307	37.6	-1.468	1E-3
36327	37.8	-1.468	1E-3
36347	37.6	-1.468	1E-3
36367	37.3	-1.468	1E-3
36387	37.6	-1.468	1E-3
36407	37.5	-1.468	1E-3
36427	37.3	-1.468	1E-3
36447	37.3	-1.468	1E-3
36467	37.3	-1.468	1E-3
36487	37.1	-1.468	1E-3
36507	37.1	-1.468	1E-3
36527	36.9	-1.468	1E-3
36548	36.8	-1.468	1E-3
36568	36.8	-1.468	1E-3
36588	36.8	-1.468	1E-3
36608	36.8	-1.468	1E-3
36628	36.8	-1.468	1E-3
36648	36.2	-1.468	1E-3
36668	36.2	-1.468	1E-3
36688	36.4	-1.468	1E-3
36708	36.2	-1.468	1E-3
36728	36.6	-1.468	1E-3
36748	36.2	-1.468	1E-3
36768	36.2	-1.468	1E-3
36788	36.2	-1.468	1E-3
