20	7.64437E-7	7.22678E-6
21	1.933317E-5	7.22538E-6
22	2.940056E-5	7.22398E-6
23	3.42612E-5	7.22259E-6
24	3.914E-5	7.22121E-6
25	6.35181E-5	7.21984E-6
26	6.86206E-5	7.21847E-6
27	7.39187E-5	7.21711E-6
28	7.9031E-5	7.21575E-6
29	8.42108E-5	7.2144E-6
30	8.94374E-5	7.21306E-6
31	9.48693E-5	7.21172E-6
32	1.208211E-4	7.21039E-6
33	1.247467E-4	7.20907E-6
34	1.301285E-4	7.20775E-6
35	1.355568E-4	7.20644E-6
36	1.409605E-4	7.20513E-6
37	1.464138E-4	7.20383E-6
38	1.519099E-4	7.20254E-6
39	1.573028E-4	7.20125E-6
40	1.633815E-4	7.19997E-6
41	1.674725E-4	7.1987E-6
42	1.912323E-4	7.19743E-6
43	2.003939E-4	7.19617E-6
44	2.050941E-4	7.19492E-6
45	2.108688E-4	7.19367E-6
46	2.166589E-4	7.19243E-6
47	2.22424E-4	7.19119E-6
48	2.282321E-4	7.18996E-6
49	2.340632E-4	7.18874E-6
50	2.399702E-4	7.18752E-6
51	2.458515E-4	7.18631E-6
52	2.515528E-4	7.18511E-6
53	2.582071E-4	7.18391E-6
54	2.629333E-4	7.18272E-6
55	2.838404E-4	7.18154E-6
56	2.97759E-4	7.18036E-6
57	3.00686E-4	7.17919E-6
58	3.076347E-4	7.17802E-6
59	3.135764E-4	7.17686E-6
60	3.197598E-4	7.17571E-6
61	3.25896E-4	7.17456E-6
62	3.320716E-4	7.17342E-6
63	3.382677E-4	7.17229E-6
64	3.444843E-4	7.17116E-6
65	3.507235E-4	7.17004E-6
66	3.569823E-4	7.16892E-6
67	3.632615E-4	7.16781E-6
68	3.695603E-4	7.16671E-6
69	3.758786E-4	7.16562E-6
70	3.822184E-4	7.16453E-6
71	3.885608E-4	7.16344E-6
72	3.949803E-4	7.16237E-6
73	4.012822E-4	7.1613E-6
74	4.07619E-4	7.16023E-6
75	4.147106E-4	7.15917E-6
76	4.185749E-4	7.15812E-6
77	4.29335E-4	7.15708E-6
78	4.52615E-4	7.15604E-6
79	4.61246E-4	7.15501E-6
80	4.65603E-4	7.15398E-6
81	4.72795E-4	7.15296E-6
82	4.79152E-4	7.15195E-6
83	4.85645E-4	7.15094E-6
84	4.92248E-4	7.14994E-6
85	4.98792E-4	7.14895E-6
86	5.05355E-4	7.14796E-6
87	5.11929E-4	7.14698E-6
88	5.18508E-4	7.146E-6
89	5.25097E-4	7.14503E-6
90	5.31694E-4	7.14407E-6
91	5.38299E-4	7.14311E-6
92	5.44911E-4	7.14216E-6
93	5.51529E-4	7.14122E-6
94	5.58153E-4	7.14028E-6
95	5.64783E-4	7.13935E-6
96	5.71417E-4	7.13843E-6
97	5.78056E-4	7.13751E-6
98	5.84699E-4	7.1366E-6
99	5.91345E-4	7.13569E-6
100	5.97994E-4	7.13479E-6
101	6.04645E-4	7.1339E-6
102	6.11299E-4	7.13301E-6
103	6.17956E-4	7.13213E-6
104	6.24614E-4	7.13126E-6
105	6.31276E-4	7.13039E-6
106	6.3794E-4	7.12953E-6
107	6.44607E-4	7.12868E-6
108	6.51277E-4	7.12783E-6
109	6.5795E-4	7.12699E-6
110	6.64626E-4	7.12615E-6
111	6.71305E-4	7.12532E-6
112	6.77987E-4	7.1245E-6
113	6.84672E-4	7.12368E-6
114	6.91361E-4	7.12287E-6
115	6.98054E-4	7.12207E-6
116	7.04749E-4	7.12127E-6
117	7.11449E-4	7.12048E-6
118	7.18152E-4	7.11969E-6
119	7.24859E-4	7.11892E-6
120	7.31569E-4	7.11814E-6
121	7.38284E-4	7.11738E-6
122	7.45003E-4	7.11662E-6
123	7.51725E-4	7.11587E-6
124	7.58452E-4	7.11512E-6
125	7.65183E-4	7.11438E-6
126	7.71919E-4	7.11364E-6
127	7.78658E-4	7.11292E-6
128	7.85403E-4	7.1122E-6
129	7.92152E-4	7.11148E-6
130	7.98905E-4	7.11077E-6
131	8.05663E-4	7.11007E-6
132	8.12427E-4	7.10937E-6
133	8.19195E-4	7.10868E-6
134	8.25967E-4	7.108E-6
135	8.32745E-4	7.10732E-6
136	8.39529E-4	7.10665E-6
137	8.46317E-4	7.10599E-6
138	8.5311E-4	7.10533E-6
139	8.59909E-4	7.10468E-6
140	8.66714E-4	7.10403E-6
141	8.73524E-4	7.10339E-6
142	8.80339E-4	7.10276E-6
143	8.87161E-4	7.10214E-6
144	8.93988E-4	7.10152E-6
145	9.0082E-4	7.1009E-6
146	9.07659E-4	7.1003E-6
147	9.14504E-4	7.09969E-6
148	9.21355E-4	7.0991E-6
149	9.28212E-4	7.09851E-6
150	9.35075E-4	7.09793E-6
151	9.41945E-4	7.09736E-6
152	9.48821E-4	7.09679E-6
153	9.55704E-4	7.09622E-6
154	9.62593E-4	7.09567E-6
155	9.69489E-4	7.09512E-6
156	9.76391E-4	7.09457E-6
157	9.83301E-4	7.09404E-6
158	9.90217E-4	7.09351E-6
159	9.9714E-4	7.09298E-6
160	0.001004071	7.09246E-6
161	0.001011008	7.09195E-6
162	0.001017953	7.09144E-6
163	0.001024905	7.09095E-6
164	0.001031864	7.09045E-6
165	0.001038831	7.08997E-6
166	0.001045805	7.08949E-6
167	0.001052787	7.08901E-6
168	0.001059777	7.08854E-6
169	0.001066774	7.08808E-6
170	0.00107378	7.08763E-6
171	0.001080793	7.08718E-6
172	0.001087814	7.08674E-6
173	0.001094844	7.0863E-6
174	0.001101881	7.08587E-6
175	0.001108927	7.08545E-6
176	0.001115981	7.08503E-6
177	0.001127994	7.08462E-6
178	0.001127995	7.08422E-6
179	0.001137993	7.08382E-6
180	0.001147992	7.08343E-6
181	0.001148001	7.08304E-6
182	0.001158002	7.08267E-6
183	0.001167967	7.08229E-6
184	0.001167983	7.08193E-6
185	0.001178131	7.08157E-6
186	0.001188008	7.08122E-6
187	0.001197456	7.08087E-6
188	0.001198086	7.08053E-6
189	0.001210091	7.08019E-6
190	0.001217123	7.07987E-6
191	0.001206143	7.07954E-6
192	0.0012073142	7.07923E-6
193	0.0012171221	7.07892E-6
194	0.0012288674	7.07862E-6
195	0.001228729	7.07832E-6
196	0.0012382055	7.07803E-6
197	0.0012482086	7.07775E-6
198	0.0012583513	7.07747E-6
199	0.0012583493	7.0772E-6
200	0.0012683176	7.07694E-6
201	0.0012783215	7.07668E-6
202	0.0012783308	7.07643E-6
203	0.00128833	7.07618E-6
204	0.0012983277	7.07594E-6
205	0.0013083281	7.07571E-6
206	0.0013083286	7.07548E-6
207	0.0013183285	7.07526E-6
208	0.0013283284	7.07505E-6
209	0.0013383284	7.07484E-6
210	0.0013383284	7.07464E-6
211	0.0013483284	7.07445E-6
212	0.0013583284	7.07426E-6
213	0.0013683284	7.07408E-6
214	0.0013683284	7.0739E-6
215	0.0013783284	7.07373E-6
216	0.0013883284	7.07357E-6
217	0.0013983284	7.07341E-6
218	0.0013983285	7.07326E-6
219	0.0014083283	7.07312E-6
220	0.0014183282	7.07298E-6
221	0.0014283289	7.07285E-6
222	0.0014283293	7.07273E-6
223	0.0014383262	7.07261E-6
224	0.0014483256	7.07249E-6
225	0.0014583381	7.07239E-6
226	0.0014583416	7.07229E-6
227	0.0014682987	7.0722E-6
228	0.0014783034	7.07211E-6
229	0.0014884859	7.07203E-6
230	0.0014883922	7.07196E-6
231	0.0014976523	7.07189E-6
232	0.0015078899	7.07183E-6
233	0.001520599	7.07177E-6
234	0.001520418	7.07172E-6
235	0.0015200557	7.07168E-6
236	0.0015178727	7.07165E-6
237	0.0015259619	7.07162E-6
238	0.0015286627	7.07159E-6
239	0.00153907	7.07158E-6
240	0.001548485	7.07157E-6
241	0.0015585228	7.07156E-6
242	0.0015586996	7.07156E-6
243	0.0015686954	7.07157E-6
244	0.0015786506	7.07159E-6
245	0.0015886524	7.07161E-6
246	0.0015986653	7.07164E-6
247	0.0015986652	7.07167E-6
248	0.001608662	7.07171E-6
249	0.0016186621	7.07176E-6
250	0.001628663	7.07181E-6
251	0.001628663	7.07187E-6
252	0.0016386626	7.07193E-6
253	0.0016486625	7.07201E-6
254	0.0016586629	7.07208E-6
255	0.0016586634	7.07217E-6
256	0.0016686619	7.07226E-6
257	0.0016786599	7.07236E-6
258	0.0016886649	7.07246E-6
259	0.0016986724	7.07257E-6
260	0.0016986521	7.07269E-6
261	0.0017086224	7.07281E-6
262	0.0017186886	7.07294E-6
263	0.0017287976	7.07308E-6
264	0.0017285325	7.07322E-6
265	0.0017382557	7.07337E-6
266	0.0017496462	7.07352E-6
267	0.0017601771	7.07368E-6
268	0.0017637661	7.07385E-6
269	0.0017530375	7.07402E-6
270	0.0017571171	7.0742E-6
271	0.0017677905	7.07439E-6
272	0.0017794122	7.07458E-6
273	0.0017892754	7.07478E-6
274	0.0017888761	7.07498E-6
275	0.0017989332	7.0752E-6
276	0.0018090349	7.07541E-6
277	0.0018190185	7.07564E-6
278	0.0018189879	7.07587E-6
279	0.0018289904	7.07611E-6
280	0.0018389989	7.07635E-6
281	0.0018489981	7.0766E-6
282	0.0018589963	7.07686E-6
283	0.0018589967	7.07712E-6
284	0.0018689972	7.07739E-6
285	0.0018789971	7.07766E-6
286	0.001888997	7.07794E-6
287	0.001898997	7.07823E-6
288	0.0018989971	7.07852E-6
289	0.001908997	7.07883E-6
290	0.0019189971	7.07913E-6
291	0.0019289971	7.07945E-6
292	0.0019389969	7.07977E-6
293	0.001938997	7.08009E-6
294	0.0019489976	7.08042E-6
295	0.0019589971	7.08076E-6
296	0.0019689945	7.08111E-6
297	0.001978996	7.08146E-6
298	0.0019790053	7.08182E-6
299	0.0019889992	7.08218E-6
300	0.0019989649	7.08255E-6
301	0.0020089971	7.08293E-6
302	0.0020191229	7.08331E-6
303	0.0020189625	7.0837E-6
304	0.0020284689	7.08409E-6
305	0.0020389661	7.0845E-6
306	0.0020508748	7.08491E-6
307	0.0020596364	7.08532E-6
308	0.0020510862	7.08574E-6
309	0.0020509264	7.08617E-6
310	0.002057229	7.0866E-6
311	0.002068705	7.08704E-6
312	0.0020798768	7.08749E-6
313	0.0020795462	7.08794E-6
314	0.002089203	7.0884E-6
315	0.0020992849	7.08887E-6
316	0.0021093665	7.08934E-6
317	0.0021193407	7.08982E-6
318	0.0021193218	7.0903E-6
319	0.0021293296	7.09079E-6
320	0.002139334	7.09129E-6
321	0.0021493317	7.09179E-6
322	0.0021593303	7.0923E-6
323	0.0021693309	7.09282E-6
324	0.002169332	7.09334E-6
325	0.0021793319	7.09387E-6
326	0.0021893295	7.09441E-6
327	0.002199329	7.09495E-6
328	0.0022093374	7.0955E-6
329	0.0022093412	7.09605E-6
330	0.0022193129	7.09661E-6
331	0.0022292918	7.09718E-6
332	0.0022393826	7.09775E-6
333	0.002249459	7.09833E-6
334	0.0022490971	7.09892E-6
335	0.0022587817	7.09951E-6
336	0.0022700071	7.10011E-6
337	0.0022814496	7.10071E-6
338	0.0022875612	7.10133E-6
339	0.0022872756	7.10194E-6
340	0.0022788913	7.10257E-6
341	0.0022878881	7.1032E-6
342	0.0022997311	7.10383E-6
343	0.002309925	7.10448E-6
344	0.0023195282	7.10513E-6
345	0.0023195511	7.10578E-6
346	0.0023296835	7.10645E-6
347	0.0023396928	7.10711E-6
348	0.002349659	7.10779E-6
349	0.0023596554	7.10847E-6
350	0.0023696657	7.10916E-6
351	0.0023696691	7.10985E-6
352	0.0023796661	7.11055E-6
353	0.0023896627	7.11126E-6
354	0.0023996672	7.11197E-6
355	0.0024096778	7.11269E-6
356	0.0024196639	7.11342E-6
357	0.0024196224	7.11415E-6
358	0.0024296594	7.11489E-6
359	0.0024398086	7.11563E-6
360	0.0024496562	7.11638E-6
361	0.002459046	7.11714E-6
362	0.0024592816	7.11791E-6
363	0.0024713598	7.11868E-6
364	0.002480617	7.11945E-6
365	0.0024813731	7.12024E-6
366	0.002480676301	7.12102E-6
367	0.00248828543	7.12182E-6
368	0.002490236134	7.12262E-6
369	0.002500552799	7.12343E-6
370	0.0025099779466	7.12424E-6
371	0.002519866456	7.12507E-6
372	0.0025300135895	7.12589E-6
373	0.0025400373601	7.12673E-6
374	0.002539999538343	7.12757E-6
375	0.002550000741507	7.12841E-6
376	0.00255999725834	7.12927E-6
377	0.0025699627873	7.13012E-6
378	0.00258002327	7.13099E-6
379	0.002590177294	7.13186E-6
380	0.0025900456424	7.13274E-6
381	0.002599460143	7.13362E-6
382	0.002609698304	7.13452E-6
383	0.00262180723	7.13541E-6
384	0.00263153572	7.13632E-6
385	0.00262329025	7.13723E-6
386	0.0026221254	7.13814E-6
387	0.0026279989	7.13906E-6
388	0.0026396628	7.13999E-6
389	0.002650824	7.14093E-6
390	0.0026603739	7.14187E-6
391	0.0026601795	7.14282E-6
392	0.0026703152	7.14377E-6
393	0.0026803437	7.14473E-6
394	0.002690328	7.1457E-6
395	0.002700448	7.14667E-6
396	0.0027104036	7.14765E-6
397	0.0027099079	7.14864E-6
398	0.0027199696	7.14963E-6
399	0.002731708	7.15063E-6
400	0.0027413904	7.15163E-6
401	0.0027436523	7.15265E-6
402	0.0027431299	7.15366E-6
403	0.0027485714	7.15469E-6
404	0.0027498122	7.15572E-6
405	0.0027612015	7.15675E-6
406	0.0027709519	7.1578E-6
407	0.002780534	7.15885E-6
408	0.0027905732	7.1599E-6
409	0.0028007029	7.16097E-6
410	0.0028007077	7.16203E-6
411	0.0028106518	7.16311E-6
412	0.0028206192	7.16419E-6
413	0.0028306915	7.16528E-6
414	0.0028408048	7.16637E-6
415	0.0028505474	7.16747E-6
416	0.0028501068	7.16858E-6
417	0.0028609324	7.16969E-6
418	0.002872536	7.17081E-6
419	0.0028791074	7.17194E-6
420	0.002878911	7.17307E-6
421	0.0028803088	7.17421E-6
422	0.0028791475	7.17535E-6
423	0.0028910461	7.1765E-6
424	0.0029013769	7.17766E-6
425	0.0029109061	7.17882E-6
426	0.0029208535	7.17999E-6
427	0.0029310029	7.18117E-6
428	0.0029410584	7.18235E-6
429	0.0029410202	7.18354E-6
430	0.0029509637	7.18474E-6
431	0.0029609682	7.18594E-6
432	0.002971096	7.18715E-6
433	0.0029811357	7.18836E-6
434	0.0029907277	7.18958E-6
435	0.0029905918	7.19081E-6
436	0.0030021702	7.19204E-6
437	0.003012366	7.19328E-6
438	0.003015375	7.19453E-6
439	0.0030146986	7.19578E-6
440	0.0030193622	7.19704E-6
441	0.0030203043	7.19831E-6
442	0.0030317924	7.19958E-6
443	0.0030415715	7.20085E-6
444	0.0030512063	7.20214E-6
445	0.0030612819	7.20343E-6
446	0.0030713837	7.20473E-6
447	0.0030813659	7.20603E-6
448	0.0030813042	7.20734E-6
449	0.0030912878	7.20866E-6
450	0.0031014059	7.20998E-6
451	0.0031114778	7.21131E-6
452	0.003121039	7.21264E-6
453	0.0031307295	7.21398E-6
454	0.003142224	7.21533E-6
455	0.0031437111	7.21669E-6
456	0.0031488709	7.21805E-6
457	0.0031474838	7.21941E-6
458	0.0031500287	7.22079E-6
459	0.0031604559	7.22217E-6
460	0.003172199	7.22355E-6
461	0.0031720576	7.22494E-6
462	0.0031815614	7.22634E-6
463	0.0031915906	7.22775E-6
464	0.0032016897	7.22916E-6
465	0.0032116591	7.23058E-6
466	0.0032217307	7.232E-6
467	0.0032317444	7.23343E-6
468	0.0032312782	7.23487E-6
469	0.0032412655	7.23631E-6
470	0.0032529644	7.23776E-6
471	0.0032629069	7.23921E-6
472	0.003265462	7.24068E-6
473	0.003264846	7.24214E-6
474	0.003270154	7.24362E-6
475	0.003271436	7.2451E-6
476	0.003282569	7.24659E-6
477	0.003292214	7.24808E-6
478	0.003301872	7.24958E-6
479	0.003311958	7.25109E-6
480	0.003322054	7.2526E-6
481	0.003332032	7.25412E-6
482	0.003331972	7.25565E-6
483	0.003342006	7.25718E-6
484	0.00335218	7.25872E-6
485	0.003362056	7.26026E-6
486	0.003371391	7.26181E-6
487	0.003381659	7.26337E-6
488	0.003394006	7.26493E-6
489	0.003392859	7.2665E-6
490	0.003392234	7.26808E-6
491	0.003391548	7.26966E-6
492	0.003400348	7.27125E-6
493	0.003412685	7.27284E-6
494	0.003422948	7.27445E-6
495	0.003432292	7.27605E-6
496	0.003442194	7.27767E-6
497	0.003442363	7.27929E-6
498	0.003452386	7.28092E-6
499	0.003462323	7.28255E-6
500	0.003472288	7.28419E-6
501	0.003482361	7.28583E-6
502	0.003492481	7.28749E-6
503	0.003502226	7.28915E-6
504	0.003501758	7.29081E-6
505	0.003512555	7.29248E-6
506	0.003524264	7.29416E-6
507	0.003530964	7.29585E-6
508	0.003530648	7.29754E-6
509	0.003532208	7.29924E-6
510	0.003541779	7.30094E-6
511	0.003553176	7.30265E-6
512	0.003552977	7.30436E-6
513	0.003562568	7.30609E-6
514	0.003572617	7.30781E-6
515	0.003582684	7.30955E-6
516	0.003592661	7.31128E-6
517	0.003602779	7.31303E-6
518	0.003612742	7.31478E-6
519	0.003622192	7.31654E-6
520	0.003622297	7.31831E-6
521	0.003634276	7.32008E-6
522	0.003643738	7.32186E-6
523	0.003644879	7.32365E-6
524	0.003643969	7.32544E-6
525	0.003650663	7.32725E-6
526	0.003662557	7.32906E-6
527	0.003663503	7.33088E-6
528	0.003672994	7.3327E-6
529	0.003682803	7.33454E-6
530	0.003692988	7.33637E-6
531	0.003703214	7.33821E-6
532	0.003713156	7.34006E-6
533	0.003722598	7.3419E-6
534	0.003732628	7.34375E-6
535	0.003734608	7.3456E-6
536	0.003744089	7.34745E-6
537	0.003745083	7.34929E-6
538	0.003744244	7.35114E-6
539	0.003751602	7.353E-6
540	0.003763533	7.35486E-6
541	0.003773861	7.35674E-6
542	0.003783334	7.35863E-6
543	0.003793353	7.36053E-6
544	0.003793305	7.36246E-6
545	0.00380278	7.36442E-6
546	0.003813343	7.3664E-6
547	0.00382517	7.36842E-6
548	0.003831462	7.37046E-6
549	0.003830207	7.37253E-6
550	0.003831983	7.37461E-6
551	0.003841857	7.37669E-6
552	0.003844013	7.37875E-6
553	0.003854224	7.38079E-6
554	0.003863622	7.38279E-6
555	0.003873505	7.38474E-6
556	0.003883731	7.38662E-6
557	0.003893884	7.38843E-6
558	0.0039035	7.39015E-6
559	0.003913145	7.39179E-6
560	0.003915025	7.39336E-6
561	0.003926277	7.39493E-6
562	0.003929449	7.39654E-6
563	0.003926887	7.39823E-6
564	0.003931909	7.40004E-6
565	0.00394385	7.40204E-6
566	0.003954515	7.40425E-6
567	0.003963933	7.40672E-6
568	0.00397389	7.40951E-6
569	0.003974029	7.41266E-6
570	0.003984006	7.41619E-6
571	0.003994067	7.42005E-6
572	0.004004117	7.42417E-6
573	0.00401371	7.42847E-6
574	0.004023505	7.43289E-6
575	0.004034887	7.43735E-6
576	0.004044477	7.44178E-6
577	0.004046048	7.4461E-6
578	0.004035726	7.45026E-6
579	0.004042405	7.45416E-6
580	0.004054112	7.45775E-6
581	0.004064932	7.46096E-6
582	0.004074465	7.46383E-6
583	0.004084188	7.46641E-6
584	0.004094354	7.46873E-6
585	0.00410457	7.47084E-6
586	0.004114278	7.4728E-6
587	0.004113687	7.47464E-6
588	0.004125301	7.47642E-6
589	0.004137026	7.47818E-6
590	0.004139663	7.47996E-6
591	0.00413612	7.48182E-6
592	0.004141939	7.48379E-6
593	0.004154487	7.48587E-6
594	0.004165364	7.48805E-6
595	0.00417468	7.49033E-6
596	0.004174606	7.49269E-6
597	0.004184703	7.49512E-6
598	0.004194296	7.49762E-6
599	0.004204927	7.50018E-6
600	0.004216306	7.50279E-6
601	0.004221708	7.50544E-6
602	0.004220983	7.50812E-6
603	0.004223804	7.51082E-6
604	0.00423415	7.51354E-6
605	0.0042355	7.51626E-6
606	0.004245212	7.51899E-6
607	0.004254876	7.5217E-6
608	0.00426496	7.5244E-6
609	0.004275024	7.52707E-6
610	0.004285002	7.52971E-6
611	0.004295124	7.53232E-6
612	0.004305073	7.53487E-6
613	0.004314537	7.53737E-6
614	0.004314888	7.53982E-6
615	0.004326588	7.54222E-6
616	0.004332285	7.5446E-6
617	0.004330783	7.54697E-6
618	0.00433351	7.54937E-6
619	0.004344191	7.55181E-6
620	0.004355959	7.55431E-6
621	0.004365727	7.55689E-6
622	0.004374852	7.55957E-6
623	0.00438486	7.56238E-6
624	0.004386837	7.56533E-6
625	0.004396717	7.56843E-6
626	0.00439825	7.57168E-6
627	0.004397145	7.57503E-6
628	0.004403869	7.57848E-6
629	0.00441577	7.58198E-6
630	0.004426287	7.58552E-6
631	0.004435709	7.58906E-6
632	0.004445499	7.59259E-6
633	0.004455691	7.59608E-6
634	0.004455886	7.5995E-6
635	0.004465623	7.60282E-6
636	0.004475111	7.60603E-6
637	0.004486511	7.60911E-6
638	0.004498005	7.61206E-6
639	0.004501605	7.61487E-6
640	0.004499076	7.61755E-6
641	0.004503644	7.62009E-6
642	0.004515451	7.62248E-6
643	0.004516584	7.62471E-6
644	0.004526018	7.62679E-6
645	0.004535827	7.62872E-6
646	0.004546038	7.63047E-6
647	0.004556191	7.63206E-6
648	0.004565943	7.63351E-6
649	0.004575503	7.63483E-6
650	0.004586414	7.63606E-6
651	0.004597894	7.63722E-6
652	0.004603872	7.63834E-6
653	0.004593409	7.63943E-6
654	0.004595406	7.64053E-6
655	0.004604968	7.64165E-6
656	0.004616636	7.64283E-6
657	0.004626548	7.64409E-6
658	0.004636333	7.64544E-6
659	0.00464646	7.64688E-6
660	0.004655923	7.6484E-6
661	0.004665821	7.64997E-6
662	0.004678109	7.65159E-6
663	0.0046855	7.65325E-6
664	0.004672256	7.65492E-6
665	0.004674062	7.6566E-6
666	0.004685543	7.65826E-6
667	0.004697401	7.65991E-6
668	0.004706901	7.66151E-6
669	0.004716582	7.66307E-6
670	0.004726721	7.6646E-6
671	0.004736355	7.66613E-6
672	0.004746686	7.66769E-6
673	0.004758472	7.66931E-6
674	0.004756188	7.671E-6
675	0.004756394	7.67281E-6
676	0.00475718	7.67474E-6
677	0.00476596	7.67684E-6
678	0.004777395	7.67913E-6
679	0.004787194	7.68163E-6
680	0.004796885	7.68436E-6
681	0.004806973	7.6873E-6
682	0.004817022	7.69041E-6
683	0.004827003	7.69368E-6
684	0.004827158	7.69705E-6
685	0.004836992	7.70051E-6
686	0.004846615	7.70402E-6
687	0.004858831	7.70755E-6
688	0.004870184	7.71107E-6
689	0.004872768	7.71455E-6
690	0.004869286	7.71795E-6
691	0.004874671	7.72124E-6
692	0.004887047	7.72444E-6
693	0.004897951	7.72754E-6
694	0.004907292	7.73054E-6
695	0.004907199	7.73346E-6
696	0.004917379	7.73629E-6
697	0.004927381	7.73904E-6
698	0.00493735	7.74172E-6
699	0.004947359	7.74433E-6
700	0.004957324	7.74688E-6
701	0.00496733	7.74937E-6
702	0.004977491	7.7518E-6
703	0.004987339	7.75419E-6
704	0.004996712	7.75656E-6
705	0.005007577	7.75891E-6
706	0.005009841	7.76127E-6
707	0.005015865	7.76365E-6
708	0.005013385	7.76607E-6
709	0.005016229	7.76853E-6
710	0.005027746	7.77106E-6
711	0.005038251	7.77367E-6
712	0.005047644	7.77637E-6
713	0.005057577	7.77917E-6
714	0.005067726	7.78207E-6
715	0.005077725	7.78502E-6
716	0.005087683	7.78802E-6
717	0.005087684	7.79104E-6
718	0.00509769	7.79406E-6
719	0.005107688	7.79706E-6
720	0.005117698	7.8E-6
721	0.005127689	7.80288E-6
722	0.005137646	7.80567E-6
723	0.005147701	7.80834E-6
724	0.005157841	7.81089E-6
725	0.005167484	7.8133E-6
726	0.005177193	7.81558E-6
727	0.005189122	7.81774E-6
728	0.005199515	7.81977E-6
729	0.005190787	7.82169E-6
730	0.005188821	7.82349E-6
731	0.005195745	7.82519E-6
732	0.005207968	7.82677E-6
733	0.005218391	7.82826E-6
734	0.005227895	7.82964E-6
735	0.005237966	7.83093E-6
736	0.005248061	7.83217E-6
737	0.005258027	7.83339E-6
738	0.005268024	7.83462E-6
739	0.005278019	7.83592E-6
740	0.00527798	7.83731E-6
741	0.00528806	7.83884E-6
742	0.005298171	7.84054E-6
743	0.005307727	7.84245E-6
744	0.005317862	7.84461E-6
745	0.005330273	7.84707E-6
746	0.00533933	7.84984E-6
747	0.005338937	7.85291E-6
748	0.005338043	7.85624E-6
749	0.005347118	7.85983E-6
750	0.00535892	7.86362E-6
751	0.005368645	7.86759E-6
752	0.005368215	7.87172E-6
753	0.005378328	7.87598E-6
754	0.005388387	7.88033E-6
755	0.005398356	7.88475E-6
756	0.005408403	7.88921E-6
757	0.005418286	7.89368E-6
758	0.005428149	7.89813E-6
759	0.005438903	7.90254E-6
760	0.00544883	7.90689E-6
761	0.005455229	7.91116E-6
762	0.005465637	7.91531E-6
763	0.005489505	7.91932E-6
764	0.00550834	7.92318E-6
765	0.005488181	7.92685E-6
766	0.005476068	7.93031E-6
767	0.005485613	7.93354E-6
768	0.005499978	7.93652E-6
769	0.005509409	7.93926E-6
770	0.005518363	7.94179E-6
771	0.005528611	7.94414E-6
772	0.005538791	7.94632E-6
773	0.005548689	7.94836E-6
774	0.005558633	7.95028E-6
775	0.005568741	7.9521E-6
776	0.005578795	7.95385E-6
777	0.005588238	7.95556E-6
778	0.005598344	7.95723E-6
779	0.005600237	7.95891E-6
780	0.005605398	7.96061E-6
781	0.005602693	7.96237E-6
782	0.005606858	7.96422E-6
783	0.005618743	7.96618E-6
784	0.005629575	7.96829E-6
785	0.005638962	7.97058E-6
786	0.005648875	7.97308E-6
787	0.005659121	7.97582E-6
788	0.005669201	7.97882E-6
789	0.005678756	7.98213E-6
790	0.00568884	7.98575E-6
791	0.005700787	7.98966E-6
792	0.005708168	7.99382E-6
793	0.005697041	7.99819E-6
794	0.005698492	8.00273E-6
795	0.00570897	8.00741E-6
796	0.005719921	8.01217E-6
797	0.005729426	8.01698E-6
798	0.005739227	8.0218E-6
799	0.005749357	8.0266E-6
800	0.005759354	8.03133E-6
801	0.005769408	8.03596E-6
802	0.005779469	8.04046E-6
803	0.005789043	8.04484E-6
804	0.005799769	8.04907E-6
805	0.005811155	8.05315E-6
806	0.005815231	8.05706E-6
807	0.005813494	8.06079E-6
808	0.005808097	8.06433E-6
809	0.005819644	8.06768E-6
810	0.005830086	8.0708E-6
811	0.005839652	8.07371E-6
812	0.005849761	8.07638E-6
813	0.005859418	8.07884E-6
814	0.005869141	8.08113E-6
815	0.005881063	8.08326E-6
816	0.005890868	8.08527E-6
817	0.005890777	8.0872E-6
818	0.005889706	8.08906E-6
819	0.005898743	8.09088E-6
820	0.00591065	8.0927E-6
821	0.00592045	8.09455E-6
822	0.005929915	8.09644E-6
823	0.005940024	8.09843E-6
824	0.005950207	8.10052E-6
825	0.005959895	8.10277E-6
826	0.005959494	8.1052E-6
827	0.0059711	8.10784E-6
828	0.005979476	8.11074E-6
829	0.005977747	8.11391E-6
830	0.005978552	8.11741E-6
831	0.005988868	8.12125E-6
832	0.006000797	8.12547E-6
833	0.006010446	8.13011E-6
834	0.006020345	8.13519E-6
835	0.006030267	8.14065E-6
836	0.006039786	8.14642E-6
837	0.006050653	8.15245E-6
838	0.006061376	8.15867E-6
839	0.006063289	8.16501E-6
840	0.006061965	8.1714E-6
841	0.006068863	8.17779E-6
842	0.006080826	8.18409E-6
843	0.006091095	8.19026E-6
844	0.006090584	8.19622E-6
845	0.006100604	8.20192E-6
846	0.006110725	8.20738E-6
847	0.006120703	8.21261E-6
848	0.006130699	8.21763E-6
849	0.006140701	8.22248E-6
850	0.006150665	8.22717E-6
851	0.006160794	8.23173E-6
852	0.00617081	8.23618E-6
853	0.006180183	8.24055E-6
854	0.006191112	8.24485E-6
855	0.006203099	8.24912E-6
856	0.006206059	8.25337E-6
857	0.006202447	8.25764E-6
858	0.006208678	8.26194E-6
859	0.006221243	8.26631E-6
860	0.006231664	8.27078E-6
861	0.006240947	8.27536E-6
862	0.006250912	8.2801E-6
863	0.006261081	8.28501E-6
864	0.00627106	8.29012E-6
865	0.006270983	8.29546E-6
866	0.006281052	8.30106E-6
867	0.006291261	8.30693E-6
868	0.006300896	8.31301E-6
869	0.006310282	8.31923E-6
870	0.00632241	8.32551E-6
871	0.006334624	8.33178E-6
872	0.006336982	8.33797E-6
873	0.006332176	8.344E-6
874	0.006338848	8.3498E-6
875	0.006351724	8.3553E-6
876	0.006361855	8.36043E-6
877	0.006371208	8.3651E-6
878	0.006381337	8.36928E-6
879	0.006391415	8.37301E-6
880	0.006401363	8.37638E-6
881	0.006411366	8.37948E-6
882	0.006421352	8.38237E-6
883	0.006431348	8.38515E-6
884	0.00644146	8.38789E-6
885	0.006451277	8.39069E-6
886	0.006460937	8.3936E-6
887	0.006472197	8.39673E-6
888	0.006471964	8.40015E-6
889	0.006473569	8.40391E-6
890	0.006473204	8.40801E-6
891	0.006480355	8.41239E-6
892	0.006491943	8.417E-6
893	0.006501981	8.42182E-6
894	0.006511594	8.42678E-6
895	0.006521663	8.43184E-6
896	0.006531728	8.43697E-6
897	0.006541698	8.44212E-6
898	0.006551697	8.44724E-6
899	0.006561703	8.45228E-6
900	0.006571701	8.45723E-6
901	0.006581701	8.46209E-6
902	0.0065917	8.46689E-6
903	0.006601699	8.47166E-6
904	0.006611709	8.47644E-6
905	0.006621709	8.48124E-6
906	0.006631666	8.48611E-6
907	0.006641677	8.49108E-6
908	0.006651826	8.49616E-6
909	0.006661566	8.50139E-6
910	0.006671159	8.5068E-6
911	0.006682866	8.51242E-6
912	0.006693189	8.51823E-6
913	0.006683903	8.5242E-6
914	0.006682254	8.53034E-6
915	0.006690258	8.53661E-6
916	0.006702353	8.54299E-6
917	0.006712248	8.54948E-6
918	0.006721904	8.55605E-6
919	0.006732046	8.56268E-6
920	0.006742074	8.56935E-6
921	0.006752031	8.57605E-6
922	0.006762033	8.58276E-6
923	0.006772038	8.58944E-6
924	0.006782035	8.59605E-6
925	0.006792035	8.60257E-6
926	0.006802036	8.60896E-6
927	0.006812036	8.61517E-6
928	0.006822033	8.62119E-6
929	0.006832039	8.62697E-6
930	0.006842049	8.63248E-6
931	0.006852017	8.63769E-6
932	0.006861995	8.64255E-6
933	0.006872149	8.64705E-6
934	0.006882018	8.65124E-6
935	0.006891487	8.65517E-6
936	0.006903275	8.65892E-6
937	0.006915058	8.66254E-6
938	0.006918173	8.66609E-6
939	0.006914577	8.66963E-6
940	0.006920105	8.67323E-6
941	0.006922426	8.67696E-6
942	0.00693263	8.68086E-6
943	0.006942201	8.685E-6
944	0.006952348	8.68944E-6
945	0.006962412	8.69416E-6
946	0.006972365	8.69913E-6
947	0.006982361	8.70435E-6
948	0.006992372	8.70978E-6
949	0.00700237	8.71541E-6
950	0.007012369	8.7212E-6
951	0.00702237	8.72715E-6
952	0.00703237	8.73322E-6
953	0.00704237	8.73939E-6
954	0.00705237	8.74565E-6
955	0.00706237	8.75197E-6
956	0.00707237	8.75835E-6
957	0.007082371	8.7648E-6
958	0.00709237	8.77131E-6
959	0.007102367	8.77788E-6
960	0.007112376	8.78452E-6
961	0.007122377	8.79123E-6
962	0.007132336	8.79801E-6
963	0.007142366	8.80486E-6
964	0.007152504	8.81178E-6
965	0.007162118	8.81877E-6
966	0.007172111	8.82584E-6
967	0.007184303	8.83296E-6
968	0.007191742	8.8401E-6
969	0.007189629	8.84725E-6
970	0.00719135	8.85438E-6
971	0.007202542	8.86147E-6
972	0.007213206	8.86849E-6
973	0.007222628	8.87542E-6
974	0.007232605	8.88224E-6
975	0.00723274	8.88893E-6
976	0.007242719	8.89545E-6
977	0.007252693	8.90179E-6
978	0.007262703	8.90796E-6
979	0.007272706	8.91395E-6
980	0.007282703	8.91977E-6
981	0.007292704	8.92542E-6
982	0.007302704	8.93091E-6
983	0.007312704	8.93623E-6
984	0.007322705	8.9414E-6
985	0.007332704	8.94642E-6
986	0.007342701	8.95129E-6
987	0.007352708	8.95602E-6
988	0.007362714	8.96061E-6
989	0.007372677	8.96509E-6
990	0.007382708	8.96948E-6
991	0.007392836	8.97381E-6
992	0.007402416	8.97812E-6
993	0.007412286	8.98242E-6
994	0.007424403	8.98675E-6
995	0.007433047	8.99113E-6
996	0.007431771	8.99559E-6
997	0.007431967	9.00016E-6
998	0.007442172	9.00487E-6
999	0.007453525	9.00973E-6
1000	0.007463014	9.01476E-6
1001	0.007472918	9.01992E-6
1002	0.007483068	9.02522E-6
1003	0.007493058	9.03065E-6
1004	0.00750303	9.03619E-6
1005	0.00751304	9.04184E-6
1006	0.007523042	9.04759E-6
1007	0.007533037	9.05343E-6
1008	0.007543035	9.05934E-6
1009	0.007553044	9.06533E-6
1010	0.007563046	9.07137E-6
1011	0.007573005	9.07742E-6
1012	0.007583034	9.08346E-6
1013	0.007593169	9.08943E-6
1014	0.007602793	9.09531E-6
1015	0.007612786	9.10104E-6
1016	0.00762492	9.10659E-6
1017	0.007632427	9.11191E-6
1018	0.007630515	9.11698E-6
1019	0.007631719	9.12174E-6
1020	0.007642337	9.12616E-6
1021	0.007653928	9.13021E-6
1022	0.007663472	9.13394E-6
1023	0.007673227	9.13741E-6
1024	0.007683383	9.14068E-6
1025	0.007693403	9.14382E-6
1026	0.007703365	9.14688E-6
1027	0.00771337	9.14993E-6
1028	0.007723375	9.15303E-6
1029	0.007733372	9.15624E-6
1030	0.007743373	9.15962E-6
1031	0.007753371	9.16323E-6
1032	0.007763373	9.16713E-6
1033	0.007773383	9.17131E-6
1034	0.00778336	9.17574E-6
1035	0.007793345	9.1804E-6
1036	0.007803492	9.18529E-6
1037	0.007813397	9.19037E-6
1038	0.00782288	9.19563E-6
1039	0.00783425	9.20105E-6
1040	0.007844458	9.20661E-6
1041	0.007844553	9.21228E-6
1042	0.007843381	9.21806E-6
1043	0.007852442	9.22392E-6
1044	0.00786424	9.22983E-6
1045	0.007873882	9.23577E-6
1046	0.007883554	9.2417E-6
1047	0.007893703	9.24761E-6
1048	0.00790374	9.25347E-6
1049	0.007913703	9.25924E-6
1050	0.007923711	9.26491E-6
1051	0.007933688	9.27044E-6
1052	0.007943696	9.27581E-6
1053	0.007953848	9.28099E-6
1054	0.007963621	9.28596E-6
1055	0.007973145	9.29075E-6
1056	0.007984644	9.29539E-6
1057	0.007994653	9.2999E-6
1058	0.007994572	9.30432E-6
1059	0.007993509	9.30867E-6
1060	0.008002408	9.31299E-6
1061	0.008014441	9.31731E-6
1062	0.008024194	9.32166E-6
1063	0.008033889	9.32607E-6
1064	0.008044041	9.33057E-6
1065	0.008054076	9.33518E-6
1066	0.008064034	9.33992E-6
1067	0.008074035	9.34477E-6
1068	0.008084044	9.34974E-6
1069	0.008094042	9.35484E-6
1070	0.008104041	9.36005E-6
1071	0.008114041	9.36538E-6
1072	0.008124041	9.37083E-6
1073	0.008134041	9.3764E-6
1074	0.008144041	9.38209E-6
1075	0.008154041	9.38789E-6
1076	0.008164041	9.39381E-6
1077	0.008174041	9.39981E-6
1078	0.008184042	9.40587E-6
1079	0.008194041	9.41194E-6
1080	0.008204038	9.418E-6
1081	0.008214042	9.424E-6
1082	0.008224051	9.42993E-6
1083	0.008234022	9.43574E-6
1084	0.008244048	9.4414E-6
1085	0.00825419	9.44688E-6
1086	0.008263857	9.45214E-6
1087	0.008273674	9.45717E-6
1088	0.008285737	9.46201E-6
1089	0.008294181	9.46673E-6
1090	0.008292795	9.47138E-6
1091	0.008293232	9.47603E-6
1092	0.008303569	9.48074E-6
1093	0.008314934	9.48556E-6
1094	0.008324429	9.49057E-6
1095	0.008334264	9.49582E-6
1096	0.008344408	9.50137E-6
1097	0.008354403	9.50729E-6
1098	0.008364367	9.51362E-6
1099	0.008374374	9.52028E-6
1100	0.008384378	9.5272E-6
1101	0.008394375	9.5343E-6
1102	0.008404375	9.54149E-6
1103	0.008414376	9.54868E-6
1104	0.008424376	9.5558E-6
1105	0.008434373	9.56275E-6
1106	0.008444376	9.56945E-6
1107	0.008454386	9.57582E-6
1108	0.008464354	9.58178E-6
1109	0.008474357	9.58725E-6
1110	0.008484519	9.59229E-6
1111	0.008494183	9.59694E-6
1112	0.008503642	9.60126E-6
1113	0.008515347	9.60531E-6
1114	0.008526491	9.60915E-6
1115	0.008527279	9.61283E-6
1116	0.00852455	9.61641E-6
1117	0.008532742	9.61995E-6
1118	0.008545167	9.6235E-6
1119	0.008555066	9.62713E-6
1120	0.008564525	9.63088E-6
1121	0.008574635	9.63474E-6
1122	0.008584743	9.6387E-6
1123	0.008594703	9.64275E-6
1124	0.008604702	9.64687E-6
1125	0.008614713	9.65104E-6
1126	0.008624711	9.65524E-6
1127	0.008634709	9.65947E-6
1128	0.00864471	9.66371E-6
1129	0.00865471	9.66794E-6
1130	0.00866471	9.67215E-6
1131	0.00867471	9.67632E-6
1132	0.00868471	9.68046E-6
1133	0.00869471	9.68457E-6
1134	0.008704711	9.68865E-6
1135	0.008714708	9.69271E-6
1136	0.008724706	9.69675E-6
1137	0.008734718	9.70078E-6
1138	0.008744702	9.7048E-6
1139	0.00875465	9.70881E-6
1140	0.00876476	9.71283E-6
1141	0.008774907	9.71684E-6
1142	0.008784316	9.72086E-6
1143	0.008794495	9.72489E-6
1144	0.008807532	9.72892E-6
1145	0.008824904	9.73295E-6
1146	0.008820466	9.73699E-6
1147	0.008822312	9.74103E-6
1148	0.008834542	9.74506E-6
1149	0.008845623	9.7491E-6
1150	0.008854924	9.75314E-6
1151	0.008864972	9.75717E-6
1152	0.008875098	9.76119E-6
1153	0.008885049	9.76522E-6
1154	0.008895029	9.76924E-6
1155	0.008905044	9.77325E-6
1156	0.008915046	9.77726E-6
1157	0.008925043	9.78126E-6
1158	0.008935044	9.78526E-6
1159	0.008945045	9.78926E-6
1160	0.008955044	9.79325E-6
1161	0.008965044	9.79724E-6
1162	0.008975044	9.80123E-6
1163	0.008985044	9.80522E-6
1164	0.008995044	9.8092E-6
1165	0.009005044	9.81318E-6
1166	0.009015044	9.81716E-6
1167	0.009025044	9.82114E-6
1168	0.009035044	9.82511E-6
1169	0.009045044	9.82908E-6
1170	0.009055044	9.83305E-6
1171	0.009065044	9.83702E-6
1172	0.009075045	9.84098E-6
1173	0.009085045	9.84495E-6
1174	0.009095042	9.8489E-6
1175	0.009105045	9.85286E-6
1176	0.009115054	9.85681E-6
1177	0.009125023	9.86076E-6
1178	0.009135033	9.86471E-6
1179	0.009145174	9.86865E-6
1180	0.009154847	9.8726E-6
1181	0.009164535	9.87653E-6
1182	0.009176482	9.88047E-6
1183	0.009186906	9.8844E-6
1184	0.009188002	9.88833E-6
1185	0.009186118	9.89226E-6
1186	0.009193869	9.89619E-6
1187	0.009215812	9.90011E-6
1188	0.009225646	9.90403E-6
1189	0.009235249	9.90794E-6
1190	0.009245379	9.91186E-6
1191	0.00925542	9.91577E-6
1192	0.009265376	9.91968E-6
1193	0.00927537	9.92358E-6
1194	0.009285381	9.92748E-6
1195	0.009295379	9.93138E-6
1196	0.009305378	9.93528E-6
1197	0.009315379	9.93918E-6
1198	0.009325379	9.94307E-6
1199	0.009335379	9.94696E-6
1200	0.009345379	9.95084E-6
1201	0.009355379	9.95473E-6
1202	0.009365379	9.95861E-6
1203	0.009375379	9.96249E-6
1204	0.009385379	9.96636E-6
1205	0.009395379	9.97023E-6
1206	0.009405379	9.9741E-6
1207	0.009415379	9.97797E-6
1208	0.009425379	9.98184E-6
1209	0.009435379	9.9857E-6
1210	0.009445379	9.98956E-6
1211	0.009455379	9.99341E-6
1212	0.009475379	9.99727E-6
1213	0.009485379	1.00011E-5
1214	0.009495379	1.0005E-5
1215	0.009505379	1.00088E-5
1216	0.009515379	1.00127E-5
1217	0.009525379	1.00165E-5
1218	0.009535379	1.00203E-5
1219	0.009545379	1.00242E-5
1220	0.009555379	1.0028E-5
1221	0.009565379	1.00318E-5
1222	0.009575379	1.00356E-5
1223	0.009585379	1.00395E-5
1224	0.009595378	1.00433E-5
1225	0.009605378	1.00471E-5
1226	0.009615379	1.00509E-5
1227	0.009625379	1.00547E-5
1228	0.009635377	1.00585E-5
1229	0.009645382	1.00623E-5
1230	0.009655388	1.00662E-5
1231	0.009675365	1.007E-5
1232	0.009685379	1.00738E-5
1233	0.009695494	1.00775E-5
1234	0.00970526	1.00813E-5
1235	0.009714957	1.00851E-5
1236	0.009726301	1.00889E-5
1237	0.009735722	1.00927E-5
1238	0.009736902	1.00965E-5
1239	0.009736769	1.01003E-5
1240	0.009744448	1.0104E-5
1241	0.009755954	1.01078E-5
1242	0.009765779	1.01116E-5
1243	0.009775606	1.01154E-5
1244	0.009785721	1.01191E-5
1245	0.009795717	1.01229E-5
1246	0.009805704	1.01266E-5
1247	0.009815713	1.01304E-5
1248	0.009835714	1.01341E-5
1249	0.009845712	1.01379E-5
1250	0.009855713	1.01416E-5
1251	0.009865713	1.01454E-5
1252	0.009875713	1.01491E-5
1253	0.009885713	1.01529E-5
1254	0.009895713	1.01566E-5
1255	0.009905713	1.01604E-5
1256	0.009915713	1.01641E-5
1257	0.009925713	1.01678E-5
1258	0.009935713	1.01715E-5
1259	0.009945713	1.01753E-5
1260	0.009955713	1.0179E-5
1261	0.009965713	1.01827E-5
1262	0.009975713	1.01864E-5
1263	0.009995713	1.01901E-5
1264	0.010005713	1.01938E-5
1265	0.010015713	1.01975E-5
1266	0.010025713	1.02013E-5
1267	0.010035713	1.0205E-5
1268	0.010045713	1.02087E-5
1269	0.010055713	1.02123E-5
1270	0.010065713	1.0216E-5
1271	0.010075713	1.02197E-5
1272	0.010085713	1.02234E-5
1273	0.010095713	1.02271E-5
1274	0.010105713	1.02308E-5
1275	0.010115713	1.02345E-5
1276	0.010125713	1.02381E-5
1277	0.010135713	1.02418E-5
1278	0.010155713	1.02455E-5
1279	0.010165713	1.02492E-5
1280	0.010175713	1.02528E-5
1281	0.010185713	1.02565E-5
1282	0.010195713	1.02602E-5
1283	0.010205713	1.02638E-5
1284	0.010215713	1.02675E-5
1285	0.010225713	1.02711E-5
1286	0.010235713	1.02748E-5
1287	0.010245713	1.02784E-5
1288	0.010255713	1.02821E-5
1289	0.010265713	1.02857E-5
1290	0.010275713	1.02893E-5
1291	0.010285713	1.0293E-5
1292	0.010295713	1.02966E-5
1293	0.010315713	1.03002E-5
1294	0.010325713	1.03039E-5
1295	0.010335713	1.03075E-5
1296	0.010345713	1.03111E-5
1297	0.010355713	1.03147E-5
1298	0.010365713	1.03183E-5
1299	0.010375713	1.0322E-5
1300	0.010385713	1.03256E-5
1301	0.010395713	1.03292E-5
1302	0.010405713	1.03328E-5
1303	0.010415713	1.03364E-5
1304	0.010425713	1.034E-5
1305	0.010435713	1.03436E-5
1306	0.010445713	1.03472E-5
1307	0.010455713	1.03508E-5
1308	0.010475713	1.03544E-5
1309	0.010485713	1.03579E-5
1310	0.010495713	1.03615E-5
1311	0.010505713	1.03651E-5
1312	0.010515713	1.03687E-5
1313	0.010525713	1.03723E-5
1314	0.010535713	1.03758E-5
1315	0.010545713	1.03794E-5
1316	0.010555713	1.0383E-5
1317	0.010565713	1.03865E-5
1318	0.010575713	1.03901E-5
1319	0.010585713	1.03937E-5
1320	0.010595713	1.03972E-5
1321	0.010605713	1.04008E-5
1322	0.010615713	1.04043E-5
1323	0.010635713	1.04079E-5
1324	0.010645713	1.04114E-5
1325	0.010655713	1.04149E-5
1326	0.010665713	1.04185E-5
1327	0.010675713	1.0422E-5
1328	0.010685713	1.04256E-5
1329	0.010695713	1.04291E-5
1330	0.010705713	1.04326E-5
1331	0.010715713	1.04361E-5
1332	0.010725713	1.04397E-5
1333	0.010735713	1.04432E-5
1334	0.010745713	1.04467E-5
1335	0.010755713	1.04502E-5
1336	0.010765713	1.04537E-5
1337	0.010775713	1.04572E-5
1338	0.010795713	1.04607E-5
1339	0.010805713	1.04642E-5
1340	0.010815713	1.04677E-5
1341	0.010825713	1.04712E-5
1342	0.010835713	1.04747E-5
1343	0.010845713	1.04782E-5
1344	0.010855713	1.04817E-5
1345	0.010865713	1.04852E-5
1346	0.010875713	1.04887E-5
1347	0.010885713	1.04922E-5
1348	0.010895713	1.04957E-5
1349	0.010905713	1.04991E-5
1350	0.010915713	1.05026E-5
1351	0.010925713	1.05061E-5
1352	0.010945713	1.05095E-5
1353	0.010955712	1.0513E-5
1354	0.010965713	1.05165E-5
1355	0.010975716	1.05199E-5
1356	0.010985712	1.05234E-5
1357	0.0109957	1.05268E-5
1358	0.01100573	1.05303E-5
1359	0.011015719	1.05337E-5
1360	0.011025549	1.05372E-5
1361	0.011035847	1.05406E-5
1362	0.011046199	1.05441E-5
1363	0.01105394	1.05475E-5
1364	0.011063807	1.05509E-5
1365	0.011084336	1.05544E-5
1366	0.01110623	1.05578E-5
1367	0.011127046	1.05612E-5
1368	0.011134948	1.05647E-5
1369	0.011145361	1.05681E-5
1370	0.011155526	1.05715E-5
1371	0.011165352	1.05749E-5
1372	0.01117535	1.05783E-5
1373	0.011185391	1.05817E-5
1374	0.011195385	1.05851E-5
1375	0.011205376	1.05885E-5
1376	0.011215379	1.05919E-5
1377	0.011225379	1.05953E-5
1378	0.011235378	1.05987E-5
1379	0.011245378	1.06021E-5
1380	0.011255379	1.06055E-5
1381	0.011275379	1.06089E-5
1382	0.011285379	1.06123E-5
1383	0.011295379	1.06157E-5
1384	0.011305379	1.06191E-5
1385	0.011315379	1.06224E-5
1386	0.011325379	1.06258E-5
1387	0.011335379	1.06292E-5
1388	0.011345379	1.06325E-5
1389	0.011355379	1.06359E-5
1390	0.011365379	1.06393E-5
1391	0.011375379	1.06426E-5
1392	0.011385379	1.0646E-5
1393	0.011395379	1.06494E-5
1394	0.011415379	1.06527E-5
1395	0.011425379	1.06561E-5
1396	0.011435379	1.06594E-5
1397	0.011445379	1.06627E-5
1398	0.011455379	1.06661E-5
1399	0.011465379	1.06694E-5
1400	0.011475379	1.06728E-5
1401	0.011485379	1.06761E-5
1402	0.011495379	1.06794E-5
1403	0.011505379	1.06827E-5
1404	0.011515379	1.06861E-5
1405	0.011525379	1.06894E-5
1406	0.011535379	1.06927E-5
1407	0.011555379	1.0696E-5
1408	0.011565379	1.06993E-5
1409	0.011575379	1.07027E-5
1410	0.011585379	1.0706E-5
1411	0.011595379	1.07093E-5
1412	0.011605379	1.07126E-5
1413	0.011615379	1.07159E-5
1414	0.011625379	1.07192E-5
1415	0.011635379	1.07225E-5
1416	0.011645378	1.07258E-5
1417	0.011655378	1.0729E-5
1418	0.011665381	1.07323E-5
1419	0.011685379	1.07356E-5
1420	0.011695366	1.07389E-5
1421	0.011705399	1.07422E-5
1422	0.011715425	1.07454E-5
1423	0.011725237	1.07487E-5
1424	0.011735214	1.0752E-5
1425	0.011745938	1.07553E-5
1426	0.011755113	1.07585E-5
1427	0.011763074	1.07618E-5
1428	0.011782228	1.0765E-5
1429	0.011806119	1.07683E-5
1430	0.01181769	1.07715E-5
1431	0.011834629	1.07748E-5
1432	0.011844572	1.0778E-5
1433	0.011855211	1.07813E-5
1434	0.01186507	1.07845E-5
1435	0.011875004	1.07878E-5
1436	0.011885054	1.0791E-5
1437	0.011895048	1.07942E-5
1438	0.01190504	1.07975E-5
1439	0.011915044	1.08007E-5
1440	0.011925045	1.08039E-5
1441	0.011935044	1.08071E-5
1442	0.011955044	1.08104E-5
1443	0.011965044	1.08136E-5
1444	0.011975044	1.08168E-5
1445	0.011985044	1.082E-5
1446	0.011995044	1.08232E-5
1447	0.012005044	1.08264E-5
1448	0.012015044	1.08296E-5
1449	0.012025044	1.08328E-5
1450	0.012035045	1.0836E-5
1451	0.012045044	1.08392E-5
1452	0.012055042	1.08424E-5
1453	0.01207505	1.08456E-5
1454	0.012085046	1.08488E-5
1455	0.012095006	1.0852E-5
1456	0.012105072	1.08552E-5
1457	0.012115163	1.08583E-5
1458	0.012124661	1.08615E-5
1459	0.0121348	1.08647E-5
1460	0.012146813	1.08679E-5
1461	0.012152628	1.0871E-5
1462	0.012150057	1.08742E-5
1463	0.012153319	1.08773E-5
1464	0.012174895	1.08805E-5
1465	0.012185848	1.08837E-5
1466	0.012195295	1.08868E-5
1467	0.012205282	1.089E-5
1468	0.012215416	1.08931E-5
1469	0.012225392	1.08963E-5
1470	0.012235369	1.08994E-5
1471	0.01224538	1.09025E-5
1472	0.012255381	1.09057E-5
1473	0.012265378	1.09088E-5
1474	0.012275378	1.09119E-5
1475	0.012295379	1.09151E-5
1476	0.012305379	1.09182E-5
1477	0.012315379	1.09213E-5
1478	0.012325379	1.09244E-5
1479	0.012335379	1.09276E-5
1480	0.012345379	1.09307E-5
1481	0.012355379	1.09338E-5
1482	0.012365379	1.09369E-5
1483	0.012375379	1.094E-5
1484	0.012385379	1.09431E-5
1485	0.012405379	1.09462E-5
1486	0.012415379	1.09493E-5
1487	0.012425379	1.09524E-5
1488	0.012435379	1.09555E-5
1489	0.012445379	1.09586E-5
1490	0.012455379	1.09617E-5
1491	0.012465379	1.09648E-5
1492	0.012475379	1.09679E-5
1493	0.012485379	1.09709E-5
1494	0.012495379	1.0974E-5
1495	0.012515379	1.09771E-5
1496	0.012525379	1.09802E-5
1497	0.012535379	1.09832E-5
1498	0.012545379	1.09863E-5
1499	0.012555379	1.09893E-5
1500	0.012565378	1.09924E-5
1501	0.012575379	1.09955E-5
1502	0.012585379	1.09985E-5
1503	0.012595377	1.10016E-5
1504	0.012605376	1.10046E-5
1505	0.012625388	1.10077E-5
1506	0.012635381	1.10107E-5
1507	0.012645338	1.10138E-5
1508	0.012655449	1.10168E-5
1509	0.012665525	1.10198E-5
1510	0.012674917	1.10229E-5
1511	0.012685129	1.10259E-5
1512	0.012697432	1.10289E-5
1513	0.01270237	1.10319E-5
1514	0.012698601	1.1035E-5
1515	0.012713257	1.1038E-5
1516	0.012725644	1.1041E-5
1517	0.012736284	1.1044E-5
1518	0.012745609	1.1047E-5
1519	0.012755605	1.105E-5
1520	0.012765757	1.1053E-5
1521	0.012775727	1.1056E-5
1522	0.012785703	1.1059E-5
1523	0.012795714	1.1062E-5
1524	0.012805714	1.1065E-5
1525	0.012825712	1.1068E-5
1526	0.012835713	1.1071E-5
1527	0.012845713	1.1074E-5
1528	0.012855713	1.1077E-5
1529	0.012865713	1.108E-5
1530	0.012875713	1.10829E-5
1531	0.012885713	1.10859E-5
1532	0.012895713	1.10889E-5
1533	0.012905713	1.10919E-5
1534	0.012915713	1.10948E-5
1535	0.012935713	1.10978E-5
1536	0.012945713	1.11007E-5
1537	0.012955713	1.11037E-5
1538	0.012965713	1.11067E-5
1539	0.012975713	1.11096E-5
1540	0.012985713	1.11126E-5
1541	0.012995713	1.11155E-5
1542	0.013005713	1.11185E-5
1543	0.013015713	1.11214E-5
1544	0.013035713	1.11243E-5
1545	0.013045713	1.11273E-5
1546	0.013055713	1.11302E-5
1547	0.013065713	1.11331E-5
1548	0.013075713	1.11361E-5
1549	0.013085713	1.1139E-5
1550	0.013095713	1.11419E-5
1551	0.013105713	1.11448E-5
1552	0.013115713	1.11477E-5
1553	0.013135713	1.11507E-5
1554	0.013145713	1.11536E-5
1555	0.013155713	1.11565E-5
1556	0.013165713	1.11594E-5
1557	0.013175713	1.11623E-5
1558	0.013185713	1.11652E-5
1559	0.013195713	1.11681E-5
1560	0.013205713	1.1171E-5
1561	0.013215713	1.11739E-5
1562	0.013235713	1.11768E-5
1563	0.013245713	1.11797E-5
1564	0.013255713	1.11825E-5
1565	0.013265713	1.11854E-5
1566	0.013275713	1.11883E-5
1567	0.013285713	1.11912E-5
1568	0.013295713	1.1194E-5
1569	0.013305713	1.11969E-5
1570	0.013315713	1.11998E-5
1571	0.013335713	1.12026E-5
1572	0.013345713	1.12055E-5
1573	0.013355713	1.12084E-5
1574	0.013365713	1.12112E-5
1575	0.013375713	1.12141E-5
1576	0.013385713	1.12169E-5
1577	0.013395713	1.12198E-5
1578	0.013405713	1.12226E-5
1579	0.013415713	1.12255E-5
1580	0.013435713	1.12283E-5
