0	27.83	0
22	28.18	0
42	28.18	0
62	28.52	0
82	28.52	0
103	28.7	0
123	29.05	0
143	29.05	0
163	28.88	0
183	29.22	0
203	29.4	0
223	29.58	0
243	29.22	0
263	30.1	0
283	29.93	0
303	30.45	0
323	30.28	0
343	30.45	0
363	30.45	0
383	30.45	0
403	30.8	0
423	30.98	0
443	31.15	0
463	31.5	0
483	31.32	0
503	31.85	0
523	32.03	0
543	32.38	0
563	32.72	0
583	32.55	0
603	32.9	0
623	33.6	0
643	33.77	0
663	34.13	0
683	34.47	0
703	34.65	0
723	35.17	0
743	35.7	0
763	35.7	0
783	36.23	0
803	36.58	0
823	36.92	0
843	37.45	0
863	37.98	0
883	38.15	0
903	38.67	0
923	38.85	0
943	39.55	0
963	40.08	-1E-3
983	40.6	-1E-3
1003	41.13	-1E-3
1023	41.47	-1E-3
1043	42	-1E-3
1063	42.7	-1E-3
1083	43.05	-1E-3
1103	43.58	-1E-3
1123	44.1	-1E-3
1143	44.45	-1E-3
1163	45.15	-1E-3
1183	45.85	-1E-3
1203	46.38	-1E-3
1223	46.9	-1E-3
1243	47.6	-1E-3
1263	48.13	-1E-3
1283	48.47	-1E-3
1303	49	-1E-3
1323	49.52	-1E-3
1343	50.05	-1E-3
1363	50.75	-1E-3
1383	51.45	-1E-3
1403	51.97	-1E-3
1423	52.5	-1E-3
1443	53.02	-1E-3
1463	53.72	-1E-3
1483	54.42	-1E-3
1503	54.78	-1E-3
1523	55.65	-1E-3
1543	56.52	-1E-3
1563	57.05	-1E-3
1583	57.75	-1E-3
1603	58.45	-1E-3
1623	59.15	-1E-3
1643	60.2	-0.002
1663	60.55	-0.002
1683	61.42	-0.002
1703	62.3	-0.002
1723	62.83	-0.002
1743	63.53	-0.002
1763	64.4	-0.002
1783	65.1	-0.002
1803	65.63	-0.002
1823	66.5	-0.002
1843	67.2	-0.002
1863	67.72	-0.002
1883	68.6	-0.002
1903	69.48	-0.002
1923	70.18	-0.002
1943	70.88	-0.002
1963	71.58	-0.002
1983	72.63	-0.002
2003	73.33	-0.002
2023	74.03	-0.002
2043	74.9	-0.002
2063	75.42	-0.002
2083	76.13	-0.002
2103	77.17	-0.002
2123	78.05	-0.002
2143	78.93	-0.002
2163	79.8	-0.002
2183	80.5	-0.002
2203	81.38	-0.002
2223	82.07	-0.002
2243	83.3	-0.002
2263	83.82	-0.003
2283	84.7	-0.003
2303	85.4	-0.003
2323	85.92	-0.003
2343	86.97	-0.003
2363	88.03	-0.003
2383	88.73	-0.003
2403	89.78	-0.003
2423	90.65	-0.003
2443	91.35	-0.003
2463	92.4	-0.003
2483	93.28	-0.003
2503	94.32	-0.003
2523	95.38	-0.003
2543	96.43	-0.003
2563	96.95	-0.003
2583	98.18	-0.003
2603	99.05	-0.003
2623	100.1	-0.003
2643	100.97	-0.003
2663	102.03	-0.003
2683	103.25	-0.003
2703	103.95	-0.003
2723	105.18	-0.003
2743	105.88	-0.003
2763	106.93	-0.003
2783	107.63	-0.003
2803	108.85	-0.003
2823	109.9	-0.003
2843	110.77	-0.003
2863	111.65	-0.003
2883	112.87	-0.003
2903	114.1	-0.003
2923	114.63	-0.003
2943	115.5	-0.003
2963	116.38	-0.003
2983	117.43	-0.003
3003	118.65	-0.003
3023	119.53	-0.003
3043	120.4	-0.003
3063	121.27	-0.003
3083	122.68	-0.003
3103	123.55	-0.003
3123	124.43	-0.003
3143	125.65	-0.003
3163	126.7	-0.003
3183	127.93	-0.003
3203	128.8	-0.003
3223	129.85	-0.003
3243	130.9	-0.003
3263	132.3	-0.003
3283	133.18	-0.003
3303	134.23	-0.003
3323	135.45	-0.003
3343	136.32	-0.003
3363	137.38	-0.003
3383	138.43	-0.003
3403	139.65	-0.003
3423	141.05	-0.003
3443	141.75	-0.003
3463	143.15	-0.003
3483	144.2	-0.003
3503	145.07	-0.003
3523	145.95	-0.003
3543	147.35	-0.003
3563	148.05	-0.003
3583	149.45	-0.003
3603	150.5	-0.003
3623	151.73	-0.003
3643	152.6	-0.003
3663	153.48	-0.003
3683	154.88	-0.003
3703	155.75	-0.003
3723	156.98	-0.003
3743	157.85	-0.003
3763	159.08	-0.003
3783	160.3	-0.003
3803	161.18	-0.003
3823	162.4	-0.003
3843	163.8	-0.003
3863	164.85	-0.003
3883	165.73	-0.003
3903	167.3	-0.003
3923	168.35	-0.003
3943	169.05	-0.003
3963	170.45	-0.003
3983	171.5	-0.003
4003	172.38	-0.003
4023	173.6	-0.003
4043	174.65	-0.003
4063	175.7	-0.003
4083	176.57	-0.003
4103	177.63	-0.003
4123	179.02	-0.003
4143	180.43	-0.003
4163	181.3	-0.003
4183	182.35	-0.003
4203	183.75	-0.003
4223	184.63	-0.003
4243	185.85	-0.003
4263	186.9	-0.003
4283	188.13	-0.003
4303	189.52	-0.003
4323	190.4	-0.003
4343	191.8	-0.003
4363	192.68	-0.003
4383	194.07	-0.003
4403	195.12	-0.003
4423	196.18	-0.003
4443	197.57	-0.003
4463	198.45	-0.003
4483	199.5	-0.003
4503	200.73	-0.003
4523	202.13	-0.003
4543	203	-0.003
4563	204.23	-0.003
4583	205.27	-0.003
4603	206.5	-0.003
4623	207.38	-0.003
4643	208.6	-0.003
4663	209.65	-0.003
4683	210.7	-0.002
4703	211.58	-0.002
4723	212.98	-0.002
4743	214.2	-0.002
4763	215.07	-0.002
4783	216.48	-0.002
4803	217.35	-0.002
4823	218.57	-0.002
4843	219.8	-0.002
4863	221.03	-0.002
4883	222.07	-0.002
4903	222.95	-0.002
4923	224.18	-0.002
4943	225.4	-0.002
4963	226.27	-0.002
4983	227.5	-0.002
5003	228.55	-0.002
5023	229.43	-0.002
5043	231	-0.002
5063	232.05	-0.002
5083	233.1	-0.002
5103	234.5	-1E-3
5123	235.2	-1E-3
5143	236.77	-1E-3
5163	237.65	-1E-3
5183	238.88	-1E-3
5203	240.27	-1E-3
5223	241.15	-1E-3
5243	242.55	-1E-3
5263	243.95	-1E-3
5283	244.82	-1E-3
5303	246.22	-1E-3
5324	247.45	-1E-3
5348	249.02	-1E-3
5369	250.08	-1E-3
5393	251.48	-1E-3
5413	252.52	-1E-3
5433	254.1	-1E-3
5453	255.15	0
5473	256.02	0
5493	257.07	0
5513	258.3	0
5533	259.35	0
5553	260.58	0
5573	261.63	0
5593	263.02	0
5613	264.25	0
5633	265.48	0
5653	266.7	0
5673	267.75	0
5693	269.15	0
5713	270.2	0
5733	271.43	0
5753	272.48	0
5773	273.88	0
5793	274.93	0
5813	276.15	0
5833	277.2	0
5853	278.6	1E-3
5873	279.65	1E-3
5893	280.87	1E-3
5913	281.75	1E-3
5933	282.98	1E-3
5953	284.02	1E-3
5973	285.25	1E-3
5993	286.3	1E-3
6013	287.35	1E-3
6033	288.58	1E-3
6053	289.8	1E-3
6073	291.02	1E-3
6093	292.08	1E-3
6113	293.48	1E-3
6133	294.52	1E-3
6153	295.75	1E-3
6173	296.8	0.002
6193	298.03	0.002
6213	299.08	0.002
6233	300.3	0.002
6253	301.35	0.002
6273	302.75	0.002
6293	303.98	0.002
6313	305.02	0.002
6334	306.42	0.002
6359	307.65	0.002
6379	308.7	0.002
6403	310.1	0.002
6423	311.33	0.002
6443	312.55	0.002
6463	313.6	0.002
6483	315	0.002
6503	316.23	0.002
6523	317.45	0.002
6543	318.67	0.002
6563	319.55	0.003
6583	321.13	0.003
6603	322.18	0.003
6623	323.4	0.003
6643	324.8	0.003
6663	325.85	0.003
6683	327.08	0.003
6703	328.3	0.003
6723	329.35	0.003
6743	330.75	0.003
6763	331.97	0.003
6783	333.02	0.003
6803	333.9	0.003
6823	335.13	0.003
6843	336.52	0.003
6863	337.75	0.003
6883	338.8	0.003
6903	340.02	0.004
6923	341.25	0.004
6943	342.47	0.004
6963	343.52	0.004
6983	344.75	0.004
7003	346.15	0.004
7023	347.55	0.004
7043	348.78	0.004
7063	350.18	0.004
7083	351.4	0.004
7103	352.27	0.004
7123	353.67	0.004
7143	354.55	0.004
7163	355.6	0.005
7183	356.82	0.005
7203	358.05	0.005
7223	359.27	0.005
7243	360.5	0.005
7263	361.73	0.005
7283	362.77	0.005
7303	363.65	0.005
7323	364.88	0.005
7343	366.27	0.005
7363	367.5	0.005
7383	368.72	0.005
7403	369.95	0.005
7423	371.17	0.005
7443	372.58	0.005
7463	373.8	0.005
7484	374.68	0.006
7509	376.08	0.006
7533	377.48	0.006
7553	378.52	0.006
7573	379.58	0.006
7593	380.98	0.006
7613	382.2	0.006
7633	383.25	0.006
7653	384.47	0.006
7673	385.7	0.006
7693	386.75	0.006
7713	387.98	0.006
7733	389.2	0.006
7753	390.25	0.006
7773	391.82	0.006
7793	392.7	0.006
7813	393.92	0.007
7833	394.97	0.007
7853	396.37	0.007
7873	397.42	0.007
7893	398.65	0.007
7913	399.88	0.007
7933	401.28	0.007
7953	402.33	0.007
7973	403.2	0.007
7993	404.25	0.007
8013	405.65	0.007
8033	406.7	0.007
8053	408.1	0.007
8073	409.15	0.007
8093	410.02	0.007
8113	411.42	0.007
8133	412.65	0.007
8153	413.88	0.008
8173	415.1	0.008
8193	416.5	0.008
8213	417.73	0.008
8233	418.77	0.008
8253	419.82	0.008
8273	421.05	0.008
8293	422.1	0.008
8313	423.33	0.008
8334	424.55	0.008
8358	426.13	0.008
8378	427.35	0.008
8398	428.58	0.008
8418	429.45	0.008
8439	430.33	0.008
8459	431.73	0.008
8479	432.95	0.008
8499	434	0.009
8519	435.4	0.009
8539	436.8	0.009
8559	437.85	0.009
8579	439.08	0.009
8599	440.48	0.009
8619	441.17	0.009
8639	442.4	0.009
8659	443.8	0.009
8679	444.67	0.009
8699	445.9	0.009
8719	447.12	0.009
8739	448.35	0.009
8759	449.4	0.009
8779	450.45	0.009
8799	451.85	0.009
8819	453.07	0.009
8839	454.13	0.009
8859	455.18	0.009
8879	456.22	0.009
8899	457.27	0.009
8919	458.67	0.01
8939	459.72	0.01
8959	460.95	0.01
8979	462	0.01
8999	463.23	0.01
9019	464.1	0.01
9039	465.5	0.01
9059	466.38	0.01
9079	467.6	0.01
9099	469	0.01
9119	470.05	0.01
9139	471.1	0.01
9159	472.32	0.01
9179	473.2	0.01
9199	474.25	0.01
9219	475.3	0.01
9239	476.35	0.01
9259	477.58	0.01
9279	478.8	0.01
9299	479.68	0.01
9319	480.72	0.011
9339	481.95	0.011
9359	483.18	0.011
9379	484.4	0.011
9399	485.45	0.011
9419	486.67	0.011
9439	487.55	0.011
9459	489.13	0.011
9479	490.17	0.011
9499	491.23	0.011
9519	492.1	0.011
9539	493.5	0.011
9559	494.55	0.011
9579	495.78	0.011
9599	497	0.011
9619	497.7	0.011
9639	499.1	0.011
9659	500.15	0.011
9679	501.2	0.011
9699	501.9	0.011
9719	502.95	0.011
9739	504	0.011
9759	505.4	0.011
9779	506.1	0.011
9799	507.5	0.011
9819	508.9	0.011
9839	509.77	0.011
9859	511.17	0.012
9879	512.05	0.012
9899	513.28	0.012
9919	514.32	0.012
9939	515.55	0.012
9959	516.25	0.012
9979	517.65	0.012
9999	518.7	0.012
10019	519.75	0.012
10039	520.63	0.012
10059	521.67	0.012
10079	523.08	0.012
10099	523.95	0.012
10119	525.17	0.012
10139	526.05	0.012
10159	527.27	0.012
10179	528.33	0.012
10199	529.2	0.012
10219	530.6	0.012
10239	531.47	0.012
10259	532.7	0.012
10279	533.92	0.012
10299	534.8	0.012
10319	536.02	0.012
10339	537.25	0.012
10359	538.13	0.013
10379	539.35	0.013
10399	540.22	0.013
10419	541.63	0.013
10439	542.85	0.013
10459	543.9	0.013
10479	544.77	0.013
10499	545.83	0.013
10519	546.7	0.013
10539	547.92	0.013
10559	548.98	0.013
10579	550.38	0.013
10599	551.25	0.013
10619	552.3	0.013
10639	553.53	0.013
10659	554.58	0.013
10679	555.63	0.013
10699	556.85	0.013
10719	558.07	0.013
10739	558.95	0.013
10759	560	0.013
10779	561.05	0.013
10799	562.28	0.013
10819	563.15	0.013
10839	564.38	0.013
10859	565.6	0.014
10879	566.65	0.014
10899	567.35	0.014
10919	568.4	0.014
10939	569.62	0.014
10959	570.5	0.014
10979	571.55	0.014
10999	572.77	0.014
11019	573.83	0.014
11039	575.05	0.014
11059	575.93	0.014
11079	576.98	0.014
11099	578.2	0.014
11119	579.08	0.014
11139	580.3	0.014
11159	581.17	0.014
11179	582.58	0.014
11199	583.45	0.014
11219	584.67	0.014
11239	585.73	0.014
11259	586.95	0.014
11279	588	0.014
11299	588.88	0.014
11319	589.92	0.014
11339	590.98	0.014
11359	592.03	0.015
11379	592.9	0.015
11399	593.95	0.015
11419	594.83	0.015
11439	595.88	0.015
11459	597.28	0.015
11479	598.15	0.015
11499	599.2	0.015
11519	600.25	0.015
11539	601.3	0.015
11559	602.35	0.015
11579	603.4	0.015
11599	604.63	0.015
11619	605.67	0.015
11639	606.55	0.015
11659	607.77	0.015
11679	609	0.015
11699	610.05	0.015
11719	610.92	0.015
11739	611.98	0.015
11759	613.38	0.015
11779	614.08	0.015
11799	615.13	0.015
11819	616.52	0.015
11839	617.4	0.015
11859	618.45	0.015
11879	619.32	0.015
11899	620.38	0.016
11919	621.6	0.016
11939	622.65	0.016
11959	623.52	0.016
11979	624.75	0.016
11999	625.63	0.016
12019	626.85	0.016
12039	627.72	0.016
12059	628.78	0.016
12079	630	0.016
12099	630.87	0.016
12119	632.28	0.016
12139	633.15	0.016
12159	634.38	0.016
12179	635.08	0.016
12199	636.3	0.016
12219	637.35	0.016
12239	638.23	0.016
12259	639.28	0.016
12279	640.5	0.016
12299	641.72	0.016
12319	642.6	0.016
12339	643.65	0.016
12359	644.7	0.016
12379	645.58	0.016
12399	646.63	0.016
12419	648.02	0.016
12439	648.9	0.016
12459	650.13	0.016
12479	651.17	0.016
12499	652.23	0.016
12519	653.45	0.016
12539	654.33	0.016
12559	655.73	0.017
12579	656.6	0.017
12599	657.65	0.017
12619	658.53	0.017
12639	659.57	0.017
12659	660.45	0.017
12679	661.67	0.017
12699	662.55	0.017
12719	663.6	0.017
12739	664.48	0.017
12759	665.35	0.017
12779	666.58	0.017
12799	667.63	0.017
12819	668.67	0.017
12839	669.55	0.017
12859	670.78	0.017
12879	672	0.017
12899	673.05	0.017
12919	673.92	0.017
12939	674.97	0.017
12959	676.2	0.017
12979	676.72	0.017
12999	678.13	0.017
13019	679.35	0.017
13039	680.05	0.017
13059	681.45	0.017
13079	682.15	0.017
13099	683.37	0.017
13119	684.43	0.017
13139	685.47	0.017
13159	686.53	0.017
13179	687.58	0.017
13199	688.62	0.017
13219	689.67	0.017
13239	690.55	0.017
13259	691.25	0.017
13279	692.3	0.017
13299	693.35	0.017
13319	694.05	0.017
13339	695.28	0.017
13359	696.33	0.017
13379	697.55	0.017
13399	698.6	0.017
13419	699.65	0.017
13439	700.7	0.017
13459	701.75	0.017
13479	702.8	0.017
13499	703.67	0.017
13519	704.55	0.017
13539	705.43	0.017
13559	706.65	0.017
13579	707.7	0.017
13599	708.58	0.017
13619	709.97	0.017
13639	710.67	0.017
13659	711.72	0.017
13679	712.95	0.017
13699	713.83	0.017
13719	714.88	0.017
13739	715.92	0.017
13759	716.98	0.017
13779	717.85	0.017
13799	719.08	0.017
13819	719.95	0.017
13839	721	0.017
13859	722.05	0.017
13879	723.1	0.017
13899	724.15	0.017
13919	725.2	0.017
13939	726.25	0.017
13959	726.95	0.017
13979	728.17	0.017
13999	729.4	0.017
14019	730.27	0.017
14039	731.33	0.017
14059	732.03	0.017
14079	733.07	0.017
14099	734.48	0.017
14119	735.35	0.017
14139	736.4	0.017
14159	736.93	0.017
14179	738.15	0.017
14199	739.38	0.017
14219	740.25	0.017
14239	741.12	0.017
14259	742.7	0.017
14279	743.23	0.017
14299	744.63	0.017
14319	745.33	0.017
14339	746.55	0.017
14359	747.42	0.017
14379	748.48	0.017
14399	749.7	0.017
14419	750.58	0.017
14439	751.8	0.017
14459	752.67	0.017
14479	753.73	0.017
14499	754.6	0.017
14519	755.47	0.017
14539	756.7	0.017
14559	757.75	0.017
14579	758.63	0.017
14599	759.67	0.017
14619	760.9	0.017
14639	761.77	0.017
14659	762.65	0.017
14679	763.88	0.017
14699	764.92	0.017
14719	765.97	0.017
14739	766.85	0.017
14759	768.08	0.017
14779	768.95	0.017
14799	770.17	0.017
14819	771.22	0.017
14839	772.1	0.017
14859	772.97	0.017
14879	774.02	0.017
14899	774.9	0.017
14919	775.95	0.017
14939	776.82	0.017
14959	777.88	0.017
14979	778.92	0.017
14999	779.63	0.017
15019	780.5	0.017
15039	781.55	0.017
15059	782.6	0.017
15079	783.65	0.017
15099	784.53	0.017
15119	785.75	0.017
15139	786.97	0.017
15159	787.67	0.017
15179	788.72	0.017
15199	789.78	0.017
15219	790.65	0.017
15239	791.88	0.017
15259	792.93	0.017
15279	793.97	0.017
15299	795.03	0.016
15319	796.08	0.016
15339	797.13	0.016
15359	797.83	0.016
15379	799.05	0.016
15399	799.75	0.016
15419	800.98	0.016
15439	801.85	0.016
15459	802.9	0.016
15479	803.95	0.016
15499	805	0.016
15519	806.05	0.016
15540	806.93	0.016
15564	808.15	0.016
15584	809.03	0.016
15604	810.08	0.016
15624	810.95	0.016
15644	812.17	0.016
15664	813.23	0.016
15684	814.1	0.016
15704	815.33	0.016
15724	816.2	0.016
15744	817.25	0.016
15764	818.48	0.016
15784	819	0.015
15804	820.22	0.015
15824	820.92	0.015
15844	822.15	0.015
15864	823.02	0.015
15884	824.08	0.015
15904	824.95	0.015
15924	826	0.015
15944	827.05	0.015
15964	828.1	0.015
15984	829.15	0.015
16004	830.03	0.015
16024	831.08	0.015
16044	832.3	0.015
16064	833.17	0.015
16084	834.05	0.014
16104	835.1	0.014
16124	835.97	0.014
16144	837.03	0.014
16164	838.07	0.014
16184	839.13	0.014
16204	840.17	0.014
16224	841.05	0.014
16244	842.1	0.014
16264	843.15	0.013
16284	843.85	0.013
16304	845.08	0.013
16324	845.95	0.013
16344	847.35	0.013
16364	848.23	0.013
16384	848.75	0.013
16404	849.98	0.013
16424	851.03	0.013
16444	852.07	0.013
16464	853.13	0.013
16484	854.18	0.012
16504	855.22	0.012
16524	856.1	0.012
16544	857.33	0.012
16564	858.03	0.012
16584	859.08	0.012
16604	859.95	0.012
16624	861.17	0.012
16644	862.05	0.011
16664	863.45	0.011
16684	864.33	0.011
16704	865.38	0.011
16724	866.08	0.011
16744	867.3	0.011
16764	868.35	0.011
16784	869.4	0.011
16804	870.1	0.01
16824	871.5	0.01
16844	872.55	0.01
16864	873.42	0.01
16884	874.48	0.01
16904	875.35	0.01
16924	876.58	0.009
16944	877.8	0.009
16964	878.67	0.009
16984	879.55	0.009
17004	880.78	0.009
17024	881.65	0.008
17044	882.7	0.008
17064	883.75	0.008
17084	884.63	0.008
17104	885.5	0.008
17124	886.72	0.007
17144	887.78	0.007
17164	888.65	0.007
17184	889.7	0.006
17204	890.57	0.006
17224	891.63	0.006
17244	892.67	0.005
17264	893.38	0.005
17284	894.6	0.004
17304	895.3	0.004
17324	896.88	0.004
17344	897.4	0.003
17364	898.45	0.003
17384	899.15	0.002
17404	900.55	0.002
17424	901.42	0.002
17444	902.3	1E-3
17465	903.35	1E-3
17490	904.75	1E-3
17514	906.15	0
17534	907.03	-1E-3
17554	907.9	-1E-3
17574	908.95	-1E-3
17594	910.17	-0.002
17614	911.05	-0.002
17634	912.1	-0.003
17654	913.15	-0.003
17674	914.2	-0.004
17694	915.07	-0.005
17714	916.12	-0.005
17734	917.17	-0.006
17754	917.88	-0.006
17774	918.75	-0.007
17794	919.8	-0.007
17814	920.85	-0.008
17834	921.9	-0.009
17854	923.3	-0.009
17874	924	-0.01
17894	925.22	-0.01
17914	926.27	-0.011
17934	927.33	-0.011
17954	928.2	-0.012
17974	929.43	-0.013
17994	930.3	-0.014
18014	931.52	-0.015
18034	932.58	-0.016
18054	933.28	-0.016
18074	934.15	-0.017
18094	935.2	-0.018
18114	936.08	-0.018
18134	937.13	-0.019
18154	938.18	-0.02
18174	939.23	-0.02
18194	939.75	-0.021
18214	941.15	-0.022
18234	942.03	-0.023
18254	942.9	-0.024
18274	943.78	-0.025
18294	945.35	-0.026
18314	946.23	-0.027
18334	947.1	-0.028
18354	948.32	-0.029
18374	949.38	-0.03
18394	950.25	-0.03
18414	951.3	-0.031
18434	952.35	-0.032
18454	953.4	-0.033
18474	954.45	-0.035
18494	955.32	-0.036
18514	956.72	-0.037
18535	957.77	-0.038
18555	958.83	-0.039
18575	959.53	-0.04
18595	960.58	-0.042
18615	961.45	-0.043
18635	962.5	-0.044
18655	963.55	-0.045
18675	964.25	-0.047
18695	965.47	-0.048
18715	966.17	-0.049
18735	967.4	-0.05
18755	968.28	-0.052
18775	969.15	-0.053
18795	970.38	-0.055
18815	971.6	-0.056
18835	972.48	-0.058
18855	973.35	-0.059
18875	974.4	-0.06
18895	975.45	-0.061
18915	976.5	-0.063
18935	977.55	-0.064
18955	978.6	-0.066
18975	979.83	-0.067
18995	980.52	-0.069
19015	981.4	-0.07
19035	982.45	-0.071
19055	983.5	-0.073
19075	984.55	-0.074
19095	985.6	-0.076
19115	986.83	-0.078
19135	987.7	-0.08
19155	988.75	-0.081
19175	989.8	-0.083
19195	990.67	-0.085
19215	991.9	-0.087
19235	992.78	-0.089
19255	993.48	-0.09
19275	994.87	-0.092
19295	995.75	-0.094
19315	996.8	-0.096
19335	998.02	-0.098
19355	999.08	-0.1
19375	999.95	-0.101
19395	1001.17	-0.103
19415	1002.05	-0.105
19435	1002.93	-0.108
19455	1003.98	-0.109
19475	1005.2	-0.111
19495	1006.08	-0.113
19515	1006.95	-0.115
19535	1008.35	-0.117
19555	1009.05	-0.119
19575	1009.92	-0.121
19595	1011.15	-0.124
19615	1011.68	-0.126
19635	1012.9	-0.128
19655	1014.13	-0.13
19675	1015	-0.133
19695	1016.05	-0.135
19715	1016.92	-0.137
19735	1017.8	-0.139
19755	1018.85	-0.141
19775	1020.07	-0.144
19795	1020.95	-0.146
19815	1022.17	-0.148
19835	1022.88	-0.15
19855	1024.45	-0.153
19875	1025.15	-0.155
19895	1026.03	-0.158
19915	1027.07	-0.16
19935	1027.95	-0.163
19955	1028.82	-0.165
19975	1029.87	-0.168
19995	1030.93	-0.17
20015	1031.97	-0.173
20035	1033.02	-0.176
20055	1034.07	-0.178
20075	1035.13	-0.181
20095	1036.17	-0.183
20115	1037.22	-0.186
20135	1038.1	-0.189
20155	1039.5	-0.191
20175	1040.38	-0.193
20195	1041.42	-0.196
20215	1042.3	-0.199
20235	1043.18	-0.202
20255	1044.22	-0.205
20275	1045.28	-0.208
20295	1046.33	-0.211
20315	1047.38	-0.214
20335	1048.43	-0.217
20355	1049.3	-0.219
20375	1050.35	-0.222
20395	1051.22	-0.225
20415	1052.28	-0.228
20435	1053.32	-0.231
20455	1054.38	-0.234
20475	1055.25	-0.237
20495	1056.3	-0.24
20515	1057.53	-0.243
20535	1058.4	-0.247
20555	1059.45	-0.25
20575	1060.68	-0.253
20595	1061.38	-0.256
20615	1062.07	-0.259
20635	1063.65	-0.262
20655	1064.7	-0.265
20675	1065.4	-0.269
20695	1066.28	-0.271
20715	1067.5	-0.275
20735	1068.55	-0.278
20755	1069.25	-0.281
20775	1070.47	-0.285
20795	1071.7	-0.288
20815	1072.58	-0.292
20835	1073.63	-0.296
20855	1074.5	-0.299
20875	1075.2	-0.302
20895	1076.6	-0.306
20915	1077.65	-0.309
20935	1078.35	-0.312
20955	1079.57	-0.316
20975	1080.63	-0.32
20995	1081.5	-0.323
21015	1082.55	-0.327
21035	1083.6	-0.331
21055	1084.65	-0.335
21075	1085.53	-0.338
21095	1086.57	-0.341
21115	1087.8	-0.346
21135	1088.68	-0.349
21155	1089.55	-0.352
21175	1090.6	-0.357
21195	1091.82	-0.36
21215	1092.7	-0.364
21235	1093.75	-0.368
21255	1094.8	-0.372
21275	1095.68	-0.377
21295	1096.9	-0.38
21315	1097.78	-0.384
21335	1098.82	-0.388
21355	1099.7	-0.392
21375	1101.1	-0.396
21395	1101.63	-0.4
21415	1102.85	-0.405
21435	1103.9	-0.409
21455	1104.95	-0.413
21475	1106	-0.418
21495	1107.05	-0.421
21517	1108.1	-0.426
21540	1109.5	-0.43
21560	1110.38	-0.435
21580	1111.08	-0.439
21600	1112.47	-0.444
21620	1113.35	-0.448
21640	1114.4	-0.453
21660	1115.28	-0.458
21680	1116.68	-0.462
21700	1117.72	-0.466
21720	1118.6	-0.47
21740	1119.47	-0.475
21760	1120.35	-0.48
21780	1121.57	-0.485
21800	1122.45	-0.489
21820	1123.67	-0.494
21840	1124.72	-0.499
21860	1125.78	-0.503
21880	1126.65	-0.508
21900	1127.7	-0.512
21920	1128.57	-0.518
21940	1129.63	-0.522
21960	1130.85	-0.527
21980	1131.9	-0.532
22000	1132.95	-0.538
22020	1134.17	-0.542
22040	1135.05	-0.547
22060	1135.93	-0.551
22080	1136.97	-0.556
22100	1137.85	-0.562
22120	1138.9	-0.567
22140	1139.95	-0.572
22160	1141	-0.577
22180	1141.88	-0.582
22200	1142.75	-0.587
22220	1143.8	-0.591
22240	1144.85	-0.597
22260	1145.9	-0.602
22280	1146.77	-0.608
22300	1148	-0.613
22320	1148.88	-0.618
22340	1149.92	-0.623
22360	1151.15	-0.628
22380	1152.2	-0.633
22400	1153.43	-0.639
22420	1154.12	-0.644
22440	1155	-0.649
22460	1156.23	-0.655
22480	1157.45	-0.66
22500	1158.5	-0.666
22520	1159.55	-0.67
22540	1160.43	-0.676
22560	1161.3	-0.682
22580	1162.35	-0.687
22600	1163.05	-0.693
22620	1164.1	-0.698
22640	1165.15	-0.703
22660	1165.85	-0.709
22680	1167.08	-0.713
22700	1168.13	-0.719
22720	1169.35	-0.725
22740	1170.4	-0.73
22760	1171.28	-0.736
22780	1172.5	-0.741
22800	1173.38	-0.747
22820	1174.43	-0.752
22840	1175.47	-0.757
22860	1176.53	-0.763
22880	1177.4	-0.769
22900	1178.28	-0.775
22920	1179.15	-0.78
22940	1180.55	-0.786
22960	1181.78	-0.79
22980	1182.82	-0.796
23000	1184.05	-0.802
23020	1184.93	-0.808
23040	1185.97	-0.813
23060	1186.67	-0.819
23080	1187.9	-0.824
23100	1188.95	-0.83
23120	1190	-0.835
23140	1190.88	-0.841
23160	1192.1	-0.846
23180	1193.15	-0.852
23200	1193.85	-0.858
23220	1195.08	-0.863
23240	1195.95	-0.869
23260	1197	-0.874
23280	1198.05	-0.88
23300	1199.1	-0.885
23320	1200.15	-0.891
23340	1201.03	-0.897
23360	1202.25	-0.902
23380	1202.95	-0.908
23400	1204	-0.912
23420	1205.05	-0.918
23440	1205.93	-0.924
23460	1207.15	-0.929
23480	1208.03	-0.935
23500	1208.72	-0.94
23520	1210.3	-0.946
23540	1211.17	-0.951
23560	1212.4	-0.956
23580	1213.28	-0.962
23600	1214.5	-0.968
23620	1215.38	-0.974
23640	1216.43	-0.979
23660	1217.47	-0.984
23680	1218.35	-0.989
23700	1219.4	-0.994
23720	1220.1	-1
23740	1221.5	-1.006
23760	1222.55	-1.011
23780	1223.25	-1.017
23800	1224.82	-1.022
23820	1225.52	-1.028
23840	1226.57	-1.032
23860	1227.8	-1.038
23880	1228.67	-1.043
23900	1229.72	-1.049
23920	1230.95	-1.055
23940	1231.82	-1.06
23960	1232.87	-1.065
23980	1234.1	-1.07
24000	1234.97	-1.075
24020	1236.02	-1.08
24040	1237.07	-1.086
24060	1237.78	-1.091
24080	1239	-1.097
24100	1240.05	-1.101
24120	1240.93	-1.107
24140	1241.97	-1.111
24160	1243.2	-1.116
24180	1244.25	-1.122
24200	1245.13	-1.127
24220	1246.17	-1.132
24240	1246.88	-1.138
24260	1247.75	-1.142
24280	1248.98	-1.147
24300	1250.2	-1.151
24320	1251.07	-1.157
24340	1251.95	-1.162
24360	1253	-1.167
24380	1254.05	-1.172
24400	1255.1	-1.177
24420	1256.15	-1.181
24440	1257.2	-1.186
24460	1258.25	-1.19
24480	1259.3	-1.195
24500	1260.35	-1.2
24520	1261.4	-1.205
24540	1262.63	-1.21
24560	1263.33	-1.215
24580	1264.38	-1.219
24600	1265.08	-1.223
24620	1266.13	-1.228
24640	1267.18	-1.232
24660	1268.4	-1.237
24680	1269.28	-1.241
24700	1270.32	-1.246
24720	1271.72	-1.25
24740	1272.6	-1.255
24760	1273.65	-1.259
24780	1274.7	-1.264
24800	1275.75	-1.268
24820	1276.8	-1.271
24840	1278.03	-1.276
24860	1278.9	-1.28
24880	1279.78	-1.285
24900	1281	-1.289
24920	1281.88	-1.294
24940	1282.93	-1.298
24960	1283.98	-1.301
24980	1284.85	-1.306
25000	1285.73	-1.309
25020	1286.95	-1.313
25040	1287.82	-1.317
25060	1289.22	-1.321
25080	1289.93	-1.325
25100	1290.97	-1.329
25120	1291.85	-1.333
25140	1293.07	-1.337
25160	1294.13	-1.341
25180	1294.82	-1.345
25200	1296.05	-1.348
25220	1297.28	-1.351
25240	1298.15	-1.355
25260	1298.85	-1.359
25280	1300.08	-1.363
25300	1301.3	-1.367
25320	1302.35	-1.37
25340	1303.22	-1.374
25360	1304.28	-1.378
25380	1305.32	-1.381
25400	1306.38	-1.384
25420	1307.6	-1.388
25440	1308.47	-1.391
25460	1309.35	-1.394
25480	1310.23	-1.397
25500	1311.1	-1.401
25520	1312.15	-1.404
25540	1313.03	-1.408
25560	1313.9	-1.411
25580	1314.77	-1.414
25600	1315.83	-1.417
25620	1317.22	-1.42
25640	1318.1	-1.423
25660	1319.32	-1.426
25680	1320.2	-1.429
25700	1321.43	-1.431
25720	1322.65	-1.434
25740	1323.52	-1.437
25760	1324.58	-1.44
25780	1325.8	-1.443
25800	1326.67	-1.446
25820	1327.55	-1.449
25840	1328.78	-1.452
25860	1329.47	-1.455
25880	1330.53	-1.458
25900	1331.75	-1.46
25920	1332.63	-1.462
25940	1333.85	-1.466
25960	1334.55	-1.468
25980	1335.42	-1.47
26000	1336.47	-1.472
26020	1337.53	-1.475
26040	1338.57	-1.478
26060	1339.63	-1.48
26080	1340.67	-1.483
26100	1341.72	-1.486
26120	1342.78	-1.488
26140	1343.82	-1.49
26160	1344.7	-1.493
26180	1345.93	-1.495
26200	1346.8	-1.498
26220	1348.02	-1.5
26240	1348.9	-1.502
26260	1349.95	-1.504
26280	1351	-1.507
26300	1352.22	-1.508
26320	1352.92	-1.51
26340	1353.97	-1.512
26360	1355.03	-1.514
26381	1356.07	-1.516
26405	1357.13	-1.519
26425	1358	-1.521
26445	1359.05	-1.523
26465	1359.92	-1.525
26485	1361.15	-1.527
26505	1361.85	-1.529
26525	1363.07	-1.531
26546	1363.95	-1.533
26570	1365.52	-1.535
26590	1366.57	-1.537
26610	1367.45	-1.539
26630	1368.5	-1.54
26650	1369.72	-1.542
26670	1370.78	-1.544
26690	1371.65	-1.545
26710	1372.7	-1.547
26730	1373.75	-1.549
26750	1374.8	-1.55
26770	1375.68	-1.551
26790	1376.9	-1.553
26810	1377.95	-1.554
26830	1378.83	-1.556
26851	1379.7	-1.558
26871	1380.93	-1.559
26891	1381.63	-1.561
26911	1382.68	-1.562
26931	1383.55	-1.564
26951	1384.6	-1.565
26971	1385.47	-1.567
26991	1386.53	-1.568
27011	1387.75	-1.57
27031	1388.63	-1.571
27051	1389.85	-1.572
27071	1390.73	-1.574
27091	1391.6	-1.575
27111	1392.47	-1.577
27131	1393.53	-1.578
27151	1394.75	-1.579
27171	1395.97	-1.58
27191	1397.03	-1.581
27211	1397.9	-1.582
27231	1398.6	-1.584
27251	1399.3	-1.585
27271	1399.82	-1.586
27291	1400.18	-1.587
27311	1400.35	-1.588
27331	1400.53	-1.589
27351	1400.7	-1.59
27371	1400.53	-1.591
27391	1400.53	-1.591
27411	1400.7	-1.593
27431	1400.53	-1.593
27451	1400.88	-1.594
27471	1401.22	-1.595
27491	1401.05	-1.597
27511	1401.05	-1.597
27531	1401.22	-1.598
27551	1401.22	-1.599
27571	1401.22	-1.6
27591	1401.22	-1.601
27611	1401.22	-1.601
27631	1401.22	-1.602
27636	1401.4	-1.602
