  0.0000000e+000  2.8200000e+001  0.0000000e+000  1.0000000e-003
  2.0000000e+001  2.8200000e+001  0.0000000e+000  1.0000000e-003
  4.0000000e+001  2.8700000e+001  0.0000000e+000  1.0000000e-003
  6.0000000e+001  2.8400000e+001  0.0000000e+000  1.0000000e-003
  8.1000000e+001  2.8700000e+001  0.0000000e+000  1.0000000e-003
  1.0100000e+002  2.8900000e+001  0.0000000e+000  1.0000000e-003
  1.2100000e+002  2.9200000e+001  0.0000000e+000  1.0000000e-003
  1.4100000e+002  2.9000000e+001  0.0000000e+000  1.0000000e-003
  1.6100000e+002  2.9600000e+001  0.0000000e+000  1.0000000e-003
  1.8100000e+002  2.9600000e+001  0.0000000e+000  1.0000000e-003
  2.0100000e+002  2.9800000e+001  0.0000000e+000  1.0000000e-003
  2.2100000e+002  2.9400000e+001  0.0000000e+000  1.0000000e-003
  2.4100000e+002  2.9800000e+001  0.0000000e+000  1.0000000e-003
  2.6100000e+002  3.0100000e+001  0.0000000e+000  1.0000000e-003
  2.8100000e+002  3.0500000e+001  0.0000000e+000  1.0000000e-003
  3.0100000e+002  3.0100000e+001  0.0000000e+000  1.0000000e-003
  3.2100000e+002  3.0500000e+001  0.0000000e+000  1.0000000e-003
  3.4100000e+002  3.0600000e+001  0.0000000e+000  1.0000000e-003
  3.6100000e+002  3.0500000e+001  0.0000000e+000  1.0000000e-003
  3.8100000e+002  3.1100000e+001  0.0000000e+000  1.0000000e-003
  4.0100000e+002  3.0800000e+001  0.0000000e+000  1.0000000e-003
  4.2100000e+002  3.1300000e+001  0.0000000e+000  1.0000000e-003
  4.4100000e+002  3.1500000e+001  0.0000000e+000  1.0000000e-003
  4.6100000e+002  3.1500000e+001  0.0000000e+000  1.0000000e-003
  4.8100000e+002  3.1700000e+001  0.0000000e+000  1.0000000e-003
  5.0100000e+002  3.2200000e+001  0.0000000e+000  1.0000000e-003
  5.2100000e+002  3.2400000e+001  0.0000000e+000  1.0000000e-003
  5.4100000e+002  3.2700000e+001  0.0000000e+000  1.0000000e-003
  5.6100000e+002  3.2900000e+001  0.0000000e+000  1.0000000e-003
  5.8100000e+002  3.2700000e+001  0.0000000e+000  1.0000000e-003
  6.0100000e+002  3.3600000e+001  0.0000000e+000  1.0000000e-003
  6.2100000e+002  3.3800000e+001  0.0000000e+000  1.0000000e-003
  6.4100000e+002  3.4100000e+001  0.0000000e+000  1.0000000e-003
  6.6100000e+002  3.4500000e+001  0.0000000e+000  1.0000000e-003
  6.8100000e+002  3.5000000e+001  0.0000000e+000  1.0000000e-003
  7.0100000e+002  3.5200000e+001  0.0000000e+000  1.0000000e-003
  7.2100000e+002  3.5700000e+001  0.0000000e+000  1.0000000e-003
  7.4100000e+002  3.6000000e+001  0.0000000e+000  1.0000000e-003
  7.6100000e+002  3.6200000e+001  0.0000000e+000  1.0000000e-003
  7.8100000e+002  3.6800000e+001  0.0000000e+000  1.0000000e-003
  8.0100000e+002  3.6900000e+001  0.0000000e+000  1.0000000e-003
  8.2100000e+002  3.7500000e+001  0.0000000e+000  1.0000000e-003
  8.4100000e+002  3.8000000e+001  0.0000000e+000  1.0000000e-003
  8.6100000e+002  3.8200000e+001  0.0000000e+000  1.0000000e-003
  8.8100000e+002  3.8700000e+001  0.0000000e+000  1.0000000e-003
  9.0100000e+002  3.9000000e+001  0.0000000e+000  1.0000000e-003
  9.2100000e+002  3.9700000e+001  0.0000000e+000  1.0000000e-003
  9.4100000e+002  4.0100000e+001 -1.0000000e-003  1.0000000e-003
  9.6100000e+002  4.0600000e+001 -1.0000000e-003  1.0000000e-003
  9.8100000e+002  4.1300000e+001 -1.0000000e-003  1.0000000e-003
  1.0010000e+003  4.1800000e+001 -1.0000000e-003  1.0000000e-003
  1.0210000e+003  4.2300000e+001 -1.0000000e-003  1.0000000e-003
  1.0410000e+003  4.2900000e+001 -1.0000000e-003  1.0000000e-003
  1.0610000e+003  4.3200000e+001 -1.0000000e-003  1.0000000e-003
  1.0810000e+003  4.3800000e+001 -1.0000000e-003  1.0000000e-003
  1.1010000e+003  4.4300000e+001 -1.0000000e-003  1.0000000e-003
  1.1210000e+003  4.4600000e+001 -1.0000000e-003  1.0000000e-003
  1.1410000e+003  4.5500000e+001 -1.0000000e-003  1.0000000e-003
  1.1610000e+003  4.6000000e+001 -1.0000000e-003  1.0000000e-003
  1.1810000e+003  4.6400000e+001 -1.0000000e-003  1.0000000e-003
  1.2010000e+003  4.7100000e+001 -1.0000000e-003  1.0000000e-003
  1.2210000e+003  4.7600000e+001 -1.0000000e-003  1.0000000e-003
  1.2410000e+003  4.8300000e+001 -1.0000000e-003  1.0000000e-003
  1.2610000e+003  4.8600000e+001 -1.0000000e-003  1.0000000e-003
  1.2810000e+003  4.9000000e+001 -1.0000000e-003  1.0000000e-003
  1.3010000e+003  4.9900000e+001 -1.0000000e-003  1.0000000e-003
  1.3210000e+003  5.0000000e+001 -1.0000000e-003  1.0000000e-003
  1.3410000e+003  5.0900000e+001 -1.0000000e-003  1.0000000e-003
  1.3610000e+003  5.1500000e+001 -1.0000000e-003  1.0000000e-003
  1.3810000e+003  5.2000000e+001 -1.0000000e-003  1.0000000e-003
  1.4010000e+003  5.2500000e+001 -1.0000000e-003  1.0000000e-003
  1.4210000e+003  5.3400000e+001 -1.0000000e-003  1.0000000e-003
  1.4410000e+003  5.3900000e+001 -1.0000000e-003  1.0000000e-003
  1.4610000e+003  5.4400000e+001 -1.0000000e-003  1.0000000e-003
  1.4810000e+003  5.5100000e+001 -1.0000000e-003  1.0000000e-003
  1.5010000e+003  5.6000000e+001 -1.0000000e-003  1.0000000e-003
  1.5210000e+003  5.6700000e+001 -1.0000000e-003  1.0000000e-003
  1.5410000e+003  5.7200000e+001 -1.0000000e-003  1.0000000e-003
  1.5610000e+003  5.8100000e+001 -1.0000000e-003  1.0000000e-003
  1.5810000e+003  5.8600000e+001 -1.0000000e-003  1.0000000e-003
  1.6010000e+003  5.9300000e+001 -1.0000000e-003  1.0000000e-003
  1.6210000e+003  6.0400000e+001 -2.0000000e-003  1.0000000e-003
  1.6410000e+003  6.0700000e+001 -2.0000000e-003  1.0000000e-003
  1.6610000e+003  6.1600000e+001 -2.0000000e-003  1.0000000e-003
  1.6810000e+003  6.2500000e+001 -2.0000000e-003  1.0000000e-003
  1.7010000e+003  6.3000000e+001 -2.0000000e-003  1.0000000e-003
  1.7210000e+003  6.3900000e+001 -2.0000000e-003  1.0000000e-003
  1.7410000e+003  6.4400000e+001 -2.0000000e-003  1.0000000e-003
  1.7610000e+003  6.5100000e+001 -2.0000000e-003  1.0000000e-003
  1.7810000e+003  6.6000000e+001 -2.0000000e-003  1.0000000e-003
  1.8010000e+003  6.6700000e+001 -2.0000000e-003  1.0000000e-003
  1.8210000e+003  6.7200000e+001 -2.0000000e-003  1.0000000e-003
  1.8410000e+003  6.8100000e+001 -2.0000000e-003  1.0000000e-003
  1.8610000e+003  6.8800000e+001 -2.0000000e-003  1.0000000e-003
  1.8810000e+003  6.9700000e+001 -2.0000000e-003  1.0000000e-003
  1.9010000e+003  7.0300000e+001 -2.0000000e-003  1.0000000e-003
  1.9210000e+003  7.1000000e+001 -2.0000000e-003  1.0000000e-003
  1.9410000e+003  7.2100000e+001 -2.0000000e-003  1.0000000e-003
  1.9610000e+003  7.2800000e+001 -2.0000000e-003  1.0000000e-003
  1.9810000e+003  7.3300000e+001 -2.0000000e-003  1.0000000e-003
  2.0010000e+003  7.4400000e+001 -2.0000000e-003  1.0000000e-003
  2.0210000e+003  7.5100000e+001 -2.0000000e-003  1.0000000e-003
  2.0410000e+003  7.5800000e+001 -2.0000000e-003  1.0000000e-003
  2.0610000e+003  7.6500000e+001 -2.0000000e-003  1.0000000e-003
  2.0810000e+003  7.7500000e+001 -2.0000000e-003  1.0000000e-003
  2.1010000e+003  7.8200000e+001 -2.0000000e-003  1.0000000e-003
  2.1210000e+003  7.9300000e+001 -2.0000000e-003  1.0000000e-003
  2.1410000e+003  8.0000000e+001 -2.0000000e-003  1.0000000e-003
  2.1610000e+003  8.0500000e+001 -2.0000000e-003  1.0000000e-003
  2.1810000e+003  8.1400000e+001 -2.0000000e-003  1.0000000e-003
  2.2010000e+003  8.2400000e+001 -2.0000000e-003  1.0000000e-003
  2.2210000e+003  8.3100000e+001 -3.0000000e-003  1.0000000e-003
  2.2410000e+003  8.4200000e+001 -3.0000000e-003  1.0000000e-003
  2.2610000e+003  8.4900000e+001 -3.0000000e-003  1.0000000e-003
  2.2810000e+003  8.5400000e+001 -3.0000000e-003  1.0000000e-003
  2.3010000e+003  8.6300000e+001 -3.0000000e-003  1.0000000e-003
  2.3210000e+003  8.7200000e+001 -3.0000000e-003  1.0000000e-003
  2.3410000e+003  8.8000000e+001 -3.0000000e-003  1.0000000e-003
  2.3610000e+003  8.8900000e+001 -3.0000000e-003  1.0000000e-003
  2.3810000e+003  8.9900000e+001 -3.0000000e-003  1.0000000e-003
  2.4010000e+003  9.0800000e+001 -3.0000000e-003  1.0000000e-003
  2.4210000e+003  9.1700000e+001 -3.0000000e-003  1.0000000e-003
  2.4410000e+003  9.2600000e+001 -3.0000000e-003  1.0000000e-003
  2.4610000e+003  9.3800000e+001 -3.0000000e-003  1.0000000e-003
  2.4810000e+003  9.4700000e+001 -3.0000000e-003  1.0000000e-003
  2.5010000e+003  9.5400000e+001 -3.0000000e-003  1.0000000e-003
  2.5210000e+003  9.6400000e+001 -3.0000000e-003  1.0000000e-003
  2.5410000e+003  9.7300000e+001 -3.0000000e-003  1.0000000e-003
  2.5610000e+003  9.8200000e+001 -3.0000000e-003  1.0000000e-003
  2.5810000e+003  9.9600000e+001 -3.0000000e-003  1.0000000e-003
  2.6010000e+003  1.0040000e+002 -3.0000000e-003  1.0000000e-003
  2.6210000e+003  1.0120000e+002 -3.0000000e-003  1.0000000e-003
  2.6410000e+003  1.0220000e+002 -3.0000000e-003  1.0000000e-003
  2.6610000e+003  1.0330000e+002 -3.0000000e-003  1.0000000e-003
  2.6810000e+003  1.0430000e+002 -3.0000000e-003  1.0000000e-003
  2.7010000e+003  1.0520000e+002 -3.0000000e-003  1.0000000e-003
  2.7210000e+003  1.0590000e+002 -3.0000000e-003  1.0000000e-003
  2.7410000e+003  1.0710000e+002 -3.0000000e-003  1.0000000e-003
  2.7610000e+003  1.0800000e+002 -3.0000000e-003  1.0000000e-003
  2.7810000e+003  1.0920000e+002 -3.0000000e-003  1.0000000e-003
  2.8010000e+003  1.1010000e+002 -3.0000000e-003  1.0000000e-003
  2.8210000e+003  1.1090000e+002 -3.0000000e-003  1.0000000e-003
  2.8410000e+003  1.1180000e+002 -3.0000000e-003  1.0000000e-003
  2.8610000e+003  1.1300000e+002 -3.0000000e-003  1.0000000e-003
  2.8810000e+003  1.1430000e+002 -3.0000000e-003  1.0000000e-003
  2.9010000e+003  1.1480000e+002 -3.0000000e-003  1.0000000e-003
  2.9210000e+003  1.1570000e+002 -3.0000000e-003  1.0000000e-003
  2.9410000e+003  1.1670000e+002 -3.0000000e-003  1.0000000e-003
  2.9610000e+003  1.1760000e+002 -3.0000000e-003  1.0000000e-003
  2.9810000e+003  1.1880000e+002 -3.0000000e-003  1.0000000e-003
  3.0010000e+003  1.1970000e+002 -3.0000000e-003  1.0000000e-003
  3.0210000e+003  1.2080000e+002 -3.0000000e-003  1.0000000e-003
  3.0410000e+003  1.2180000e+002 -3.0000000e-003  1.0000000e-003
  3.0610000e+003  1.2280000e+002 -3.0000000e-003  1.0000000e-003
  3.0810000e+003  1.2370000e+002 -3.0000000e-003  1.0000000e-003
  3.1010000e+003  1.2510000e+002 -3.0000000e-003  1.0000000e-003
  3.1210000e+003  1.2580000e+002 -3.0000000e-003  1.0000000e-003
  3.1410000e+003  1.2690000e+002 -3.0000000e-003  1.0000000e-003
  3.1610000e+003  1.2790000e+002 -3.0000000e-003  1.0000000e-003
  3.1810000e+003  1.2900000e+002 -3.0000000e-003  1.0000000e-003
  3.2010000e+003  1.3020000e+002 -3.0000000e-003  1.0000000e-003
  3.2210000e+003  1.3110000e+002 -3.0000000e-003  1.0000000e-003
  3.2410000e+003  1.3250000e+002 -3.0000000e-003  1.0000000e-003
  3.2610000e+003  1.3350000e+002 -3.0000000e-003  1.0000000e-003
  3.2810000e+003  1.3420000e+002 -3.0000000e-003  1.0000000e-003
  3.3010000e+003  1.3560000e+002 -3.0000000e-003  1.0000000e-003
  3.3210000e+003  1.3650000e+002 -3.0000000e-003  1.0000000e-003
  3.3410000e+003  1.3760000e+002 -3.0000000e-003  1.0000000e-003
  3.3610000e+003  1.3880000e+002 -3.0000000e-003  1.0000000e-003
  3.3810000e+003  1.4000000e+002 -3.0000000e-003  1.0000000e-003
  3.4010000e+003  1.4120000e+002 -3.0000000e-003  1.0000000e-003
  3.4210000e+003  1.4230000e+002 -3.0000000e-003  1.0000000e-003
  3.4410000e+003  1.4350000e+002 -3.0000000e-003  1.0000000e-003
  3.4610000e+003  1.4420000e+002 -3.0000000e-003  1.0000000e-003
  3.4810000e+003  1.4530000e+002 -3.0000000e-003  1.0000000e-003
  3.5010000e+003  1.4630000e+002 -3.0000000e-003  1.0000000e-003
  3.5210000e+003  1.4750000e+002 -3.0000000e-003  1.0000000e-003
  3.5410000e+003  1.4840000e+002 -3.0000000e-003  1.0000000e-003
  3.5610000e+003  1.4960000e+002 -3.0000000e-003  1.0000000e-003
  3.5810000e+003  1.5070000e+002 -3.0000000e-003  1.0000000e-003
  3.6010000e+003  1.5190000e+002 -3.0000000e-003  1.0000000e-003
  3.6210000e+003  1.5290000e+002 -3.0000000e-003  1.0000000e-003
  3.6410000e+003  1.5400000e+002 -3.0000000e-003  1.0000000e-003
  3.6610000e+003  1.5520000e+002 -3.0000000e-003  1.0000000e-003
  3.6810000e+003  1.5590000e+002 -3.0000000e-003  1.0000000e-003
  3.7010000e+003  1.5730000e+002 -3.0000000e-003  1.0000000e-003
  3.7210000e+003  1.5840000e+002 -3.0000000e-003  1.0000000e-003
  3.7410000e+003  1.5960000e+002 -3.0000000e-003  1.0000000e-003
  3.7610000e+003  1.6050000e+002 -3.0000000e-003  1.0000000e-003
  3.7810000e+003  1.6170000e+002 -3.0000000e-003  1.0000000e-003
  3.8010000e+003  1.6280000e+002 -3.0000000e-003  1.0000000e-003
  3.8210000e+003  1.6400000e+002 -3.0000000e-003  1.0000000e-003
  3.8410000e+003  1.6490000e+002 -3.0000000e-003  1.0000000e-003
  3.8610000e+003  1.6590000e+002 -3.0000000e-003  1.0000000e-003
  3.8810000e+003  1.6750000e+002 -3.0000000e-003  1.0000000e-003
  3.9010000e+003  1.6830000e+002 -3.0000000e-003  1.0000000e-003
  3.9210000e+003  1.6960000e+002 -3.0000000e-003  1.0000000e-003
  3.9410000e+003  1.7060000e+002 -3.0000000e-003  1.0000000e-003
  3.9610000e+003  1.7150000e+002 -3.0000000e-003  1.0000000e-003
  3.9810000e+003  1.7260000e+002 -3.0000000e-003  1.0000000e-003
  4.0010000e+003  1.7390000e+002 -3.0000000e-003  1.0000000e-003
  4.0210000e+003  1.7480000e+002 -3.0000000e-003  1.0000000e-003
  4.0410000e+003  1.7590000e+002 -3.0000000e-003  1.0000000e-003
  4.0610000e+003  1.7690000e+002 -3.0000000e-003  1.0000000e-003
  4.0810000e+003  1.7800000e+002 -3.0000000e-003  1.0000000e-003
  4.1010000e+003  1.7920000e+002 -3.0000000e-003  1.0000000e-003
  4.1210000e+003  1.8040000e+002 -3.0000000e-003  1.0000000e-003
  4.1410000e+003  1.8150000e+002 -3.0000000e-003  1.0000000e-003
  4.1610000e+003  1.8250000e+002 -3.0000000e-003  1.0000000e-003
  4.1810000e+003  1.8390000e+002 -3.0000000e-003  1.0000000e-003
  4.2010000e+003  1.8480000e+002 -3.0000000e-003  1.0000000e-003
  4.2210000e+003  1.8620000e+002 -3.0000000e-003  1.0000000e-003
  4.2410000e+003  1.8730000e+002 -3.0000000e-003  1.0000000e-003
  4.2610000e+003  1.8850000e+002 -3.0000000e-003  1.0000000e-003
  4.2810000e+003  1.8970000e+002 -3.0000000e-003  1.0000000e-003
  4.3010000e+003  1.9060000e+002 -3.0000000e-003  1.0000000e-003
  4.3210000e+003  1.9200000e+002 -3.0000000e-003  1.0000000e-003
  4.3410000e+003  1.9300000e+002 -3.0000000e-003  1.0000000e-003
  4.3610000e+003  1.9430000e+002 -3.0000000e-003  1.0000000e-003
  4.3810000e+003  1.9530000e+002 -3.0000000e-003  1.0000000e-003
  4.4010000e+003  1.9650000e+002 -3.0000000e-003  1.0000000e-003
  4.4210000e+003  1.9780000e+002 -3.0000000e-003  1.0000000e-003
  4.4410000e+003  1.9860000e+002 -3.0000000e-003  1.0000000e-003
  4.4610000e+003  1.9990000e+002 -3.0000000e-003  1.0000000e-003
  4.4810000e+003  2.0110000e+002 -3.0000000e-003  1.0000000e-003
  4.5010000e+003  2.0230000e+002 -3.0000000e-003  1.0000000e-003
  4.5210000e+003  2.0350000e+002 -3.0000000e-003  1.0000000e-003
  4.5410000e+003  2.0460000e+002 -3.0000000e-003  1.0000000e-003
  4.5610000e+003  2.0560000e+002 -3.0000000e-003  1.0000000e-003
  4.5810000e+003  2.0650000e+002 -3.0000000e-003  1.0000000e-003
  4.6010000e+003  2.0790000e+002 -3.0000000e-003  1.0000000e-003
  4.6210000e+003  2.0880000e+002 -3.0000000e-003  1.0000000e-003
  4.6410000e+003  2.1000000e+002 -2.0000000e-003  1.0000000e-003
  4.6610000e+003  2.1110000e+002 -2.0000000e-003  1.0000000e-003
  4.6810000e+003  2.1190000e+002 -2.0000000e-003  1.0000000e-003
  4.7010000e+003  2.1320000e+002 -2.0000000e-003  1.0000000e-003
  4.7210000e+003  2.1460000e+002 -2.0000000e-003  1.0000000e-003
  4.7410000e+003  2.1530000e+002 -2.0000000e-003  1.0000000e-003
  4.7610000e+003  2.1670000e+002 -2.0000000e-003  1.0000000e-003
  4.7810000e+003  2.1750000e+002 -2.0000000e-003  1.0000000e-003
  4.8010000e+003  2.1880000e+002 -2.0000000e-003  1.0000000e-003
  4.8210000e+003  2.2000000e+002 -2.0000000e-003  1.0000000e-003
  4.8410000e+003  2.2120000e+002 -2.0000000e-003  1.0000000e-003
  4.8610000e+003  2.2230000e+002 -2.0000000e-003  1.0000000e-003
  4.8810000e+003  2.2310000e+002 -2.0000000e-003  1.0000000e-003
  4.9010000e+003  2.2490000e+002 -2.0000000e-003  1.0000000e-003
  4.9220000e+003  2.2560000e+002 -2.0000000e-003  1.0000000e-003
  4.9460000e+003  2.2710000e+002 -2.0000000e-003  1.0000000e-003
  4.9660000e+003  2.2800000e+002 -2.0000000e-003  1.0000000e-003
  4.9860000e+003  2.2930000e+002 -2.0000000e-003  1.0000000e-003
  5.0060000e+003  2.3010000e+002 -2.0000000e-003  1.0000000e-003
  5.0260000e+003  2.3170000e+002 -2.0000000e-003  1.0000000e-003
  5.0460000e+003  2.3260000e+002 -2.0000000e-003  1.0000000e-003
  5.0660000e+003  2.3380000e+002 -1.0000000e-003  1.0000000e-003
  5.0860000e+003  2.3500000e+002 -1.0000000e-003  1.0000000e-003
  5.1060000e+003  2.3610000e+002 -1.0000000e-003  1.0000000e-003
  5.1260000e+003  2.3730000e+002 -1.0000000e-003  1.0000000e-003
  5.1460000e+003  2.3820000e+002 -1.0000000e-003  1.0000000e-003
  5.1660000e+003  2.3920000e+002 -1.0000000e-003  1.0000000e-003
  5.1860000e+003  2.4060000e+002 -1.0000000e-003  1.0000000e-003
  5.2060000e+003  2.4200000e+002 -1.0000000e-003  1.0000000e-003
  5.2260000e+003  2.4290000e+002 -1.0000000e-003  1.0000000e-003
  5.2470000e+003  2.4430000e+002 -1.0000000e-003  1.0000000e-003
  5.2670000e+003  2.4570000e+002 -1.0000000e-003  1.0000000e-003
  5.2910000e+003  2.4710000e+002 -1.0000000e-003  1.0000000e-003
  5.3120000e+003  2.4830000e+002 -1.0000000e-003  1.0000000e-003
  5.3370000e+003  2.4990000e+002 -1.0000000e-003  1.0000000e-003
  5.3610000e+003  2.5110000e+002 -1.0000000e-003  1.0000000e-003
  5.3810000e+003  2.5250000e+002 -1.0000000e-003  1.0000000e-003
  5.4010000e+003  2.5360000e+002 -1.0000000e-003  1.0000000e-003
  5.4210000e+003  2.5460000e+002  0.0000000e+000  1.0000000e-003
  5.4410000e+003  2.5570000e+002  0.0000000e+000  1.0000000e-003
  5.4610000e+003  2.5690000e+002  0.0000000e+000  1.0000000e-003
  5.4820000e+003  2.5790000e+002  0.0000000e+000  1.0000000e-003
  5.5060000e+003  2.5930000e+002  0.0000000e+000  1.0000000e-003
  5.5260000e+003  2.6060000e+002  0.0000000e+000  1.0000000e-003
  5.5460000e+003  2.6160000e+002  0.0000000e+000  1.0000000e-003
  5.5660000e+003  2.6300000e+002  0.0000000e+000  1.0000000e-003
  5.5860000e+003  2.6430000e+002  0.0000000e+000  1.0000000e-003
  5.6060000e+003  2.6550000e+002  0.0000000e+000  1.0000000e-003
  5.6260000e+003  2.6670000e+002  0.0000000e+000  1.0000000e-003
  5.6460000e+003  2.6780000e+002  0.0000000e+000  1.0000000e-003
  5.6660000e+003  2.6910000e+002  0.0000000e+000  1.0000000e-003
  5.6860000e+003  2.7020000e+002  0.0000000e+000  1.0000000e-003
  5.7060000e+003  2.7140000e+002  0.0000000e+000  1.0000000e-003
  5.7260000e+003  2.7250000e+002  0.0000000e+000  1.0000000e-003
  5.7460000e+003  2.7390000e+002  0.0000000e+000  1.0000000e-003
  5.7660000e+003  2.7490000e+002  0.0000000e+000  1.0000000e-003
  5.7860000e+003  2.7610000e+002  0.0000000e+000  1.0000000e-003
  5.8060000e+003  2.7720000e+002  0.0000000e+000  1.0000000e-003
  5.8260000e+003  2.7860000e+002  1.0000000e-003  1.0000000e-003
  5.8460000e+003  2.7960000e+002  1.0000000e-003  1.0000000e-003
  5.8660000e+003  2.8090000e+002  1.0000000e-003  1.0000000e-003
  5.8860000e+003  2.8180000e+002  1.0000000e-003  1.0000000e-003
  5.9060000e+003  2.8300000e+002  1.0000000e-003  1.0000000e-003
  5.9260000e+003  2.8400000e+002  1.0000000e-003  1.0000000e-003
  5.9460000e+003  2.8520000e+002  1.0000000e-003  1.0000000e-003
  5.9660000e+003  2.8630000e+002  1.0000000e-003  1.0000000e-003
  5.9860000e+003  2.8740000e+002  1.0000000e-003  1.0000000e-003
  6.0060000e+003  2.8860000e+002  1.0000000e-003  1.0000000e-003
  6.0260000e+003  2.8980000e+002  1.0000000e-003  1.0000000e-003
  6.0460000e+003  2.9100000e+002  1.0000000e-003  1.0000000e-003
  6.0660000e+003  2.9210000e+002  1.0000000e-003  1.0000000e-003
  6.0860000e+003  2.9350000e+002  1.0000000e-003  1.0000000e-003
  6.1060000e+003  2.9450000e+002  1.0000000e-003  1.0000000e-003
  6.1260000e+003  2.9580000e+002  1.0000000e-003  1.0000000e-003
  6.1460000e+003  2.9680000e+002  2.0000000e-003  1.0000000e-003
  6.1660000e+003  2.9800000e+002  2.0000000e-003  1.0000000e-003
  6.1860000e+003  2.9910000e+002  2.0000000e-003  1.0000000e-003
  6.2060000e+003  3.0030000e+002  2.0000000e-003  1.0000000e-003
  6.2260000e+003  3.0130000e+002  2.0000000e-003  1.0000000e-003
  6.2460000e+003  3.0280000e+002  2.0000000e-003  1.0000000e-003
  6.2660000e+003  3.0400000e+002  2.0000000e-003  1.0000000e-003
  6.2860000e+003  3.0500000e+002  2.0000000e-003  1.0000000e-003
  6.3070000e+003  3.0640000e+002  2.0000000e-003  1.0000000e-003
  6.3320000e+003  3.0760000e+002  2.0000000e-003  1.0000000e-003
  6.3520000e+003  3.0870000e+002  2.0000000e-003  1.0000000e-003
  6.3760000e+003  3.1010000e+002  2.0000000e-003  1.0000000e-003
  6.3960000e+003  3.1130000e+002  2.0000000e-003  1.0000000e-003
  6.4160000e+003  3.1260000e+002  2.0000000e-003  1.0000000e-003
  6.4360000e+003  3.1360000e+002  2.0000000e-003  1.0000000e-003
  6.4560000e+003  3.1500000e+002  2.0000000e-003  1.0000000e-003
  6.4760000e+003  3.1620000e+002  2.0000000e-003  1.0000000e-003
  6.4960000e+003  3.1750000e+002  2.0000000e-003  1.0000000e-003
  6.5160000e+003  3.1870000e+002  2.0000000e-003  1.0000000e-003
  6.5360000e+003  3.1960000e+002  3.0000000e-003  1.0000000e-003
  6.5560000e+003  3.2110000e+002  3.0000000e-003  1.0000000e-003
  6.5760000e+003  3.2220000e+002  3.0000000e-003  1.0000000e-003
  6.5960000e+003  3.2340000e+002  3.0000000e-003  1.0000000e-003
  6.6160000e+003  3.2480000e+002  3.0000000e-003  1.0000000e-003
  6.6360000e+003  3.2590000e+002  3.0000000e-003  1.0000000e-003
  6.6560000e+003  3.2710000e+002  3.0000000e-003  1.0000000e-003
  6.6760000e+003  3.2830000e+002  3.0000000e-003  1.0000000e-003
  6.6960000e+003  3.2940000e+002  3.0000000e-003  1.0000000e-003
  6.7160000e+003  3.3080000e+002  3.0000000e-003  1.0000000e-003
  6.7360000e+003  3.3200000e+002  3.0000000e-003  1.0000000e-003
  6.7560000e+003  3.3300000e+002  3.0000000e-003  1.0000000e-003
  6.7760000e+003  3.3390000e+002  3.0000000e-003  1.0000000e-003
  6.7960000e+003  3.3510000e+002  3.0000000e-003  1.0000000e-003
  6.8160000e+003  3.3650000e+002  3.0000000e-003  1.0000000e-003
  6.8360000e+003  3.3770000e+002  3.0000000e-003  1.0000000e-003
  6.8560000e+003  3.3880000e+002  3.0000000e-003  1.0000000e-003
  6.8760000e+003  3.4000000e+002  4.0000000e-003  1.0000000e-003
  6.8960000e+003  3.4130000e+002  4.0000000e-003  1.0000000e-003
  6.9160000e+003  3.4250000e+002  4.0000000e-003  1.0000000e-003
  6.9360000e+003  3.4350000e+002  4.0000000e-003  1.0000000e-003
  6.9560000e+003  3.4480000e+002  4.0000000e-003  1.0000000e-003
  6.9760000e+003  3.4620000e+002  4.0000000e-003  1.0000000e-003
  6.9960000e+003  3.4760000e+002  4.0000000e-003  1.0000000e-003
  7.0160000e+003  3.4880000e+002  4.0000000e-003  1.0000000e-003
  7.0360000e+003  3.5020000e+002  4.0000000e-003  1.0000000e-003
  7.0560000e+003  3.5140000e+002  4.0000000e-003  1.0000000e-003
  7.0760000e+003  3.5230000e+002  4.0000000e-003  1.0000000e-003
  7.0960000e+003  3.5370000e+002  4.0000000e-003  1.0000000e-003
  7.1160000e+003  3.5460000e+002  4.0000000e-003  1.0000000e-003
  7.1360000e+003  3.5560000e+002  5.0000000e-003  1.0000000e-003
  7.1560000e+003  3.5680000e+002  5.0000000e-003  1.0000000e-003
  7.1760000e+003  3.5800000e+002  5.0000000e-003  1.0000000e-003
  7.1960000e+003  3.5930000e+002  5.0000000e-003  1.0000000e-003
  7.2160000e+003  3.6050000e+002  5.0000000e-003  1.0000000e-003
  7.2360000e+003  3.6170000e+002  5.0000000e-003  1.0000000e-003
  7.2560000e+003  3.6280000e+002  5.0000000e-003  1.0000000e-003
  7.2760000e+003  3.6360000e+002  5.0000000e-003  1.0000000e-003
  7.2960000e+003  3.6490000e+002  5.0000000e-003  1.0000000e-003
  7.3160000e+003  3.6630000e+002  5.0000000e-003  1.0000000e-003
  7.3360000e+003  3.6750000e+002  5.0000000e-003  1.0000000e-003
  7.3560000e+003  3.6870000e+002  5.0000000e-003  1.0000000e-003
  7.3760000e+003  3.6990000e+002  5.0000000e-003  1.0000000e-003
  7.3960000e+003  3.7120000e+002  5.0000000e-003  1.0000000e-003
  7.4160000e+003  3.7260000e+002  5.0000000e-003  1.0000000e-003
  7.4360000e+003  3.7380000e+002  5.0000000e-003  1.0000000e-003
  7.4570000e+003  3.7470000e+002  6.0000000e-003  1.0000000e-003
  7.4820000e+003  3.7610000e+002  6.0000000e-003  1.0000000e-003
  7.5060000e+003  3.7750000e+002  6.0000000e-003  1.0000000e-003
  7.5260000e+003  3.7850000e+002  6.0000000e-003  1.0000000e-003
  7.5460000e+003  3.7960000e+002  6.0000000e-003  1.0000000e-003
  7.5660000e+003  3.8100000e+002  6.0000000e-003  1.0000000e-003
  7.5860000e+003  3.8220000e+002  6.0000000e-003  1.0000000e-003
  7.6060000e+003  3.8330000e+002  6.0000000e-003  1.0000000e-003
  7.6260000e+003  3.8450000e+002  6.0000000e-003  1.0000000e-003
  7.6460000e+003  3.8570000e+002  6.0000000e-003  1.0000000e-003
  7.6660000e+003  3.8680000e+002  6.0000000e-003  1.0000000e-003
  7.6860000e+003  3.8800000e+002  6.0000000e-003  1.0000000e-003
  7.7060000e+003  3.8920000e+002  6.0000000e-003  1.0000000e-003
  7.7260000e+003  3.9020000e+002  6.0000000e-003  1.0000000e-003
  7.7460000e+003  3.9180000e+002  6.0000000e-003  1.0000000e-003
  7.7660000e+003  3.9270000e+002  6.0000000e-003  1.0000000e-003
  7.7860000e+003  3.9390000e+002  7.0000000e-003  1.0000000e-003
  7.8060000e+003  3.9500000e+002  7.0000000e-003  1.0000000e-003
  7.8260000e+003  3.9640000e+002  7.0000000e-003  1.0000000e-003
  7.8460000e+003  3.9740000e+002  7.0000000e-003  1.0000000e-003
  7.8660000e+003  3.9870000e+002  7.0000000e-003  1.0000000e-003
  7.8860000e+003  3.9990000e+002  7.0000000e-003  1.0000000e-003
  7.9060000e+003  4.0130000e+002  7.0000000e-003  1.0000000e-003
  7.9260000e+003  4.0230000e+002  7.0000000e-003  1.0000000e-003
  7.9460000e+003  4.0320000e+002  7.0000000e-003  1.0000000e-003
  7.9660000e+003  4.0430000e+002  7.0000000e-003  1.0000000e-003
  7.9860000e+003  4.0560000e+002  7.0000000e-003  1.0000000e-003
  8.0060000e+003  4.0670000e+002  7.0000000e-003  1.0000000e-003
  8.0260000e+003  4.0810000e+002  7.0000000e-003  1.0000000e-003
  8.0460000e+003  4.0910000e+002  7.0000000e-003  1.0000000e-003
  8.0660000e+003  4.1000000e+002  7.0000000e-003  1.0000000e-003
  8.0860000e+003  4.1140000e+002  7.0000000e-003  1.0000000e-003
  8.1060000e+003  4.1260000e+002  7.0000000e-003  1.0000000e-003
  8.1260000e+003  4.1390000e+002  8.0000000e-003  1.0000000e-003
  8.1460000e+003  4.1510000e+002  8.0000000e-003  1.0000000e-003
  8.1660000e+003  4.1650000e+002  8.0000000e-003  1.0000000e-003
  8.1860000e+003  4.1770000e+002  8.0000000e-003  1.0000000e-003
  8.2060000e+003  4.1880000e+002  8.0000000e-003  1.0000000e-003
  8.2260000e+003  4.1980000e+002  8.0000000e-003  1.0000000e-003
  8.2460000e+003  4.2100000e+002  8.0000000e-003  1.0000000e-003
  8.2660000e+003  4.2210000e+002  8.0000000e-003  1.0000000e-003
  8.2860000e+003  4.2330000e+002  8.0000000e-003  1.0000000e-003
  8.3070000e+003  4.2460000e+002  8.0000000e-003  1.0000000e-003
  8.3310000e+003  4.2610000e+002  8.0000000e-003  1.0000000e-003
  8.3510000e+003  4.2740000e+002  8.0000000e-003  1.0000000e-003
  8.3710000e+003  4.2860000e+002  8.0000000e-003  1.0000000e-003
  8.3910000e+003  4.2950000e+002  8.0000000e-003  1.0000000e-003
  8.4120000e+003  4.3030000e+002  8.0000000e-003  1.0000000e-003
  8.4320000e+003  4.3170000e+002  8.0000000e-003  1.0000000e-003
  8.4520000e+003  4.3300000e+002  8.0000000e-003  1.0000000e-003
  8.4720000e+003  4.3400000e+002  9.0000000e-003  1.0000000e-003
  8.4920000e+003  4.3540000e+002  9.0000000e-003  1.0000000e-003
  8.5120000e+003  4.3680000e+002  9.0000000e-003  1.0000000e-003
  8.5320000e+003  4.3790000e+002  9.0000000e-003  1.0000000e-003
  8.5520000e+003  4.3910000e+002  9.0000000e-003  1.0000000e-003
  8.5720000e+003  4.4050000e+002  9.0000000e-003  1.0000000e-003
  8.5920000e+003  4.4120000e+002  9.0000000e-003  1.0000000e-003
  8.6120000e+003  4.4240000e+002  9.0000000e-003  1.0000000e-003
  8.6320000e+003  4.4380000e+002  9.0000000e-003  1.0000000e-003
  8.6520000e+003  4.4470000e+002  9.0000000e-003  1.0000000e-003
  8.6720000e+003  4.4590000e+002  9.0000000e-003  1.0000000e-003
  8.6920000e+003  4.4710000e+002  9.0000000e-003  1.0000000e-003
  8.7120000e+003  4.4840000e+002  9.0000000e-003  1.0000000e-003
  8.7320000e+003  4.4940000e+002  9.0000000e-003  1.0000000e-003
  8.7520000e+003  4.5050000e+002  9.0000000e-003  1.0000000e-003
  8.7720000e+003  4.5180000e+002  9.0000000e-003  1.0000000e-003
  8.7920000e+003  4.5310000e+002  9.0000000e-003  1.0000000e-003
  8.8120000e+003  4.5410000e+002  9.0000000e-003  1.0000000e-003
  8.8320000e+003  4.5520000e+002  9.0000000e-003  1.0000000e-003
  8.8520000e+003  4.5620000e+002  9.0000000e-003  1.0000000e-003
  8.8720000e+003  4.5730000e+002  9.0000000e-003  1.0000000e-003
  8.8920000e+003  4.5870000e+002  1.0000000e-002  1.0000000e-003
  8.9120000e+003  4.5970000e+002  1.0000000e-002  1.0000000e-003
  8.9320000e+003  4.6090000e+002  1.0000000e-002  1.0000000e-003
  8.9520000e+003  4.6200000e+002  1.0000000e-002  1.0000000e-003
  8.9720000e+003  4.6320000e+002  1.0000000e-002  1.0000000e-003
  8.9920000e+003  4.6410000e+002  1.0000000e-002  1.0000000e-003
  9.0120000e+003  4.6550000e+002  1.0000000e-002  1.0000000e-003
  9.0320000e+003  4.6640000e+002  1.0000000e-002  1.0000000e-003
  9.0520000e+003  4.6760000e+002  1.0000000e-002  1.0000000e-003
  9.0720000e+003  4.6900000e+002  1.0000000e-002  1.0000000e-003
  9.0920000e+003  4.7010000e+002  1.0000000e-002  1.0000000e-003
  9.1120000e+003  4.7110000e+002  1.0000000e-002  1.0000000e-003
  9.1320000e+003  4.7230000e+002  1.0000000e-002  1.0000000e-003
  9.1520000e+003  4.7320000e+002  1.0000000e-002  1.0000000e-003
  9.1720000e+003  4.7430000e+002  1.0000000e-002  1.0000000e-003
  9.1920000e+003  4.7530000e+002  1.0000000e-002  1.0000000e-003
  9.2120000e+003  4.7630000e+002  1.0000000e-002  1.0000000e-003
  9.2320000e+003  4.7760000e+002  1.0000000e-002  1.0000000e-003
  9.2520000e+003  4.7880000e+002  1.0000000e-002  1.0000000e-003
  9.2720000e+003  4.7970000e+002  1.0000000e-002  1.0000000e-003
  9.2920000e+003  4.8070000e+002  1.1000000e-002  1.0000000e-003
  9.3120000e+003  4.8200000e+002  1.1000000e-002  1.0000000e-003
  9.3320000e+003  4.8320000e+002  1.1000000e-002  1.0000000e-003
  9.3520000e+003  4.8440000e+002  1.1000000e-002  1.0000000e-003
  9.3720000e+003  4.8540000e+002  1.1000000e-002  1.0000000e-003
  9.3920000e+003  4.8670000e+002  1.1000000e-002  1.0000000e-003
  9.4120000e+003  4.8760000e+002  1.1000000e-002  1.0000000e-003
  9.4320000e+003  4.8910000e+002  1.1000000e-002  1.0000000e-003
  9.4520000e+003  4.9020000e+002  1.1000000e-002  1.0000000e-003
  9.4720000e+003  4.9120000e+002  1.1000000e-002  1.0000000e-003
  9.4920000e+003  4.9210000e+002  1.1000000e-002  1.0000000e-003
  9.5120000e+003  4.9350000e+002  1.1000000e-002  1.0000000e-003
  9.5320000e+003  4.9460000e+002  1.1000000e-002  1.0000000e-003
  9.5520000e+003  4.9580000e+002  1.1000000e-002  1.0000000e-003
  9.5720000e+003  4.9700000e+002  1.1000000e-002  1.0000000e-003
  9.5920000e+003  4.9770000e+002  1.1000000e-002  1.0000000e-003
  9.6120000e+003  4.9910000e+002  1.1000000e-002  1.0000000e-003
  9.6320000e+003  5.0020000e+002  1.1000000e-002  1.0000000e-003
  9.6520000e+003  5.0120000e+002  1.1000000e-002  1.0000000e-003
  9.6720000e+003  5.0190000e+002  1.1000000e-002  1.0000000e-003
  9.6920000e+003  5.0300000e+002  1.1000000e-002  1.0000000e-003
  9.7120000e+003  5.0400000e+002  1.1000000e-002  1.0000000e-003
  9.7320000e+003  5.0540000e+002  1.1000000e-002  1.0000000e-003
  9.7520000e+003  5.0610000e+002  1.1000000e-002  1.0000000e-003
  9.7720000e+003  5.0750000e+002  1.1000000e-002  1.0000000e-003
  9.7920000e+003  5.0890000e+002  1.1000000e-002  1.0000000e-003
  9.8120000e+003  5.0980000e+002  1.1000000e-002  1.0000000e-003
  9.8320000e+003  5.1120000e+002  1.2000000e-002  1.0000000e-003
  9.8520000e+003  5.1200000e+002  1.2000000e-002  1.0000000e-003
  9.8720000e+003  5.1330000e+002  1.2000000e-002  1.0000000e-003
  9.8920000e+003  5.1430000e+002  1.2000000e-002  1.0000000e-003
  9.9120000e+003  5.1550000e+002  1.2000000e-002  1.0000000e-003
  9.9320000e+003  5.1630000e+002  1.2000000e-002  1.0000000e-003
  9.9520000e+003  5.1770000e+002  1.2000000e-002  1.0000000e-003
  9.9720000e+003  5.1870000e+002  1.2000000e-002  1.0000000e-003
  9.9920000e+003  5.1980000e+002  1.2000000e-002  1.0000000e-003
  1.0012000e+004  5.2060000e+002  1.2000000e-002  1.0000000e-003
  1.0032000e+004  5.2170000e+002  1.2000000e-002  1.0000000e-003
  1.0052000e+004  5.2310000e+002  1.2000000e-002  1.0000000e-003
  1.0072000e+004  5.2400000e+002  1.2000000e-002  1.0000000e-003
  1.0092000e+004  5.2520000e+002  1.2000000e-002  1.0000000e-003
  1.0112000e+004  5.2600000e+002  1.2000000e-002  1.0000000e-003
  1.0132000e+004  5.2730000e+002  1.2000000e-002  1.0000000e-003
  1.0152000e+004  5.2830000e+002  1.2000000e-002  1.0000000e-003
  1.0172000e+004  5.2920000e+002  1.2000000e-002  1.0000000e-003
  1.0192000e+004  5.3060000e+002  1.2000000e-002  1.0000000e-003
  1.0212000e+004  5.3150000e+002  1.2000000e-002  1.0000000e-003
  1.0232000e+004  5.3270000e+002  1.2000000e-002  1.0000000e-003
  1.0252000e+004  5.3390000e+002  1.2000000e-002  1.0000000e-003
  1.0272000e+004  5.3480000e+002  1.2000000e-002  1.0000000e-003
  1.0292000e+004  5.3600000e+002  1.2000000e-002  1.0000000e-003
  1.0312000e+004  5.3730000e+002  1.2000000e-002  1.0000000e-003
  1.0332000e+004  5.3810000e+002  1.3000000e-002  1.0000000e-003
  1.0352000e+004  5.3930000e+002  1.3000000e-002  1.0000000e-003
  1.0372000e+004  5.4020000e+002  1.3000000e-002  1.0000000e-003
  1.0392000e+004  5.4160000e+002  1.3000000e-002  1.0000000e-003
  1.0412000e+004  5.4290000e+002  1.3000000e-002  1.0000000e-003
  1.0432000e+004  5.4390000e+002  1.3000000e-002  1.0000000e-003
  1.0452000e+004  5.4480000e+002  1.3000000e-002  1.0000000e-003
  1.0472000e+004  5.4580000e+002  1.3000000e-002  1.0000000e-003
  1.0492000e+004  5.4670000e+002  1.3000000e-002  1.0000000e-003
  1.0512000e+004  5.4790000e+002  1.3000000e-002  1.0000000e-003
  1.0532000e+004  5.4900000e+002  1.3000000e-002  1.0000000e-003
  1.0552000e+004  5.5040000e+002  1.3000000e-002  1.0000000e-003
  1.0572000e+004  5.5130000e+002  1.3000000e-002  1.0000000e-003
  1.0592000e+004  5.5230000e+002  1.3000000e-002  1.0000000e-003
  1.0612000e+004  5.5350000e+002  1.3000000e-002  1.0000000e-003
  1.0632000e+004  5.5460000e+002  1.3000000e-002  1.0000000e-003
  1.0652000e+004  5.5560000e+002  1.3000000e-002  1.0000000e-003
  1.0672000e+004  5.5680000e+002  1.3000000e-002  1.0000000e-003
  1.0692000e+004  5.5810000e+002  1.3000000e-002  1.0000000e-003
  1.0712000e+004  5.5900000e+002  1.3000000e-002  1.0000000e-003
  1.0732000e+004  5.6000000e+002  1.3000000e-002  1.0000000e-003
  1.0752000e+004  5.6100000e+002  1.3000000e-002  1.0000000e-003
  1.0772000e+004  5.6230000e+002  1.3000000e-002  1.0000000e-003
  1.0792000e+004  5.6310000e+002  1.3000000e-002  1.0000000e-003
  1.0812000e+004  5.6440000e+002  1.3000000e-002  1.0000000e-003
  1.0832000e+004  5.6560000e+002  1.4000000e-002  1.0000000e-003
  1.0852000e+004  5.6670000e+002  1.4000000e-002  1.0000000e-003
  1.0872000e+004  5.6730000e+002  1.4000000e-002  1.0000000e-003
  1.0892000e+004  5.6840000e+002  1.4000000e-002  1.0000000e-003
  1.0912000e+004  5.6960000e+002  1.4000000e-002  1.0000000e-003
  1.0932000e+004  5.7050000e+002  1.4000000e-002  1.0000000e-003
  1.0952000e+004  5.7150000e+002  1.4000000e-002  1.0000000e-003
  1.0972000e+004  5.7280000e+002  1.4000000e-002  1.0000000e-003
  1.0992000e+004  5.7380000e+002  1.4000000e-002  1.0000000e-003
  1.1012000e+004  5.7510000e+002  1.4000000e-002  1.0000000e-003
  1.1032000e+004  5.7590000e+002  1.4000000e-002  1.0000000e-003
  1.1052000e+004  5.7700000e+002  1.4000000e-002  1.0000000e-003
  1.1072000e+004  5.7820000e+002  1.4000000e-002  1.0000000e-003
  1.1092000e+004  5.7910000e+002  1.4000000e-002  1.0000000e-003
  1.1112000e+004  5.8030000e+002  1.4000000e-002  1.0000000e-003
  1.1132000e+004  5.8120000e+002  1.4000000e-002  1.0000000e-003
  1.1152000e+004  5.8260000e+002  1.4000000e-002  1.0000000e-003
  1.1172000e+004  5.8350000e+002  1.4000000e-002  1.0000000e-003
  1.1192000e+004  5.8470000e+002  1.4000000e-002  1.0000000e-003
  1.1212000e+004  5.8570000e+002  1.4000000e-002  1.0000000e-003
  1.1232000e+004  5.8700000e+002  1.4000000e-002  1.0000000e-003
  1.1252000e+004  5.8800000e+002  1.4000000e-002  1.0000000e-003
  1.1272000e+004  5.8890000e+002  1.4000000e-002  1.0000000e-003
  1.1292000e+004  5.8990000e+002  1.4000000e-002  1.0000000e-003
  1.1312000e+004  5.9100000e+002  1.4000000e-002  1.0000000e-003
  1.1332000e+004  5.9200000e+002  1.5000000e-002  1.0000000e-003
  1.1352000e+004  5.9290000e+002  1.5000000e-002  1.0000000e-003
  1.1372000e+004  5.9400000e+002  1.5000000e-002  1.0000000e-003
  1.1392000e+004  5.9480000e+002  1.5000000e-002  1.0000000e-003
  1.1412000e+004  5.9590000e+002  1.5000000e-002  1.0000000e-003
  1.1432000e+004  5.9730000e+002  1.5000000e-002  1.0000000e-003
  1.1452000e+004  5.9820000e+002  1.5000000e-002  1.0000000e-003
  1.1472000e+004  5.9920000e+002  1.5000000e-002  1.0000000e-003
  1.1492000e+004  6.0030000e+002  1.5000000e-002  1.0000000e-003
  1.1512000e+004  6.0130000e+002  1.5000000e-002  1.0000000e-003
  1.1532000e+004  6.0230000e+002  1.5000000e-002  1.0000000e-003
  1.1552000e+004  6.0340000e+002  1.5000000e-002  1.0000000e-003
  1.1572000e+004  6.0460000e+002  1.5000000e-002  1.0000000e-003
  1.1592000e+004  6.0570000e+002  1.5000000e-002  1.0000000e-003
  1.1612000e+004  6.0650000e+002  1.5000000e-002  1.0000000e-003
  1.1632000e+004  6.0780000e+002  1.5000000e-002  1.0000000e-003
  1.1652000e+004  6.0900000e+002  1.5000000e-002  1.0000000e-003
  1.1672000e+004  6.1000000e+002  1.5000000e-002  1.0000000e-003
  1.1692000e+004  6.1090000e+002  1.5000000e-002  1.0000000e-003
  1.1712000e+004  6.1200000e+002  1.5000000e-002  1.0000000e-003
  1.1732000e+004  6.1340000e+002  1.5000000e-002  1.0000000e-003
  1.1752000e+004  6.1410000e+002  1.5000000e-002  1.0000000e-003
  1.1772000e+004  6.1510000e+002  1.5000000e-002  1.0000000e-003
  1.1792000e+004  6.1650000e+002  1.5000000e-002  1.0000000e-003
  1.1812000e+004  6.1740000e+002  1.5000000e-002  1.0000000e-003
  1.1832000e+004  6.1850000e+002  1.5000000e-002  1.0000000e-003
  1.1852000e+004  6.1930000e+002  1.5000000e-002  1.0000000e-003
  1.1872000e+004  6.2040000e+002  1.6000000e-002  1.0000000e-003
  1.1892000e+004  6.2160000e+002  1.6000000e-002  1.0000000e-003
  1.1912000e+004  6.2270000e+002  1.6000000e-002  1.0000000e-003
  1.1932000e+004  6.2350000e+002  1.6000000e-002  1.0000000e-003
  1.1952000e+004  6.2480000e+002  1.6000000e-002  1.0000000e-003
  1.1972000e+004  6.2560000e+002  1.6000000e-002  1.0000000e-003
  1.1992000e+004  6.2680000e+002  1.6000000e-002  1.0000000e-003
  1.2012000e+004  6.2770000e+002  1.6000000e-002  1.0000000e-003
  1.2032000e+004  6.2880000e+002  1.6000000e-002  1.0000000e-003
  1.2052000e+004  6.3000000e+002  1.6000000e-002  1.0000000e-003
  1.2072000e+004  6.3090000e+002  1.6000000e-002  1.0000000e-003
  1.2092000e+004  6.3230000e+002  1.6000000e-002  1.0000000e-003
  1.2112000e+004  6.3320000e+002  1.6000000e-002  1.0000000e-003
  1.2132000e+004  6.3440000e+002  1.6000000e-002  1.0000000e-003
  1.2152000e+004  6.3510000e+002  1.6000000e-002  1.0000000e-003
  1.2172000e+004  6.3630000e+002  1.6000000e-002  1.0000000e-003
  1.2192000e+004  6.3730000e+002  1.6000000e-002  1.0000000e-003
  1.2212000e+004  6.3820000e+002  1.6000000e-002  1.0000000e-003
  1.2232000e+004  6.3930000e+002  1.6000000e-002  1.0000000e-003
  1.2252000e+004  6.4050000e+002  1.6000000e-002  1.0000000e-003
  1.2272000e+004  6.4170000e+002  1.6000000e-002  1.0000000e-003
  1.2292000e+004  6.4260000e+002  1.6000000e-002  1.0000000e-003
  1.2312000e+004  6.4370000e+002  1.6000000e-002  1.0000000e-003
  1.2332000e+004  6.4470000e+002  1.6000000e-002  1.0000000e-003
  1.2352000e+004  6.4560000e+002  1.6000000e-002  1.0000000e-003
  1.2372000e+004  6.4660000e+002  1.6000000e-002  1.0000000e-003
  1.2392000e+004  6.4800000e+002  1.6000000e-002  1.0000000e-003
  1.2412000e+004  6.4890000e+002  1.6000000e-002  1.0000000e-003
  1.2432000e+004  6.5010000e+002  1.6000000e-002  1.0000000e-003
  1.2452000e+004  6.5120000e+002  1.6000000e-002  1.0000000e-003
  1.2472000e+004  6.5220000e+002  1.6000000e-002  1.0000000e-003
  1.2492000e+004  6.5350000e+002  1.6000000e-002  1.0000000e-003
  1.2512000e+004  6.5430000e+002  1.6000000e-002  1.0000000e-003
  1.2532000e+004  6.5570000e+002  1.7000000e-002  1.0000000e-003
  1.2552000e+004  6.5660000e+002  1.7000000e-002  1.0000000e-003
  1.2572000e+004  6.5770000e+002  1.7000000e-002  1.0000000e-003
  1.2592000e+004  6.5850000e+002  1.7000000e-002  1.0000000e-003
  1.2612000e+004  6.5960000e+002  1.7000000e-002  1.0000000e-003
  1.2632000e+004  6.6050000e+002  1.7000000e-002  1.0000000e-003
  1.2652000e+004  6.6170000e+002  1.7000000e-002  1.0000000e-003
  1.2672000e+004  6.6250000e+002  1.7000000e-002  1.0000000e-003
  1.2692000e+004  6.6360000e+002  1.7000000e-002  1.0000000e-003
  1.2712000e+004  6.6450000e+002  1.7000000e-002  1.0000000e-003
  1.2732000e+004  6.6530000e+002  1.7000000e-002  1.0000000e-003
  1.2752000e+004  6.6660000e+002  1.7000000e-002  1.0000000e-003
  1.2772000e+004  6.6760000e+002  1.7000000e-002  1.0000000e-003
  1.2792000e+004  6.6870000e+002  1.7000000e-002  1.0000000e-003
  1.2812000e+004  6.6950000e+002  1.7000000e-002  1.0000000e-003
  1.2832000e+004  6.7080000e+002  1.7000000e-002  1.0000000e-003
  1.2852000e+004  6.7200000e+002  1.7000000e-002  1.0000000e-003
  1.2872000e+004  6.7300000e+002  1.7000000e-002  1.0000000e-003
  1.2892000e+004  6.7390000e+002  1.7000000e-002  1.0000000e-003
  1.2912000e+004  6.7500000e+002  1.7000000e-002  1.0000000e-003
  1.2932000e+004  6.7620000e+002  1.7000000e-002  1.0000000e-003
  1.2952000e+004  6.7670000e+002  1.7000000e-002  1.0000000e-003
  1.2972000e+004  6.7810000e+002  1.7000000e-002  1.0000000e-003
  1.2992000e+004  6.7930000e+002  1.7000000e-002  1.0000000e-003
  1.3012000e+004  6.8000000e+002  1.7000000e-002  1.0000000e-003
  1.3032000e+004  6.8140000e+002  1.7000000e-002  1.0000000e-003
  1.3052000e+004  6.8210000e+002  1.7000000e-002  1.0000000e-003
  1.3072000e+004  6.8340000e+002  1.7000000e-002  1.0000000e-003
  1.3092000e+004  6.8440000e+002  1.7000000e-002  1.0000000e-003
  1.3112000e+004  6.8550000e+002  1.7000000e-002  1.0000000e-003
  1.3132000e+004  6.8650000e+002  1.7000000e-002  1.0000000e-003
  1.3152000e+004  6.8760000e+002  1.7000000e-002  1.0000000e-003
  1.3172000e+004  6.8860000e+002  1.7000000e-002  1.0000000e-003
  1.3192000e+004  6.8970000e+002  1.7000000e-002  1.0000000e-003
  1.3212000e+004  6.9050000e+002  1.7000000e-002  1.0000000e-003
  1.3232000e+004  6.9130000e+002  1.7000000e-002  1.0000000e-003
  1.3252000e+004  6.9230000e+002  1.7000000e-002  1.0000000e-003
  1.3272000e+004  6.9330000e+002  1.7000000e-002  1.0000000e-003
  1.3292000e+004  6.9400000e+002  1.7000000e-002  1.0000000e-003
  1.3312000e+004  6.9530000e+002  1.7000000e-002  1.0000000e-003
  1.3332000e+004  6.9630000e+002  1.7000000e-002  1.0000000e-003
  1.3352000e+004  6.9760000e+002  1.7000000e-002  1.0000000e-003
  1.3372000e+004  6.9860000e+002  1.7000000e-002  1.0000000e-003
  1.3392000e+004  6.9970000e+002  1.7000000e-002  1.0000000e-003
  1.3412000e+004  7.0070000e+002  1.7000000e-002  1.0000000e-003
  1.3432000e+004  7.0180000e+002  1.7000000e-002  1.0000000e-003
  1.3452000e+004  7.0280000e+002  1.7000000e-002  1.0000000e-003
  1.3472000e+004  7.0370000e+002  1.7000000e-002  1.0000000e-003
  1.3492000e+004  7.0450000e+002  1.7000000e-002  1.0000000e-003
  1.3512000e+004  7.0540000e+002  1.7000000e-002  1.0000000e-003
  1.3532000e+004  7.0670000e+002  1.7000000e-002  1.0000000e-003
  1.3552000e+004  7.0770000e+002  1.7000000e-002  1.0000000e-003
  1.3572000e+004  7.0860000e+002  1.7000000e-002  1.0000000e-003
  1.3592000e+004  7.1000000e+002  1.7000000e-002  1.0000000e-003
  1.3612000e+004  7.1070000e+002  1.7000000e-002  1.0000000e-003
  1.3632000e+004  7.1170000e+002  1.7000000e-002  1.0000000e-003
  1.3652000e+004  7.1300000e+002  1.7000000e-002  1.0000000e-003
  1.3672000e+004  7.1380000e+002  1.7000000e-002  1.0000000e-003
  1.3692000e+004  7.1490000e+002  1.7000000e-002  1.0000000e-003
  1.3712000e+004  7.1590000e+002  1.7000000e-002  1.0000000e-003
  1.3732000e+004  7.1700000e+002  1.7000000e-002  1.0000000e-003
  1.3752000e+004  7.1780000e+002  1.7000000e-002  1.0000000e-003
  1.3772000e+004  7.1910000e+002  1.7000000e-002  1.0000000e-003
  1.3792000e+004  7.2000000e+002  1.7000000e-002  1.0000000e-003
  1.3812000e+004  7.2100000e+002  1.7000000e-002  1.0000000e-003
  1.3832000e+004  7.2200000e+002  1.7000000e-002  1.0000000e-003
  1.3852000e+004  7.2310000e+002  1.7000000e-002  1.0000000e-003
  1.3872000e+004  7.2420000e+002  1.7000000e-002  1.0000000e-003
  1.3892000e+004  7.2520000e+002  1.7000000e-002  1.0000000e-003
  1.3912000e+004  7.2630000e+002  1.7000000e-002  1.0000000e-003
  1.3932000e+004  7.2700000e+002  1.7000000e-002  1.0000000e-003
  1.3952000e+004  7.2820000e+002  1.7000000e-002  1.0000000e-003
  1.3972000e+004  7.2940000e+002  1.7000000e-002  1.0000000e-003
  1.3992000e+004  7.3030000e+002  1.7000000e-002  1.0000000e-003
  1.4012000e+004  7.3130000e+002  1.7000000e-002  1.0000000e-003
  1.4032000e+004  7.3200000e+002  1.7000000e-002  1.0000000e-003
  1.4052000e+004  7.3310000e+002  1.7000000e-002  1.0000000e-003
  1.4072000e+004  7.3450000e+002  1.7000000e-002  1.0000000e-003
  1.4092000e+004  7.3530000e+002  1.7000000e-002  1.0000000e-003
  1.4112000e+004  7.3640000e+002  1.7000000e-002  1.0000000e-003
  1.4132000e+004  7.3690000e+002  1.7000000e-002  1.0000000e-003
  1.4152000e+004  7.3820000e+002  1.7000000e-002  1.0000000e-003
  1.4172000e+004  7.3940000e+002  1.7000000e-002  1.0000000e-003
  1.4192000e+004  7.4020000e+002  1.7000000e-002  1.0000000e-003
  1.4212000e+004  7.4110000e+002  1.7000000e-002  1.0000000e-003
  1.4232000e+004  7.4270000e+002  1.7000000e-002  1.0000000e-003
  1.4252000e+004  7.4320000e+002  1.7000000e-002  1.0000000e-003
  1.4272000e+004  7.4460000e+002  1.7000000e-002  1.0000000e-003
  1.4292000e+004  7.4530000e+002  1.7000000e-002  1.0000000e-003
  1.4312000e+004  7.4650000e+002  1.7000000e-002  1.0000000e-003
  1.4332000e+004  7.4740000e+002  1.7000000e-002  1.0000000e-003
  1.4352000e+004  7.4850000e+002  1.7000000e-002  1.0000000e-003
  1.4372000e+004  7.4970000e+002  1.7000000e-002  1.0000000e-003
  1.4392000e+004  7.5060000e+002  1.7000000e-002  1.0000000e-003
  1.4412000e+004  7.5180000e+002  1.7000000e-002  1.0000000e-003
  1.4432000e+004  7.5270000e+002  1.7000000e-002  1.0000000e-003
  1.4452000e+004  7.5370000e+002  1.7000000e-002  1.0000000e-003
  1.4472000e+004  7.5460000e+002  1.7000000e-002  1.0000000e-003
  1.4492000e+004  7.5550000e+002  1.7000000e-002  1.0000000e-003
  1.4512000e+004  7.5670000e+002  1.7000000e-002  1.0000000e-003
  1.4532000e+004  7.5780000e+002  1.7000000e-002  1.0000000e-003
  1.4552000e+004  7.5860000e+002  1.7000000e-002  1.0000000e-003
  1.4572000e+004  7.5970000e+002  1.7000000e-002  1.0000000e-003
  1.4592000e+004  7.6090000e+002  1.7000000e-002  1.0000000e-003
  1.4612000e+004  7.6180000e+002  1.7000000e-002  1.0000000e-003
  1.4632000e+004  7.6270000e+002  1.7000000e-002  1.0000000e-003
  1.4652000e+004  7.6390000e+002  1.7000000e-002  1.0000000e-003
  1.4672000e+004  7.6490000e+002  1.7000000e-002  1.0000000e-003
  1.4692000e+004  7.6600000e+002  1.7000000e-002  1.0000000e-003
  1.4712000e+004  7.6680000e+002  1.7000000e-002  1.0000000e-003
  1.4732000e+004  7.6810000e+002  1.7000000e-002  1.0000000e-003
  1.4752000e+004  7.6890000e+002  1.7000000e-002  1.0000000e-003
  1.4772000e+004  7.7020000e+002  1.7000000e-002  1.0000000e-003
  1.4792000e+004  7.7120000e+002  1.7000000e-002  1.0000000e-003
  1.4812000e+004  7.7210000e+002  1.7000000e-002  1.0000000e-003
  1.4832000e+004  7.7300000e+002  1.7000000e-002  1.0000000e-003
  1.4852000e+004  7.7400000e+002  1.7000000e-002  1.0000000e-003
  1.4872000e+004  7.7490000e+002  1.7000000e-002  1.0000000e-003
  1.4892000e+004  7.7600000e+002  1.7000000e-002  1.0000000e-003
  1.4912000e+004  7.7680000e+002  1.7000000e-002  1.0000000e-003
  1.4932000e+004  7.7790000e+002  1.7000000e-002  1.0000000e-003
  1.4952000e+004  7.7890000e+002  1.7000000e-002  1.0000000e-003
  1.4972000e+004  7.7960000e+002  1.7000000e-002  1.0000000e-003
  1.4992000e+004  7.8050000e+002  1.7000000e-002  1.0000000e-003
  1.5012000e+004  7.8150000e+002  1.7000000e-002  1.0000000e-003
  1.5032000e+004  7.8260000e+002  1.7000000e-002  1.0000000e-003
  1.5052000e+004  7.8360000e+002  1.7000000e-002  1.0000000e-003
  1.5072000e+004  7.8450000e+002  1.7000000e-002  1.0000000e-003
  1.5092000e+004  7.8580000e+002  1.7000000e-002  1.0000000e-003
  1.5112000e+004  7.8700000e+002  1.7000000e-002  1.0000000e-003
  1.5132000e+004  7.8770000e+002  1.7000000e-002  1.0000000e-003
  1.5152000e+004  7.8870000e+002  1.7000000e-002  1.0000000e-003
  1.5172000e+004  7.8980000e+002  1.7000000e-002  1.0000000e-003
  1.5192000e+004  7.9060000e+002  1.7000000e-002  1.0000000e-003
  1.5212000e+004  7.9190000e+002  1.7000000e-002  1.0000000e-003
  1.5232000e+004  7.9290000e+002  1.7000000e-002  1.0000000e-003
  1.5252000e+004  7.9400000e+002  1.7000000e-002  1.0000000e-003
  1.5272000e+004  7.9500000e+002  1.6000000e-002  1.0000000e-003
  1.5292000e+004  7.9610000e+002  1.6000000e-002  1.0000000e-003
  1.5312000e+004  7.9710000e+002  1.6000000e-002  1.0000000e-003
  1.5332000e+004  7.9780000e+002  1.6000000e-002  1.0000000e-003
  1.5352000e+004  7.9900000e+002  1.6000000e-002  1.0000000e-003
  1.5372000e+004  7.9980000e+002  1.6000000e-002  1.0000000e-003
  1.5392000e+004  8.0100000e+002  1.6000000e-002  1.0000000e-003
  1.5412000e+004  8.0190000e+002  1.6000000e-002  1.0000000e-003
  1.5432000e+004  8.0290000e+002  1.6000000e-002  1.0000000e-003
  1.5452000e+004  8.0400000e+002  1.6000000e-002  1.0000000e-003
  1.5472000e+004  8.0500000e+002  1.6000000e-002  1.0000000e-003
  1.5492000e+004  8.0610000e+002  1.6000000e-002  1.0000000e-003
  1.5513000e+004  8.0690000e+002  1.6000000e-002  1.0000000e-003
  1.5537000e+004  8.0820000e+002  1.6000000e-002  1.0000000e-003
  1.5557000e+004  8.0900000e+002  1.6000000e-002  1.0000000e-003
  1.5577000e+004  8.1010000e+002  1.6000000e-002  1.0000000e-003
  1.5597000e+004  8.1100000e+002  1.6000000e-002  1.0000000e-003
  1.5617000e+004  8.1220000e+002  1.6000000e-002  1.0000000e-003
  1.5637000e+004  8.1320000e+002  1.6000000e-002  1.0000000e-003
  1.5657000e+004  8.1410000e+002  1.6000000e-002  1.0000000e-003
  1.5677000e+004  8.1530000e+002  1.6000000e-002  1.0000000e-003
  1.5697000e+004  8.1620000e+002  1.6000000e-002  1.0000000e-003
  1.5717000e+004  8.1730000e+002  1.6000000e-002  1.0000000e-003
  1.5737000e+004  8.1850000e+002  1.6000000e-002  1.0000000e-003
  1.5757000e+004  8.1900000e+002  1.5000000e-002  1.0000000e-003
  1.5777000e+004  8.2020000e+002  1.5000000e-002  1.0000000e-003
  1.5797000e+004  8.2090000e+002  1.5000000e-002  1.0000000e-003
  1.5817000e+004  8.2210000e+002  1.5000000e-002  1.0000000e-003
  1.5837000e+004  8.2300000e+002  1.5000000e-002  1.0000000e-003
  1.5857000e+004  8.2410000e+002  1.5000000e-002  1.0000000e-003
  1.5877000e+004  8.2500000e+002  1.5000000e-002  1.0000000e-003
  1.5897000e+004  8.2600000e+002  1.5000000e-002  1.0000000e-003
  1.5917000e+004  8.2700000e+002  1.5000000e-002  1.0000000e-003
  1.5937000e+004  8.2810000e+002  1.5000000e-002  1.0000000e-003
  1.5957000e+004  8.2920000e+002  1.5000000e-002  1.0000000e-003
  1.5977000e+004  8.3000000e+002  1.5000000e-002  1.0000000e-003
  1.5997000e+004  8.3110000e+002  1.5000000e-002  1.0000000e-003
  1.6017000e+004  8.3230000e+002  1.5000000e-002  1.0000000e-003
  1.6037000e+004  8.3320000e+002  1.5000000e-002  1.0000000e-003
  1.6057000e+004  8.3400000e+002  1.4000000e-002  1.0000000e-003
  1.6077000e+004  8.3510000e+002  1.4000000e-002  1.0000000e-003
  1.6097000e+004  8.3600000e+002  1.4000000e-002  1.0000000e-003
  1.6117000e+004  8.3700000e+002  1.4000000e-002  1.0000000e-003
  1.6137000e+004  8.3810000e+002  1.4000000e-002  1.0000000e-003
  1.6157000e+004  8.3910000e+002  1.4000000e-002  1.0000000e-003
  1.6177000e+004  8.4020000e+002  1.4000000e-002  1.0000000e-003
  1.6197000e+004  8.4100000e+002  1.4000000e-002  1.0000000e-003
  1.6217000e+004  8.4210000e+002  1.4000000e-002  1.0000000e-003
  1.6237000e+004  8.4310000e+002  1.3000000e-002  1.0000000e-003
  1.6257000e+004  8.4390000e+002  1.3000000e-002  1.0000000e-003
  1.6277000e+004  8.4510000e+002  1.3000000e-002  1.0000000e-003
  1.6297000e+004  8.4590000e+002  1.3000000e-002  1.0000000e-003
  1.6317000e+004  8.4730000e+002  1.3000000e-002  1.0000000e-003
  1.6337000e+004  8.4820000e+002  1.3000000e-002  1.0000000e-003
  1.6357000e+004  8.4880000e+002  1.3000000e-002  1.0000000e-003
  1.6377000e+004  8.5000000e+002  1.3000000e-002  1.0000000e-003
  1.6397000e+004  8.5100000e+002  1.3000000e-002  1.0000000e-003
  1.6417000e+004  8.5210000e+002  1.3000000e-002  1.0000000e-003
  1.6437000e+004  8.5310000e+002  1.3000000e-002  1.0000000e-003
  1.6457000e+004  8.5420000e+002  1.2000000e-002  1.0000000e-003
  1.6477000e+004  8.5520000e+002  1.2000000e-002  1.0000000e-003
  1.6497000e+004  8.5610000e+002  1.2000000e-002  1.0000000e-003
  1.6517000e+004  8.5730000e+002  1.2000000e-002  1.0000000e-003
  1.6537000e+004  8.5800000e+002  1.2000000e-002  1.0000000e-003
  1.6557000e+004  8.5910000e+002  1.2000000e-002  1.0000000e-003
  1.6577000e+004  8.6000000e+002  1.2000000e-002  1.0000000e-003
  1.6597000e+004  8.6120000e+002  1.2000000e-002  1.0000000e-003
  1.6617000e+004  8.6200000e+002  1.1000000e-002  1.0000000e-003
  1.6637000e+004  8.6350000e+002  1.1000000e-002  1.0000000e-003
  1.6657000e+004  8.6430000e+002  1.1000000e-002  1.0000000e-003
  1.6677000e+004  8.6540000e+002  1.1000000e-002  1.0000000e-003
  1.6697000e+004  8.6610000e+002  1.1000000e-002  1.0000000e-003
  1.6717000e+004  8.6730000e+002  1.1000000e-002  1.0000000e-003
  1.6737000e+004  8.6830000e+002  1.1000000e-002  1.0000000e-003
  1.6757000e+004  8.6940000e+002  1.1000000e-002  1.0000000e-003
  1.6777000e+004  8.7010000e+002  1.0000000e-002  1.0000000e-003
  1.6797000e+004  8.7150000e+002  1.0000000e-002  1.0000000e-003
  1.6817000e+004  8.7250000e+002  1.0000000e-002  1.0000000e-003
  1.6837000e+004  8.7340000e+002  1.0000000e-002  1.0000000e-003
  1.6857000e+004  8.7450000e+002  1.0000000e-002  1.0000000e-003
  1.6877000e+004  8.7540000e+002  1.0000000e-002  1.0000000e-003
  1.6897000e+004  8.7660000e+002  9.0000000e-003  1.0000000e-003
  1.6917000e+004  8.7780000e+002  9.0000000e-003  1.0000000e-003
  1.6937000e+004  8.7870000e+002  9.0000000e-003  1.0000000e-003
  1.6957000e+004  8.7950000e+002  9.0000000e-003  1.0000000e-003
  1.6977000e+004  8.8080000e+002  9.0000000e-003  1.0000000e-003
  1.6997000e+004  8.8170000e+002  8.0000000e-003  1.0000000e-003
  1.7017000e+004  8.8270000e+002  8.0000000e-003  1.0000000e-003
  1.7037000e+004  8.8380000e+002  8.0000000e-003  1.0000000e-003
  1.7057000e+004  8.8460000e+002  8.0000000e-003  1.0000000e-003
  1.7077000e+004  8.8550000e+002  8.0000000e-003  1.0000000e-003
  1.7097000e+004  8.8670000e+002  7.0000000e-003  1.0000000e-003
  1.7117000e+004  8.8780000e+002  7.0000000e-003  1.0000000e-003
  1.7137000e+004  8.8860000e+002  7.0000000e-003  1.0000000e-003
  1.7157000e+004  8.8970000e+002  6.0000000e-003  1.0000000e-003
  1.7177000e+004  8.9060000e+002  6.0000000e-003  1.0000000e-003
  1.7197000e+004  8.9160000e+002  6.0000000e-003  1.0000000e-003
  1.7217000e+004  8.9270000e+002  5.0000000e-003  1.0000000e-003
  1.7237000e+004  8.9340000e+002  5.0000000e-003  1.0000000e-003
  1.7257000e+004  8.9460000e+002  4.0000000e-003  1.0000000e-003
  1.7277000e+004  8.9530000e+002  4.0000000e-003  1.0000000e-003
  1.7297000e+004  8.9690000e+002  4.0000000e-003  1.0000000e-003
  1.7317000e+004  8.9740000e+002  3.0000000e-003  1.0000000e-003
  1.7337000e+004  8.9850000e+002  3.0000000e-003  1.0000000e-003
  1.7357000e+004  8.9920000e+002  2.0000000e-003  1.0000000e-003
  1.7377000e+004  9.0050000e+002  2.0000000e-003  1.0000000e-003
  1.7397000e+004  9.0140000e+002  2.0000000e-003  1.0000000e-003
  1.7417000e+004  9.0230000e+002  1.0000000e-003  1.0000000e-003
  1.7438000e+004  9.0340000e+002  1.0000000e-003  1.0000000e-003
  1.7463000e+004  9.0480000e+002  1.0000000e-003  1.0000000e-003
  1.7487000e+004  9.0610000e+002  0.0000000e+000  1.0000000e-003
  1.7507000e+004  9.0700000e+002 -1.0000000e-003  1.0000000e-003
  1.7527000e+004  9.0790000e+002 -1.0000000e-003  1.0000000e-003
  1.7547000e+004  9.0900000e+002 -1.0000000e-003  1.0000000e-003
  1.7567000e+004  9.1020000e+002 -2.0000000e-003  1.0000000e-003
  1.7587000e+004  9.1110000e+002 -2.0000000e-003  1.0000000e-003
  1.7607000e+004  9.1210000e+002 -3.0000000e-003  1.0000000e-003
  1.7627000e+004  9.1310000e+002 -3.0000000e-003  1.0000000e-003
  1.7647000e+004  9.1420000e+002 -4.0000000e-003  1.0000000e-003
  1.7667000e+004  9.1510000e+002 -5.0000000e-003  1.0000000e-003
  1.7687000e+004  9.1610000e+002 -5.0000000e-003  1.0000000e-003
  1.7707000e+004  9.1720000e+002 -6.0000000e-003  1.0000000e-003
  1.7727000e+004  9.1790000e+002 -6.0000000e-003  1.0000000e-003
  1.7747000e+004  9.1870000e+002 -7.0000000e-003  1.0000000e-003
  1.7767000e+004  9.1980000e+002 -7.0000000e-003  1.0000000e-003
  1.7787000e+004  9.2080000e+002 -8.0000000e-003  1.0000000e-003
  1.7807000e+004  9.2190000e+002 -9.0000000e-003  1.0000000e-003
  1.7827000e+004  9.2330000e+002 -9.0000000e-003  1.0000000e-003
  1.7847000e+004  9.2400000e+002 -1.0000000e-002  1.0000000e-003
  1.7867000e+004  9.2520000e+002 -1.0000000e-002  1.0000000e-003
  1.7887000e+004  9.2630000e+002 -1.1000000e-002  1.0000000e-003
  1.7907000e+004  9.2730000e+002 -1.1000000e-002  1.0000000e-003
  1.7927000e+004  9.2820000e+002 -1.2000000e-002  1.0000000e-003
  1.7947000e+004  9.2940000e+002 -1.3000000e-002  1.0000000e-003
  1.7967000e+004  9.3030000e+002 -1.4000000e-002  1.0000000e-003
  1.7987000e+004  9.3150000e+002 -1.5000000e-002  1.0000000e-003
  1.8007000e+004  9.3260000e+002 -1.6000000e-002  1.0000000e-003
  1.8027000e+004  9.3330000e+002 -1.6000000e-002  1.0000000e-003
  1.8047000e+004  9.3420000e+002 -1.7000000e-002  1.0000000e-003
  1.8067000e+004  9.3520000e+002 -1.8000000e-002  1.0000000e-003
  1.8087000e+004  9.3610000e+002 -1.8000000e-002  1.0000000e-003
  1.8107000e+004  9.3710000e+002 -1.9000000e-002  1.0000000e-003
  1.8127000e+004  9.3820000e+002 -2.0000000e-002  1.0000000e-003
  1.8147000e+004  9.3920000e+002 -2.0000000e-002  1.0000000e-003
  1.8167000e+004  9.3980000e+002 -2.1000000e-002  1.0000000e-003
  1.8187000e+004  9.4120000e+002 -2.2000000e-002  1.0000000e-003
  1.8207000e+004  9.4200000e+002 -2.3000000e-002  1.0000000e-003
  1.8227000e+004  9.4290000e+002 -2.4000000e-002  1.0000000e-003
  1.8247000e+004  9.4380000e+002 -2.5000000e-002  1.0000000e-003
  1.8267000e+004  9.4530000e+002 -2.6000000e-002  1.0000000e-003
  1.8287000e+004  9.4620000e+002 -2.7000000e-002  1.0000000e-003
  1.8307000e+004  9.4710000e+002 -2.8000000e-002  1.0000000e-003
  1.8327000e+004  9.4830000e+002 -2.9000000e-002  1.0000000e-003
  1.8347000e+004  9.4940000e+002 -3.0000000e-002  1.0000000e-003
  1.8367000e+004  9.5030000e+002 -3.0000000e-002  1.0000000e-003
  1.8387000e+004  9.5130000e+002 -3.1000000e-002  1.0000000e-003
  1.8407000e+004  9.5230000e+002 -3.2000000e-002  1.0000000e-003
  1.8427000e+004  9.5340000e+002 -3.3000000e-002  1.0000000e-003
  1.8447000e+004  9.5450000e+002 -3.5000000e-002  1.0000000e-003
  1.8467000e+004  9.5530000e+002 -3.6000000e-002  1.0000000e-003
  1.8487000e+004  9.5670000e+002 -3.7000000e-002  1.0000000e-003
  1.8508000e+004  9.5780000e+002 -3.8000000e-002  1.0000000e-003
  1.8528000e+004  9.5880000e+002 -3.9000000e-002  1.0000000e-003
  1.8548000e+004  9.5950000e+002 -4.0000000e-002  1.0000000e-003
  1.8568000e+004  9.6060000e+002 -4.2000000e-002  1.0000000e-003
  1.8588000e+004  9.6140000e+002 -4.3000000e-002  1.0000000e-003
  1.8608000e+004  9.6250000e+002 -4.4000000e-002  1.0000000e-003
  1.8628000e+004  9.6350000e+002 -4.5000000e-002  1.0000000e-003
  1.8648000e+004  9.6430000e+002 -4.7000000e-002  1.0000000e-003
  1.8668000e+004  9.6550000e+002 -4.8000000e-002  1.0000000e-003
  1.8688000e+004  9.6620000e+002 -4.9000000e-002  1.0000000e-003
  1.8708000e+004  9.6740000e+002 -5.0000000e-002  1.0000000e-003
  1.8728000e+004  9.6830000e+002 -5.2000000e-002  1.0000000e-003
  1.8748000e+004  9.6910000e+002 -5.3000000e-002  1.0000000e-003
  1.8768000e+004  9.7040000e+002 -5.5000000e-002  1.0000000e-003
  1.8788000e+004  9.7160000e+002 -5.6000000e-002  1.0000000e-003
  1.8808000e+004  9.7250000e+002 -5.8000000e-002  1.0000000e-003
  1.8828000e+004  9.7330000e+002 -5.9000000e-002  1.0000000e-003
  1.8848000e+004  9.7440000e+002 -6.0000000e-002  1.0000000e-003
  1.8868000e+004  9.7540000e+002 -6.1000000e-002  1.0000000e-003
  1.8888000e+004  9.7650000e+002 -6.3000000e-002  1.0000000e-003
  1.8908000e+004  9.7750000e+002 -6.4000000e-002  1.0000000e-003
  1.8928000e+004  9.7860000e+002 -6.6000000e-002  1.0000000e-003
  1.8948000e+004  9.7980000e+002 -6.7000000e-002  1.0000000e-003
  1.8968000e+004  9.8050000e+002 -6.9000000e-002  1.0000000e-003
  1.8988000e+004  9.8140000e+002 -7.0000000e-002  1.0000000e-003
  1.9008000e+004  9.8250000e+002 -7.1000000e-002  1.0000000e-003
  1.9028000e+004  9.8350000e+002 -7.3000000e-002  1.0000000e-003
  1.9048000e+004  9.8450000e+002 -7.4000000e-002  1.0000000e-003
  1.9068000e+004  9.8560000e+002 -7.6000000e-002  1.0000000e-003
  1.9088000e+004  9.8680000e+002 -7.8000000e-002  1.0000000e-003
  1.9108000e+004  9.8770000e+002 -8.0000000e-002  1.0000000e-003
  1.9128000e+004  9.8880000e+002 -8.1000000e-002  1.0000000e-003
  1.9148000e+004  9.8980000e+002 -8.3000000e-002  1.0000000e-003
  1.9168000e+004  9.9070000e+002 -8.5000000e-002  1.0000000e-003
  1.9188000e+004  9.9190000e+002 -8.7000000e-002  1.0000000e-003
  1.9208000e+004  9.9280000e+002 -8.9000000e-002  1.0000000e-003
  1.9228000e+004  9.9350000e+002 -9.0000000e-002  1.0000000e-003
  1.9248000e+004  9.9490000e+002 -9.2000000e-002  1.0000000e-003
  1.9268000e+004  9.9580000e+002 -9.4000000e-002  1.0000000e-003
  1.9288000e+004  9.9680000e+002 -9.6000000e-002  1.0000000e-003
  1.9308000e+004  9.9800000e+002 -9.8000000e-002  1.0000000e-003
  1.9328000e+004  9.9910000e+002 -1.0000000e-001  1.0000000e-003
  1.9348000e+004  9.9990000e+002 -1.0100000e-001  1.0000000e-003
  1.9368000e+004  1.0012000e+003 -1.0300000e-001  1.0000000e-003
  1.9388000e+004  1.0020000e+003 -1.0500000e-001  1.0000000e-003
  1.9408000e+004  1.0029000e+003 -1.0800000e-001  1.0000000e-003
  1.9428000e+004  1.0040000e+003 -1.0900000e-001  1.0000000e-003
  1.9448000e+004  1.0052000e+003 -1.1100000e-001  1.0000000e-003
  1.9468000e+004  1.0061000e+003 -1.1300000e-001  1.0000000e-003
  1.9488000e+004  1.0070000e+003 -1.1500000e-001  1.0000000e-003
  1.9508000e+004  1.0084000e+003 -1.1700000e-001  1.0000000e-003
  1.9528000e+004  1.0091000e+003 -1.1900000e-001  1.0000000e-003
  1.9548000e+004  1.0099000e+003 -1.2100000e-001  1.0000000e-003
  1.9568000e+004  1.0111000e+003 -1.2400000e-001  1.0000000e-003
  1.9588000e+004  1.0117000e+003 -1.2600000e-001  1.0000000e-003
  1.9608000e+004  1.0129000e+003 -1.2800000e-001  1.0000000e-003
  1.9628000e+004  1.0141000e+003 -1.3000000e-001  1.0000000e-003
  1.9648000e+004  1.0150000e+003 -1.3300000e-001  1.0000000e-003
  1.9668000e+004  1.0161000e+003 -1.3500000e-001  1.0000000e-003
  1.9688000e+004  1.0169000e+003 -1.3700000e-001  1.0000000e-003
  1.9708000e+004  1.0178000e+003 -1.3900000e-001  1.0000000e-003
  1.9728000e+004  1.0188000e+003 -1.4100000e-001  1.0000000e-003
  1.9748000e+004  1.0201000e+003 -1.4400000e-001  1.0000000e-003
  1.9768000e+004  1.0210000e+003 -1.4600000e-001  1.0000000e-003
  1.9788000e+004  1.0222000e+003 -1.4800000e-001  1.0000000e-003
  1.9808000e+004  1.0229000e+003 -1.5000000e-001  1.0000000e-003
  1.9828000e+004  1.0244000e+003 -1.5300000e-001  1.0000000e-003
  1.9848000e+004  1.0252000e+003 -1.5500000e-001  1.0000000e-003
  1.9868000e+004  1.0260000e+003 -1.5800000e-001  1.0000000e-003
  1.9888000e+004  1.0271000e+003 -1.6000000e-001  1.0000000e-003
  1.9908000e+004  1.0280000e+003 -1.6300000e-001  1.0000000e-003
  1.9928000e+004  1.0288000e+003 -1.6500000e-001  1.0000000e-003
  1.9948000e+004  1.0299000e+003 -1.6800000e-001  1.0000000e-003
  1.9968000e+004  1.0309000e+003 -1.7000000e-001  1.0000000e-003
  1.9988000e+004  1.0320000e+003 -1.7300000e-001  1.0000000e-003
  2.0008000e+004  1.0330000e+003 -1.7600000e-001  1.0000000e-003
  2.0028000e+004  1.0341000e+003 -1.7800000e-001  1.0000000e-003
  2.0048000e+004  1.0351000e+003 -1.8100000e-001  1.0000000e-003
  2.0068000e+004  1.0362000e+003 -1.8300000e-001  1.0000000e-003
  2.0088000e+004  1.0372000e+003 -1.8600000e-001  1.0000000e-003
  2.0108000e+004  1.0381000e+003 -1.8900000e-001  1.0000000e-003
  2.0128000e+004  1.0395000e+003 -1.9100000e-001  1.0000000e-003
  2.0148000e+004  1.0404000e+003 -1.9300000e-001  1.0000000e-003
  2.0168000e+004  1.0414000e+003 -1.9600000e-001  1.0000000e-003
  2.0188000e+004  1.0423000e+003 -1.9900000e-001  1.0000000e-003
  2.0208000e+004  1.0432000e+003 -2.0200000e-001  1.0000000e-003
  2.0228000e+004  1.0442000e+003 -2.0500000e-001  1.0000000e-003
  2.0248000e+004  1.0453000e+003 -2.0800000e-001  1.0000000e-003
  2.0268000e+004  1.0463000e+003 -2.1100000e-001  1.0000000e-003
  2.0288000e+004  1.0474000e+003 -2.1400000e-001  1.0000000e-003
  2.0308000e+004  1.0484000e+003 -2.1700000e-001  1.0000000e-003
  2.0328000e+004  1.0493000e+003 -2.1900000e-001  1.0000000e-003
  2.0348000e+004  1.0503000e+003 -2.2200000e-001  1.0000000e-003
  2.0368000e+004  1.0512000e+003 -2.2500000e-001  1.0000000e-003
  2.0388000e+004  1.0523000e+003 -2.2800000e-001  1.0000000e-003
  2.0408000e+004  1.0533000e+003 -2.3100000e-001  1.0000000e-003
  2.0428000e+004  1.0544000e+003 -2.3400000e-001  1.0000000e-003
  2.0448000e+004  1.0553000e+003 -2.3700000e-001  1.0000000e-003
  2.0468000e+004  1.0563000e+003 -2.4000000e-001  1.0000000e-003
  2.0488000e+004  1.0575000e+003 -2.4300000e-001  1.0000000e-003
  2.0508000e+004  1.0584000e+003 -2.4700000e-001  1.0000000e-003
  2.0528000e+004  1.0595000e+003 -2.5000000e-001  1.0000000e-003
  2.0548000e+004  1.0607000e+003 -2.5300000e-001  1.0000000e-003
  2.0568000e+004  1.0614000e+003 -2.5600000e-001  1.0000000e-003
  2.0588000e+004  1.0621000e+003 -2.5900000e-001  1.0000000e-003
  2.0608000e+004  1.0637000e+003 -2.6200000e-001  1.0000000e-003
  2.0628000e+004  1.0647000e+003 -2.6500000e-001  1.0000000e-003
  2.0648000e+004  1.0654000e+003 -2.6900000e-001  1.0000000e-003
  2.0668000e+004  1.0663000e+003 -2.7100000e-001  1.0000000e-003
  2.0688000e+004  1.0675000e+003 -2.7500000e-001  1.0000000e-003
  2.0708000e+004  1.0686000e+003 -2.7800000e-001  1.0000000e-003
  2.0728000e+004  1.0693000e+003 -2.8100000e-001  1.0000000e-003
  2.0748000e+004  1.0705000e+003 -2.8500000e-001  1.0000000e-003
  2.0768000e+004  1.0717000e+003 -2.8800000e-001  1.0000000e-003
  2.0788000e+004  1.0726000e+003 -2.9200000e-001  1.0000000e-003
  2.0808000e+004  1.0736000e+003 -2.9600000e-001  1.0000000e-003
  2.0828000e+004  1.0745000e+003 -2.9900000e-001  1.0000000e-003
  2.0848000e+004  1.0752000e+003 -3.0200000e-001  1.0000000e-003
  2.0868000e+004  1.0766000e+003 -3.0600000e-001  1.0000000e-003
  2.0888000e+004  1.0777000e+003 -3.0900000e-001  1.0000000e-003
  2.0908000e+004  1.0783000e+003 -3.1200000e-001  1.0000000e-003
  2.0928000e+004  1.0796000e+003 -3.1600000e-001  1.0000000e-003
  2.0948000e+004  1.0806000e+003 -3.2000000e-001  1.0000000e-003
  2.0968000e+004  1.0815000e+003 -3.2300000e-001  1.0000000e-003
  2.0988000e+004  1.0826000e+003 -3.2700000e-001  1.0000000e-003
  2.1008000e+004  1.0836000e+003 -3.3100000e-001  1.0000000e-003
  2.1028000e+004  1.0846000e+003 -3.3500000e-001  1.0000000e-003
  2.1048000e+004  1.0855000e+003 -3.3800000e-001  1.0000000e-003
  2.1068000e+004  1.0866000e+003 -3.4100000e-001  1.0000000e-003
  2.1088000e+004  1.0878000e+003 -3.4600000e-001  1.0000000e-003
  2.1108000e+004  1.0887000e+003 -3.4900000e-001  1.0000000e-003
  2.1128000e+004  1.0895000e+003 -3.5200000e-001  1.0000000e-003
  2.1148000e+004  1.0906000e+003 -3.5700000e-001  1.0000000e-003
  2.1168000e+004  1.0918000e+003 -3.6000000e-001  1.0000000e-003
  2.1188000e+004  1.0927000e+003 -3.6400000e-001  1.0000000e-003
  2.1208000e+004  1.0938000e+003 -3.6800000e-001  1.0000000e-003
  2.1228000e+004  1.0948000e+003 -3.7200000e-001  1.0000000e-003
  2.1248000e+004  1.0957000e+003 -3.7700000e-001  1.0000000e-003
  2.1268000e+004  1.0969000e+003 -3.8000000e-001  1.0000000e-003
  2.1288000e+004  1.0978000e+003 -3.8400000e-001  1.0000000e-003
  2.1308000e+004  1.0988000e+003 -3.8800000e-001  1.0000000e-003
  2.1328000e+004  1.0997000e+003 -3.9200000e-001  1.0000000e-003
  2.1348000e+004  1.1011000e+003 -3.9600000e-001  1.0000000e-003
  2.1368000e+004  1.1016000e+003 -4.0000000e-001  1.0000000e-003
  2.1388000e+004  1.1029000e+003 -4.0500000e-001  1.0000000e-003
  2.1408000e+004  1.1039000e+003 -4.0900000e-001  1.0000000e-003
  2.1428000e+004  1.1049000e+003 -4.1300000e-001  1.0000000e-003
  2.1448000e+004  1.1060000e+003 -4.1800000e-001  1.0000000e-003
  2.1468000e+004  1.1071000e+003 -4.2100000e-001  1.0000000e-003
  2.1490000e+004  1.1081000e+003 -4.2600000e-001  1.0000000e-003
  2.1513000e+004  1.1095000e+003 -4.3000000e-001  1.0000000e-003
  2.1533000e+004  1.1104000e+003 -4.3500000e-001  1.0000000e-003
  2.1553000e+004  1.1111000e+003 -4.3900000e-001  1.0000000e-003
  2.1573000e+004  1.1125000e+003 -4.4400000e-001  1.0000000e-003
  2.1593000e+004  1.1133000e+003 -4.4800000e-001  1.0000000e-003
  2.1613000e+004  1.1144000e+003 -4.5300000e-001  1.0000000e-003
  2.1633000e+004  1.1153000e+003 -4.5800000e-001  1.0000000e-003
  2.1653000e+004  1.1167000e+003 -4.6200000e-001  1.0000000e-003
  2.1673000e+004  1.1177000e+003 -4.6600000e-001  1.0000000e-003
  2.1693000e+004  1.1186000e+003 -4.7000000e-001  1.0000000e-003
  2.1713000e+004  1.1195000e+003 -4.7500000e-001  1.0000000e-003
  2.1733000e+004  1.1203000e+003 -4.8000000e-001  1.0000000e-003
  2.1753000e+004  1.1216000e+003 -4.8500000e-001  1.0000000e-003
  2.1773000e+004  1.1224000e+003 -4.8900000e-001  1.0000000e-003
  2.1793000e+004  1.1237000e+003 -4.9400000e-001  1.0000000e-003
  2.1813000e+004  1.1247000e+003 -4.9900000e-001  1.0000000e-003
  2.1833000e+004  1.1258000e+003 -5.0300000e-001  1.0000000e-003
  2.1853000e+004  1.1266000e+003 -5.0800000e-001  1.0000000e-003
  2.1873000e+004  1.1277000e+003 -5.1200000e-001  1.0000000e-003
  2.1893000e+004  1.1286000e+003 -5.1800000e-001  1.0000000e-003
  2.1913000e+004  1.1296000e+003 -5.2200000e-001  1.0000000e-003
  2.1933000e+004  1.1308000e+003 -5.2700000e-001  1.0000000e-003
  2.1953000e+004  1.1319000e+003 -5.3200000e-001  1.0000000e-003
  2.1973000e+004  1.1329000e+003 -5.3800000e-001  1.0000000e-003
  2.1993000e+004  1.1342000e+003 -5.4200000e-001  1.0000000e-003
  2.2013000e+004  1.1350000e+003 -5.4700000e-001  1.0000000e-003
  2.2033000e+004  1.1359000e+003 -5.5100000e-001  1.0000000e-003
  2.2053000e+004  1.1370000e+003 -5.5600000e-001  1.0000000e-003
  2.2073000e+004  1.1378000e+003 -5.6200000e-001  1.0000000e-003
  2.2093000e+004  1.1389000e+003 -5.6700000e-001  1.0000000e-003
  2.2113000e+004  1.1399000e+003 -5.7200000e-001  1.0000000e-003
  2.2133000e+004  1.1410000e+003 -5.7700000e-001  1.0000000e-003
  2.2153000e+004  1.1419000e+003 -5.8200000e-001  1.0000000e-003
  2.2173000e+004  1.1428000e+003 -5.8700000e-001  1.0000000e-003
  2.2193000e+004  1.1438000e+003 -5.9100000e-001  1.0000000e-003
  2.2213000e+004  1.1448000e+003 -5.9700000e-001  1.0000000e-003
  2.2233000e+004  1.1459000e+003 -6.0200000e-001  1.0000000e-003
  2.2253000e+004  1.1468000e+003 -6.0800000e-001  1.0000000e-003
  2.2273000e+004  1.1480000e+003 -6.1300000e-001  1.0000000e-003
  2.2293000e+004  1.1489000e+003 -6.1800000e-001  1.0000000e-003
  2.2313000e+004  1.1499000e+003 -6.2300000e-001  1.0000000e-003
  2.2333000e+004  1.1511000e+003 -6.2800000e-001  1.0000000e-003
  2.2353000e+004  1.1522000e+003 -6.3300000e-001  1.0000000e-003
  2.2373000e+004  1.1534000e+003 -6.3900000e-001  1.0000000e-003
  2.2393000e+004  1.1541000e+003 -6.4400000e-001  1.0000000e-003
  2.2413000e+004  1.1550000e+003 -6.4900000e-001  1.0000000e-003
  2.2433000e+004  1.1562000e+003 -6.5500000e-001  1.0000000e-003
  2.2453000e+004  1.1575000e+003 -6.6000000e-001  1.0000000e-003
  2.2473000e+004  1.1585000e+003 -6.6600000e-001  1.0000000e-003
  2.2493000e+004  1.1596000e+003 -6.7000000e-001  1.0000000e-003
  2.2513000e+004  1.1604000e+003 -6.7600000e-001  1.0000000e-003
  2.2533000e+004  1.1613000e+003 -6.8200000e-001  1.0000000e-003
  2.2553000e+004  1.1623000e+003 -6.8700000e-001  1.0000000e-003
  2.2573000e+004  1.1631000e+003 -6.9300000e-001  1.0000000e-003
  2.2593000e+004  1.1641000e+003 -6.9800000e-001  1.0000000e-003
  2.2613000e+004  1.1652000e+003 -7.0300000e-001  1.0000000e-003
  2.2633000e+004  1.1659000e+003 -7.0900000e-001  1.0000000e-003
  2.2653000e+004  1.1671000e+003 -7.1300000e-001  1.0000000e-003
  2.2673000e+004  1.1681000e+003 -7.1900000e-001  1.0000000e-003
  2.2693000e+004  1.1693000e+003 -7.2500000e-001  1.0000000e-003
  2.2713000e+004  1.1704000e+003 -7.3000000e-001  1.0000000e-003
  2.2733000e+004  1.1713000e+003 -7.3600000e-001  1.0000000e-003
  2.2753000e+004  1.1725000e+003 -7.4100000e-001  1.0000000e-003
  2.2773000e+004  1.1734000e+003 -7.4700000e-001  1.0000000e-003
  2.2793000e+004  1.1744000e+003 -7.5200000e-001  1.0000000e-003
  2.2813000e+004  1.1755000e+003 -7.5700000e-001  1.0000000e-003
  2.2833000e+004  1.1765000e+003 -7.6300000e-001  1.0000000e-003
  2.2853000e+004  1.1774000e+003 -7.6900000e-001  1.0000000e-003
  2.2873000e+004  1.1783000e+003 -7.7500000e-001  1.0000000e-003
  2.2893000e+004  1.1792000e+003 -7.8000000e-001  1.0000000e-003
  2.2913000e+004  1.1806000e+003 -7.8600000e-001  1.0000000e-003
  2.2933000e+004  1.1818000e+003 -7.9000000e-001  1.0000000e-003
  2.2953000e+004  1.1828000e+003 -7.9600000e-001  1.0000000e-003
  2.2973000e+004  1.1841000e+003 -8.0200000e-001  1.0000000e-003
  2.2993000e+004  1.1849000e+003 -8.0800000e-001  1.0000000e-003
  2.3013000e+004  1.1860000e+003 -8.1300000e-001  1.0000000e-003
  2.3033000e+004  1.1867000e+003 -8.1900000e-001  1.0000000e-003
  2.3053000e+004  1.1879000e+003 -8.2400000e-001  1.0000000e-003
  2.3073000e+004  1.1890000e+003 -8.3000000e-001  1.0000000e-003
  2.3093000e+004  1.1900000e+003 -8.3500000e-001  1.0000000e-003
  2.3113000e+004  1.1909000e+003 -8.4100000e-001  1.0000000e-003
  2.3133000e+004  1.1921000e+003 -8.4600000e-001  1.0000000e-003
  2.3153000e+004  1.1932000e+003 -8.5200000e-001  1.0000000e-003
  2.3173000e+004  1.1938000e+003 -8.5800000e-001  1.0000000e-003
  2.3193000e+004  1.1951000e+003 -8.6300000e-001  1.0000000e-003
  2.3213000e+004  1.1959000e+003 -8.6900000e-001  1.0000000e-003
  2.3233000e+004  1.1970000e+003 -8.7400000e-001  1.0000000e-003
  2.3253000e+004  1.1981000e+003 -8.8000000e-001  1.0000000e-003
  2.3273000e+004  1.1991000e+003 -8.8500000e-001  1.0000000e-003
  2.3293000e+004  1.2002000e+003 -8.9100000e-001  1.0000000e-003
  2.3313000e+004  1.2010000e+003 -8.9700000e-001  1.0000000e-003
  2.3333000e+004  1.2023000e+003 -9.0200000e-001  1.0000000e-003
  2.3353000e+004  1.2029000e+003 -9.0800000e-001  1.0000000e-003
  2.3373000e+004  1.2040000e+003 -9.1200000e-001  1.0000000e-003
  2.3393000e+004  1.2051000e+003 -9.1800000e-001  1.0000000e-003
  2.3413000e+004  1.2059000e+003 -9.2400000e-001  1.0000000e-003
  2.3433000e+004  1.2072000e+003 -9.2900000e-001  1.0000000e-003
  2.3453000e+004  1.2080000e+003 -9.3500000e-001  1.0000000e-003
  2.3473000e+004  1.2087000e+003 -9.4000000e-001  1.0000000e-003
  2.3493000e+004  1.2103000e+003 -9.4600000e-001  1.0000000e-003
  2.3513000e+004  1.2112000e+003 -9.5100000e-001  1.0000000e-003
  2.3533000e+004  1.2124000e+003 -9.5600000e-001  1.0000000e-003
  2.3553000e+004  1.2133000e+003 -9.6200000e-001  1.0000000e-003
  2.3573000e+004  1.2145000e+003 -9.6800000e-001  1.0000000e-003
  2.3593000e+004  1.2154000e+003 -9.7400000e-001  1.0000000e-003
  2.3613000e+004  1.2164000e+003 -9.7900000e-001  1.0000000e-003
  2.3633000e+004  1.2175000e+003 -9.8400000e-001  1.0000000e-003
  2.3653000e+004  1.2183000e+003 -9.8900000e-001  1.0000000e-003
  2.3673000e+004  1.2194000e+003 -9.9400000e-001  1.0000000e-003
  2.3693000e+004  1.2201000e+003 -1.0000000e+000  1.0000000e-003
  2.3713000e+004  1.2215000e+003 -1.0060000e+000  1.0000000e-003
  2.3733000e+004  1.2226000e+003 -1.0110000e+000  1.0000000e-003
  2.3753000e+004  1.2233000e+003 -1.0170000e+000  1.0000000e-003
  2.3773000e+004  1.2248000e+003 -1.0220000e+000  1.0000000e-003
  2.3793000e+004  1.2255000e+003 -1.0280000e+000  1.0000000e-003
  2.3813000e+004  1.2266000e+003 -1.0320000e+000  1.0000000e-003
  2.3833000e+004  1.2278000e+003 -1.0380000e+000  1.0000000e-003
  2.3853000e+004  1.2287000e+003 -1.0430000e+000  1.0000000e-003
  2.3873000e+004  1.2297000e+003 -1.0490000e+000  1.0000000e-003
  2.3893000e+004  1.2309000e+003 -1.0550000e+000  1.0000000e-003
  2.3913000e+004  1.2318000e+003 -1.0600000e+000  1.0000000e-003
  2.3933000e+004  1.2329000e+003 -1.0650000e+000  1.0000000e-003
  2.3953000e+004  1.2341000e+003 -1.0700000e+000  1.0000000e-003
  2.3973000e+004  1.2350000e+003 -1.0750000e+000  1.0000000e-003
  2.3993000e+004  1.2360000e+003 -1.0800000e+000  1.0000000e-003
  2.4013000e+004  1.2371000e+003 -1.0860000e+000  1.0000000e-003
  2.4033000e+004  1.2378000e+003 -1.0910000e+000  1.0000000e-003
  2.4053000e+004  1.2390000e+003 -1.0970000e+000  1.0000000e-003
  2.4073000e+004  1.2400000e+003 -1.1010000e+000  1.0000000e-003
  2.4093000e+004  1.2409000e+003 -1.1070000e+000  1.0000000e-003
  2.4113000e+004  1.2420000e+003 -1.1110000e+000  1.0000000e-003
  2.4133000e+004  1.2432000e+003 -1.1160000e+000  1.0000000e-003
  2.4153000e+004  1.2443000e+003 -1.1220000e+000  1.0000000e-003
  2.4173000e+004  1.2451000e+003 -1.1270000e+000  1.0000000e-003
  2.4193000e+004  1.2462000e+003 -1.1320000e+000  1.0000000e-003
  2.4213000e+004  1.2469000e+003 -1.1380000e+000  1.0000000e-003
  2.4233000e+004  1.2478000e+003 -1.1420000e+000  1.0000000e-003
  2.4253000e+004  1.2490000e+003 -1.1470000e+000  1.0000000e-003
  2.4273000e+004  1.2502000e+003 -1.1510000e+000  1.0000000e-003
  2.4293000e+004  1.2511000e+003 -1.1570000e+000  1.0000000e-003
  2.4313000e+004  1.2519000e+003 -1.1620000e+000  1.0000000e-003
  2.4333000e+004  1.2530000e+003 -1.1670000e+000  1.0000000e-003
  2.4353000e+004  1.2541000e+003 -1.1720000e+000  1.0000000e-003
  2.4373000e+004  1.2551000e+003 -1.1770000e+000  1.0000000e-003
  2.4393000e+004  1.2561000e+003 -1.1810000e+000  1.0000000e-003
  2.4413000e+004  1.2572000e+003 -1.1860000e+000  1.0000000e-003
  2.4433000e+004  1.2583000e+003 -1.1900000e+000  1.0000000e-003
  2.4453000e+004  1.2593000e+003 -1.1950000e+000  1.0000000e-003
  2.4473000e+004  1.2603000e+003 -1.2000000e+000  1.0000000e-003
  2.4493000e+004  1.2614000e+003 -1.2050000e+000  1.0000000e-003
  2.4513000e+004  1.2626000e+003 -1.2100000e+000  1.0000000e-003
  2.4533000e+004  1.2633000e+003 -1.2150000e+000  1.0000000e-003
  2.4553000e+004  1.2644000e+003 -1.2190000e+000  1.0000000e-003
  2.4573000e+004  1.2651000e+003 -1.2230000e+000  1.0000000e-003
  2.4593000e+004  1.2661000e+003 -1.2280000e+000  1.0000000e-003
  2.4613000e+004  1.2672000e+003 -1.2320000e+000  1.0000000e-003
  2.4633000e+004  1.2684000e+003 -1.2370000e+000  1.0000000e-003
  2.4653000e+004  1.2693000e+003 -1.2410000e+000  1.0000000e-003
  2.4673000e+004  1.2703000e+003 -1.2460000e+000  1.0000000e-003
  2.4693000e+004  1.2717000e+003 -1.2500000e+000  1.0000000e-003
  2.4713000e+004  1.2726000e+003 -1.2550000e+000  1.0000000e-003
  2.4733000e+004  1.2737000e+003 -1.2590000e+000  1.0000000e-003
  2.4753000e+004  1.2747000e+003 -1.2640000e+000  1.0000000e-003
  2.4773000e+004  1.2758000e+003 -1.2680000e+000  1.0000000e-003
  2.4793000e+004  1.2768000e+003 -1.2710000e+000  1.0000000e-003
  2.4813000e+004  1.2780000e+003 -1.2760000e+000  1.0000000e-003
  2.4833000e+004  1.2789000e+003 -1.2800000e+000  1.0000000e-003
  2.4853000e+004  1.2798000e+003 -1.2850000e+000  1.0000000e-003
  2.4873000e+004  1.2810000e+003 -1.2890000e+000  1.0000000e-003
  2.4893000e+004  1.2819000e+003 -1.2940000e+000  1.0000000e-003
  2.4913000e+004  1.2829000e+003 -1.2980000e+000  1.0000000e-003
  2.4933000e+004  1.2840000e+003 -1.3010000e+000  1.0000000e-003
  2.4953000e+004  1.2848000e+003 -1.3060000e+000  1.0000000e-003
  2.4973000e+004  1.2857000e+003 -1.3090000e+000  1.0000000e-003
  2.4993000e+004  1.2870000e+003 -1.3130000e+000  1.0000000e-003
  2.5013000e+004  1.2878000e+003 -1.3170000e+000  1.0000000e-003
  2.5033000e+004  1.2892000e+003 -1.3210000e+000  1.0000000e-003
  2.5053000e+004  1.2899000e+003 -1.3250000e+000  1.0000000e-003
  2.5073000e+004  1.2910000e+003 -1.3290000e+000  1.0000000e-003
  2.5093000e+004  1.2918000e+003 -1.3330000e+000  1.0000000e-003
  2.5113000e+004  1.2931000e+003 -1.3370000e+000  1.0000000e-003
  2.5133000e+004  1.2941000e+003 -1.3410000e+000  1.0000000e-003
  2.5153000e+004  1.2948000e+003 -1.3450000e+000  1.0000000e-003
  2.5173000e+004  1.2960000e+003 -1.3480000e+000  1.0000000e-003
  2.5193000e+004  1.2973000e+003 -1.3510000e+000  1.0000000e-003
  2.5213000e+004  1.2982000e+003 -1.3550000e+000  1.0000000e-003
  2.5233000e+004  1.2988000e+003 -1.3590000e+000  1.0000000e-003
  2.5253000e+004  1.3001000e+003 -1.3630000e+000  1.0000000e-003
  2.5273000e+004  1.3013000e+003 -1.3670000e+000  1.0000000e-003
  2.5293000e+004  1.3023000e+003 -1.3700000e+000  1.0000000e-003
  2.5313000e+004  1.3032000e+003 -1.3740000e+000  1.0000000e-003
  2.5333000e+004  1.3043000e+003 -1.3780000e+000  1.0000000e-003
  2.5353000e+004  1.3053000e+003 -1.3810000e+000  1.0000000e-003
  2.5373000e+004  1.3064000e+003 -1.3840000e+000  1.0000000e-003
  2.5393000e+004  1.3076000e+003 -1.3880000e+000  1.0000000e-003
  2.5413000e+004  1.3085000e+003 -1.3910000e+000  1.0000000e-003
  2.5433000e+004  1.3093000e+003 -1.3940000e+000  1.0000000e-003
  2.5453000e+004  1.3102000e+003 -1.3970000e+000  1.0000000e-003
  2.5473000e+004  1.3111000e+003 -1.4010000e+000  1.0000000e-003
  2.5493000e+004  1.3122000e+003 -1.4040000e+000  1.0000000e-003
  2.5513000e+004  1.3130000e+003 -1.4080000e+000  1.0000000e-003
  2.5533000e+004  1.3139000e+003 -1.4110000e+000  1.0000000e-003
  2.5553000e+004  1.3148000e+003 -1.4140000e+000  1.0000000e-003
  2.5573000e+004  1.3158000e+003 -1.4170000e+000  1.0000000e-003
  2.5593000e+004  1.3172000e+003 -1.4200000e+000  1.0000000e-003
  2.5613000e+004  1.3181000e+003 -1.4230000e+000  1.0000000e-003
  2.5633000e+004  1.3193000e+003 -1.4260000e+000  1.0000000e-003
  2.5653000e+004  1.3202000e+003 -1.4290000e+000  1.0000000e-003
  2.5673000e+004  1.3214000e+003 -1.4310000e+000  1.0000000e-003
  2.5693000e+004  1.3227000e+003 -1.4340000e+000  1.0000000e-003
  2.5713000e+004  1.3235000e+003 -1.4370000e+000  1.0000000e-003
  2.5733000e+004  1.3246000e+003 -1.4400000e+000  1.0000000e-003
  2.5753000e+004  1.3258000e+003 -1.4430000e+000  1.0000000e-003
  2.5773000e+004  1.3267000e+003 -1.4460000e+000  1.0000000e-003
  2.5793000e+004  1.3276000e+003 -1.4490000e+000  1.0000000e-003
  2.5813000e+004  1.3288000e+003 -1.4520000e+000  1.0000000e-003
  2.5833000e+004  1.3295000e+003 -1.4550000e+000  1.0000000e-003
  2.5853000e+004  1.3305000e+003 -1.4580000e+000  1.0000000e-003
  2.5873000e+004  1.3318000e+003 -1.4600000e+000  1.0000000e-003
  2.5893000e+004  1.3326000e+003 -1.4620000e+000  1.0000000e-003
  2.5913000e+004  1.3338000e+003 -1.4660000e+000  1.0000000e-003
  2.5933000e+004  1.3346000e+003 -1.4680000e+000  1.0000000e-003
  2.5953000e+004  1.3354000e+003 -1.4700000e+000  1.0000000e-003
  2.5973000e+004  1.3365000e+003 -1.4720000e+000  1.0000000e-003
  2.5993000e+004  1.3375000e+003 -1.4750000e+000  1.0000000e-003
  2.6013000e+004  1.3386000e+003 -1.4780000e+000  1.0000000e-003
  2.6033000e+004  1.3396000e+003 -1.4800000e+000  1.0000000e-003
  2.6053000e+004  1.3407000e+003 -1.4830000e+000  1.0000000e-003
  2.6073000e+004  1.3417000e+003 -1.4860000e+000  1.0000000e-003
  2.6093000e+004  1.3428000e+003 -1.4880000e+000  1.0000000e-003
  2.6113000e+004  1.3438000e+003 -1.4900000e+000  1.0000000e-003
  2.6133000e+004  1.3447000e+003 -1.4930000e+000  1.0000000e-003
  2.6153000e+004  1.3459000e+003 -1.4950000e+000  1.0000000e-003
  2.6173000e+004  1.3468000e+003 -1.4980000e+000  1.0000000e-003
  2.6193000e+004  1.3480000e+003 -1.5000000e+000  1.0000000e-003
  2.6213000e+004  1.3489000e+003 -1.5020000e+000  1.0000000e-003
  2.6233000e+004  1.3499000e+003 -1.5040000e+000  1.0000000e-003
  2.6253000e+004  1.3510000e+003 -1.5070000e+000  1.0000000e-003
  2.6273000e+004  1.3522000e+003 -1.5080000e+000  1.0000000e-003
  2.6293000e+004  1.3529000e+003 -1.5100000e+000  1.0000000e-003
  2.6313000e+004  1.3540000e+003 -1.5120000e+000  1.0000000e-003
  2.6333000e+004  1.3550000e+003 -1.5140000e+000  1.0000000e-003
  2.6354000e+004  1.3561000e+003 -1.5160000e+000  1.0000000e-003
  2.6378000e+004  1.3571000e+003 -1.5190000e+000  1.0000000e-003
  2.6398000e+004  1.3580000e+003 -1.5210000e+000  1.0000000e-003
  2.6418000e+004  1.3591000e+003 -1.5230000e+000  1.0000000e-003
  2.6438000e+004  1.3599000e+003 -1.5250000e+000  1.0000000e-003
  2.6458000e+004  1.3611000e+003 -1.5270000e+000  1.0000000e-003
  2.6478000e+004  1.3618000e+003 -1.5290000e+000  1.0000000e-003
  2.6498000e+004  1.3631000e+003 -1.5310000e+000  1.0000000e-003
  2.6519000e+004  1.3640000e+003 -1.5330000e+000  1.0000000e-003
  2.6543000e+004  1.3655000e+003 -1.5350000e+000  1.0000000e-003
  2.6563000e+004  1.3666000e+003 -1.5370000e+000  1.0000000e-003
  2.6583000e+004  1.3674000e+003 -1.5390000e+000  1.0000000e-003
  2.6603000e+004  1.3685000e+003 -1.5400000e+000  1.0000000e-003
  2.6623000e+004  1.3697000e+003 -1.5420000e+000  1.0000000e-003
  2.6643000e+004  1.3708000e+003 -1.5440000e+000  1.0000000e-003
  2.6663000e+004  1.3716000e+003 -1.5450000e+000  1.0000000e-003
  2.6683000e+004  1.3727000e+003 -1.5470000e+000  1.0000000e-003
  2.6703000e+004  1.3738000e+003 -1.5490000e+000  1.0000000e-003
  2.6723000e+004  1.3748000e+003 -1.5500000e+000  1.0000000e-003
  2.6743000e+004  1.3757000e+003 -1.5510000e+000  1.0000000e-003
  2.6763000e+004  1.3769000e+003 -1.5530000e+000  1.0000000e-003
  2.6783000e+004  1.3780000e+003 -1.5540000e+000  1.0000000e-003
  2.6803000e+004  1.3788000e+003 -1.5560000e+000  1.0000000e-003
  2.6824000e+004  1.3797000e+003 -1.5580000e+000  1.0000000e-003
  2.6844000e+004  1.3809000e+003 -1.5590000e+000  1.0000000e-003
  2.6864000e+004  1.3816000e+003 -1.5610000e+000  1.0000000e-003
  2.6884000e+004  1.3827000e+003 -1.5620000e+000  1.0000000e-003
  2.6904000e+004  1.3836000e+003 -1.5640000e+000  1.0000000e-003
  2.6924000e+004  1.3846000e+003 -1.5650000e+000  1.0000000e-003
  2.6944000e+004  1.3855000e+003 -1.5670000e+000  1.0000000e-003
  2.6964000e+004  1.3865000e+003 -1.5680000e+000  1.0000000e-003
  2.6984000e+004  1.3878000e+003 -1.5700000e+000  1.0000000e-003
  2.7004000e+004  1.3886000e+003 -1.5710000e+000  1.0000000e-003
  2.7024000e+004  1.3898000e+003 -1.5720000e+000  1.0000000e-003
  2.7044000e+004  1.3907000e+003 -1.5740000e+000  1.0000000e-003
  2.7064000e+004  1.3916000e+003 -1.5750000e+000  1.0000000e-003
  2.7084000e+004  1.3925000e+003 -1.5770000e+000  1.0000000e-003
  2.7104000e+004  1.3935000e+003 -1.5780000e+000  1.0000000e-003
  2.7124000e+004  1.3948000e+003 -1.5790000e+000  1.0000000e-003
  2.7144000e+004  1.3960000e+003 -1.5800000e+000  1.0000000e-003
  2.7164000e+004  1.3970000e+003 -1.5810000e+000  1.0000000e-003
  2.7184000e+004  1.3979000e+003 -1.5820000e+000  1.0000000e-003
  2.7204000e+004  1.3986000e+003 -1.5840000e+000  1.0000000e-003
  2.7224000e+004  1.3993000e+003 -1.5850000e+000  1.0000000e-003
  2.7244000e+004  1.3998000e+003 -1.5860000e+000  1.0000000e-003
  2.7264000e+004  1.4002000e+003 -1.5870000e+000  1.0000000e-003
  2.7284000e+004  1.4003000e+003 -1.5880000e+000  1.0000000e-003
  2.7304000e+004  1.4005000e+003 -1.5890000e+000  1.0000000e-003
  2.7324000e+004  1.4007000e+003 -1.5900000e+000  1.0000000e-003
  2.7344000e+004  1.4005000e+003 -1.5910000e+000  1.0000000e-003
  2.7364000e+004  1.4005000e+003 -1.5910000e+000  1.0000000e-003
  2.7384000e+004  1.4007000e+003 -1.5930000e+000  1.0000000e-003
  2.7404000e+004  1.4005000e+003 -1.5930000e+000  1.0000000e-003
  2.7424000e+004  1.4009000e+003 -1.5940000e+000  1.0000000e-003
  2.7444000e+004  1.4012000e+003 -1.5950000e+000  1.0000000e-003
  2.7464000e+004  1.4010000e+003 -1.5970000e+000  1.0000000e-003
  2.7484000e+004  1.4010000e+003 -1.5970000e+000  1.0000000e-003
  2.7504000e+004  1.4012000e+003 -1.5980000e+000  1.0000000e-003
  2.7524000e+004  1.4012000e+003 -1.5990000e+000  1.0000000e-003
  2.7544000e+004  1.4012000e+003 -1.6000000e+000  1.0000000e-003
  2.7564000e+004  1.4012000e+003 -1.6010000e+000  1.0000000e-003
  2.7584000e+004  1.4012000e+003 -1.6010000e+000  1.0000000e-003
