  0.0000000e+000  1.9600000e+001  0.0000000e+000  1.0000000e-003
  2.0000000e+001  1.9600000e+001  0.0000000e+000  1.0000000e-003
  4.0000000e+001  2.0000000e+001  0.0000000e+000  1.0000000e-003
  6.0000000e+001  1.9600000e+001  0.0000000e+000  1.0000000e-003
  8.0000000e+001  1.9400000e+001  0.0000000e+000  1.0000000e-003
  1.0000000e+002  1.9600000e+001  0.0000000e+000  1.0000000e-003
  1.2000000e+002  1.9400000e+001  0.0000000e+000  1.0000000e-003
  1.4000000e+002  1.9300000e+001  0.0000000e+000  1.0000000e-003
  1.6000000e+002  1.9100000e+001  0.0000000e+000  1.0000000e-003
  1.8000000e+002  2.0000000e+001  0.0000000e+000  1.0000000e-003
  2.0000000e+002  1.9400000e+001  0.0000000e+000  1.0000000e-003
  2.2000000e+002  1.9800000e+001  0.0000000e+000  1.0000000e-003
  2.4000000e+002  1.9600000e+001  0.0000000e+000  1.0000000e-003
  2.6000000e+002  2.0000000e+001  0.0000000e+000  1.0000000e-003
  2.8000000e+002  1.9800000e+001  0.0000000e+000  1.0000000e-003
  3.0000000e+002  1.9600000e+001  0.0000000e+000  1.0000000e-003
  3.2000000e+002  1.9800000e+001  0.0000000e+000  1.0000000e-003
  3.4000000e+002  2.0000000e+001  0.0000000e+000  1.0000000e-003
  3.6000000e+002  2.0100000e+001  0.0000000e+000  1.0000000e-003
  3.8000000e+002  2.0300000e+001  0.0000000e+000  1.0000000e-003
  4.0000000e+002  2.0500000e+001  0.0000000e+000  1.0000000e-003
  4.2000000e+002  2.1200000e+001  0.0000000e+000  1.0000000e-003
  4.4000000e+002  2.0800000e+001 -1.0000000e-003  1.0000000e-003
  4.6000000e+002  2.1500000e+001 -1.0000000e-003  1.0000000e-003
  4.8000000e+002  2.1500000e+001 -1.0000000e-003  1.0000000e-003
  5.0000000e+002  2.2000000e+001 -1.0000000e-003  1.0000000e-003
  5.2000000e+002  2.2400000e+001 -1.0000000e-003  1.0000000e-003
  5.4000000e+002  2.2700000e+001 -1.0000000e-003  1.0000000e-003
  5.6000000e+002  2.3100000e+001 -1.0000000e-003  1.0000000e-003
  5.8000000e+002  2.3600000e+001 -1.0000000e-003  1.0000000e-003
  6.0000000e+002  2.4100000e+001 -1.0000000e-003  1.0000000e-003
  6.2000000e+002  2.4700000e+001 -2.0000000e-003  1.0000000e-003
  6.4000000e+002  2.5200000e+001 -2.0000000e-003  1.0000000e-003
  6.6000000e+002  2.5900000e+001 -2.0000000e-003  1.0000000e-003
  6.8000000e+002  2.6300000e+001 -2.0000000e-003  1.0000000e-003
  7.0000000e+002  2.6800000e+001 -2.0000000e-003  1.0000000e-003
  7.2000000e+002  2.7500000e+001 -2.0000000e-003  1.0000000e-003
  7.4000000e+002  2.8200000e+001 -2.0000000e-003  1.0000000e-003
  7.6000000e+002  2.8700000e+001 -3.0000000e-003  1.0000000e-003
  7.8000000e+002  2.9400000e+001 -3.0000000e-003  1.0000000e-003
  8.0000000e+002  3.0100000e+001 -3.0000000e-003  1.0000000e-003
  8.2000000e+002  3.0800000e+001 -3.0000000e-003  1.0000000e-003
  8.4000000e+002  3.1500000e+001 -3.0000000e-003  1.0000000e-003
  8.6000000e+002  3.2000000e+001 -3.0000000e-003  1.0000000e-003
  8.8000000e+002  3.2900000e+001 -3.0000000e-003  1.0000000e-003
  9.0000000e+002  3.4000000e+001 -3.0000000e-003  1.0000000e-003
  9.2000000e+002  3.4700000e+001 -3.0000000e-003  1.0000000e-003
  9.4000000e+002  3.5300000e+001 -3.0000000e-003  1.0000000e-003
  9.6000000e+002  3.6000000e+001 -3.0000000e-003  1.0000000e-003
  9.8000000e+002  3.7500000e+001 -3.0000000e-003  1.0000000e-003
  1.0000000e+003  3.8300000e+001 -4.0000000e-003  1.0000000e-003
  1.0200000e+003  3.9200000e+001 -4.0000000e-003  1.0000000e-003
  1.0400000e+003  3.9900000e+001 -4.0000000e-003  1.0000000e-003
  1.0600000e+003  4.1000000e+001 -4.0000000e-003  1.0000000e-003
  1.0800000e+003  4.2000000e+001 -4.0000000e-003  1.0000000e-003
  1.1000000e+003  4.3200000e+001 -4.0000000e-003  1.0000000e-003
  1.1200000e+003  4.4300000e+001 -4.0000000e-003  1.0000000e-003
  1.1400000e+003  4.5100000e+001 -4.0000000e-003  1.0000000e-003
  1.1600000e+003  4.6200000e+001 -5.0000000e-003  1.0000000e-003
  1.1800000e+003  4.6900000e+001 -5.0000000e-003  1.0000000e-003
  1.2000000e+003  4.8300000e+001 -5.0000000e-003  1.0000000e-003
  1.2200000e+003  4.9300000e+001 -5.0000000e-003  1.0000000e-003
  1.2400000e+003  5.0200000e+001 -5.0000000e-003  1.0000000e-003
  1.2600000e+003  5.1600000e+001 -6.0000000e-003  1.0000000e-003
  1.2800000e+003  5.2800000e+001 -6.0000000e-003  1.0000000e-003
  1.3000000e+003  5.4100000e+001 -6.0000000e-003  1.0000000e-003
  1.3200000e+003  5.5500000e+001 -6.0000000e-003  1.0000000e-003
  1.3400000e+003  5.6900000e+001 -6.0000000e-003  1.0000000e-003
  1.3600000e+003  5.8100000e+001 -7.0000000e-003  1.0000000e-003
  1.3800000e+003  5.9300000e+001 -7.0000000e-003  1.0000000e-003
  1.4000000e+003  6.0700000e+001 -7.0000000e-003  1.0000000e-003
  1.4200000e+003  6.2300000e+001 -7.0000000e-003  1.0000000e-003
  1.4400000e+003  6.3500000e+001 -7.0000000e-003  1.0000000e-003
  1.4600000e+003  6.4900000e+001 -8.0000000e-003  1.0000000e-003
  1.4800000e+003  6.6500000e+001 -8.0000000e-003  1.0000000e-003
  1.5000000e+003  6.7700000e+001 -8.0000000e-003  1.0000000e-003
  1.5200000e+003  6.8900000e+001 -8.0000000e-003  1.0000000e-003
  1.5400000e+003  7.0500000e+001 -8.0000000e-003  1.0000000e-003
  1.5600000e+003  7.2300000e+001 -9.0000000e-003  1.0000000e-003
  1.5800000e+003  7.3500000e+001 -9.0000000e-003  1.0000000e-003
  1.6000000e+003  7.5100000e+001 -9.0000000e-003  1.0000000e-003
  1.6200000e+003  7.6800000e+001 -9.0000000e-003  1.0000000e-003
  1.6400000e+003  7.7900000e+001 -1.0000000e-002  1.0000000e-003
  1.6600000e+003  7.9800000e+001 -1.0000000e-002  1.0000000e-003
  1.6800000e+003  8.1000000e+001 -1.0000000e-002  1.0000000e-003
  1.7000000e+003  8.2600000e+001 -1.0000000e-002  1.0000000e-003
  1.7200000e+003  8.4200000e+001 -1.0000000e-002  1.0000000e-003
  1.7400000e+003  8.5800000e+001 -1.0000000e-002  1.0000000e-003
  1.7600000e+003  8.7300000e+001 -1.1000000e-002  1.0000000e-003
  1.7800000e+003  8.9300000e+001 -1.1000000e-002  1.0000000e-003
  1.8000000e+003  9.1200000e+001 -1.1000000e-002  1.0000000e-003
  1.8200000e+003  9.2600000e+001 -1.1000000e-002  1.0000000e-003
  1.8400000e+003  9.4500000e+001 -1.1000000e-002  1.0000000e-003
  1.8600000e+003  9.6600000e+001 -1.2000000e-002  1.0000000e-003
  1.8800000e+003  9.8300000e+001 -1.2000000e-002  1.0000000e-003
  1.9000000e+003  1.0030000e+002 -1.2000000e-002  1.0000000e-003
  1.9200000e+003  1.0200000e+002 -1.2000000e-002  1.0000000e-003
  1.9400000e+003  1.0390000e+002 -1.2000000e-002  1.0000000e-003
  1.9600000e+003  1.0590000e+002 -1.3000000e-002  1.0000000e-003
  1.9800000e+003  1.0760000e+002 -1.3000000e-002  1.0000000e-003
  2.0000000e+003  1.0960000e+002 -1.3000000e-002  1.0000000e-003
  2.0200000e+003  1.1130000e+002 -1.3000000e-002  1.0000000e-003
  2.0400000e+003  1.1300000e+002 -1.4000000e-002  1.0000000e-003
  2.0600000e+003  1.1480000e+002 -1.4000000e-002  1.0000000e-003
  2.0800000e+003  1.1650000e+002 -1.4000000e-002  1.0000000e-003
  2.1000000e+003  1.1850000e+002 -1.4000000e-002  1.0000000e-003
  2.1200000e+003  1.2080000e+002 -1.5000000e-002  1.0000000e-003
  2.1400000e+003  1.2300000e+002 -1.5000000e-002  1.0000000e-003
  2.1600000e+003  1.2500000e+002 -1.6000000e-002  1.0000000e-003
  2.1800000e+003  1.2710000e+002 -1.7000000e-002  1.0000000e-003
  2.2000000e+003  1.2910000e+002 -1.8000000e-002  1.0000000e-003
  2.2200000e+003  1.3130000e+002 -1.9000000e-002  1.0000000e-003
  2.2400000e+003  1.3340000e+002 -1.9000000e-002  1.0000000e-003
  2.2600000e+003  1.3560000e+002 -2.0000000e-002  1.0000000e-003
  2.2810000e+003  1.3770000e+002 -2.1000000e-002  1.0000000e-003
  2.3010000e+003  1.3980000e+002 -2.1000000e-002  1.0000000e-003
  2.3210000e+003  1.4250000e+002 -2.2000000e-002  1.0000000e-003
  2.3410000e+003  1.4390000e+002 -2.2000000e-002  1.0000000e-003
  2.3610000e+003  1.4630000e+002 -2.3000000e-002  1.0000000e-003
  2.3810000e+003  1.4840000e+002 -2.3000000e-002  1.0000000e-003
  2.4010000e+003  1.5070000e+002 -2.4000000e-002  1.0000000e-003
  2.4210000e+003  1.5310000e+002 -2.4000000e-002  1.0000000e-003
  2.4410000e+003  1.5500000e+002 -2.5000000e-002  1.0000000e-003
  2.4610000e+003  1.5710000e+002 -2.5000000e-002  1.0000000e-003
  2.4810000e+003  1.5940000e+002 -2.6000000e-002  1.0000000e-003
  2.5010000e+003  1.6150000e+002 -2.6000000e-002  1.0000000e-003
  2.5210000e+003  1.6380000e+002 -2.7000000e-002  1.0000000e-003
  2.5410000e+003  1.6610000e+002 -2.7000000e-002  1.0000000e-003
  2.5610000e+003  1.6830000e+002 -2.8000000e-002  1.0000000e-003
  2.5810000e+003  1.7030000e+002 -2.8000000e-002  1.0000000e-003
  2.6020000e+003  1.7240000e+002 -2.9000000e-002  1.0000000e-003
  2.6220000e+003  1.7460000e+002 -2.9000000e-002  1.0000000e-003
  2.6420000e+003  1.7690000e+002 -3.0000000e-002  1.0000000e-003
  2.6620000e+003  1.7920000e+002 -3.0000000e-002  1.0000000e-003
  2.6820000e+003  1.8160000e+002 -3.1000000e-002  1.0000000e-003
  2.7020000e+003  1.8390000e+002 -3.1000000e-002  1.0000000e-003
  2.7220000e+003  1.8670000e+002 -3.2000000e-002  1.0000000e-003
  2.7420000e+003  1.8900000e+002 -3.2000000e-002  1.0000000e-003
  2.7620000e+003  1.9110000e+002 -3.2000000e-002  1.0000000e-003
  2.7820000e+003  1.9360000e+002 -3.3000000e-002  1.0000000e-003
  2.8020000e+003  1.9580000e+002 -3.3000000e-002  1.0000000e-003
  2.8220000e+003  1.9860000e+002 -3.3000000e-002  1.0000000e-003
  2.8420000e+003  2.0040000e+002 -3.4000000e-002  1.0000000e-003
  2.8620000e+003  2.0280000e+002 -3.4000000e-002  1.0000000e-003
  2.8820000e+003  2.0530000e+002 -3.5000000e-002  1.0000000e-003
  2.9020000e+003  2.0770000e+002 -3.5000000e-002  1.0000000e-003
  2.9220000e+003  2.1020000e+002 -3.6000000e-002  1.0000000e-003
  2.9420000e+003  2.1250000e+002 -3.6000000e-002  1.0000000e-003
  2.9620000e+003  2.1460000e+002 -3.7000000e-002  1.0000000e-003
  2.9830000e+003  2.1680000e+002 -3.7000000e-002  1.0000000e-003
  3.0030000e+003  2.1980000e+002 -3.7000000e-002  1.0000000e-003
  3.0230000e+003  2.2170000e+002 -3.7000000e-002  1.0000000e-003
  3.0430000e+003  2.2400000e+002 -3.7000000e-002  1.0000000e-003
  3.0630000e+003  2.2640000e+002 -3.7000000e-002  1.0000000e-003
  3.0830000e+003  2.2930000e+002 -3.7000000e-002  1.0000000e-003
  3.1030000e+003  2.3100000e+002 -3.7000000e-002  1.0000000e-003
  3.1230000e+003  2.3380000e+002 -3.7000000e-002  1.0000000e-003
  3.1430000e+003  2.3570000e+002 -3.7000000e-002  1.0000000e-003
  3.1630000e+003  2.3820000e+002 -3.7000000e-002  1.0000000e-003
  3.1830000e+003  2.4080000e+002 -3.7000000e-002  1.0000000e-003
  3.2040000e+003  2.4360000e+002 -3.7000000e-002  1.0000000e-003
  3.2240000e+003  2.4590000e+002 -3.7000000e-002  1.0000000e-003
  3.2490000e+003  2.4870000e+002 -3.7000000e-002  1.0000000e-003
  3.2690000e+003  2.5090000e+002 -3.7000000e-002  1.0000000e-003
  3.2890000e+003  2.5360000e+002 -3.7000000e-002  1.0000000e-003
  3.3090000e+003  2.5570000e+002 -3.7000000e-002  1.0000000e-003
  3.3290000e+003  2.5830000e+002 -3.7000000e-002  1.0000000e-003
  3.3490000e+003  2.6070000e+002 -3.7000000e-002  1.0000000e-003
  3.3690000e+003  2.6350000e+002 -3.7000000e-002  1.0000000e-003
  3.3890000e+003  2.6600000e+002 -3.7000000e-002  1.0000000e-003
  3.4100000e+003  2.6860000e+002 -3.7000000e-002  1.0000000e-003
  3.4300000e+003  2.7130000e+002 -3.7000000e-002  1.0000000e-003
  3.4500000e+003  2.7370000e+002 -3.7000000e-002  1.0000000e-003
  3.4700000e+003  2.7580000e+002 -3.7000000e-002  1.0000000e-003
  3.4900000e+003  2.7840000e+002 -3.7000000e-002  1.0000000e-003
  3.5100000e+003  2.8070000e+002 -3.7000000e-002  1.0000000e-003
  3.5300000e+003  2.8300000e+002 -3.7000000e-002  1.0000000e-003
  3.5500000e+003  2.8580000e+002 -3.7000000e-002  1.0000000e-003
  3.5700000e+003  2.8820000e+002 -3.7000000e-002  1.0000000e-003
  3.5900000e+003  2.9070000e+002 -3.7000000e-002  1.0000000e-003
  3.6100000e+003  2.9310000e+002 -3.7000000e-002  1.0000000e-003
  3.6300000e+003  2.9540000e+002 -3.7000000e-002  1.0000000e-003
  3.6500000e+003  2.9790000e+002 -3.7000000e-002  1.0000000e-003
  3.6700000e+003  3.0060000e+002 -3.6000000e-002  1.0000000e-003
  3.6900000e+003  3.0310000e+002 -3.6000000e-002  1.0000000e-003
  3.7100000e+003  3.0500000e+002 -3.6000000e-002  1.0000000e-003
  3.7300000e+003  3.0780000e+002 -3.6000000e-002  1.0000000e-003
  3.7500000e+003  3.1030000e+002 -3.6000000e-002  1.0000000e-003
  3.7710000e+003  3.1240000e+002 -3.6000000e-002  1.0000000e-003
  3.7950000e+003  3.1570000e+002 -3.6000000e-002  1.0000000e-003
  3.8160000e+003  3.1830000e+002 -3.6000000e-002  1.0000000e-003
  3.8360000e+003  3.2080000e+002 -3.6000000e-002  1.0000000e-003
  3.8560000e+003  3.2360000e+002 -3.5000000e-002  1.0000000e-003
  3.8760000e+003  3.2600000e+002 -3.5000000e-002  1.0000000e-003
  3.8960000e+003  3.2830000e+002 -3.5000000e-002  1.0000000e-003
  3.9160000e+003  3.3080000e+002 -3.5000000e-002  1.0000000e-003
  3.9360000e+003  3.3340000e+002 -3.5000000e-002  1.0000000e-003
  3.9560000e+003  3.3620000e+002 -3.5000000e-002  1.0000000e-003
  3.9760000e+003  3.3860000e+002 -3.5000000e-002  1.0000000e-003
  3.9960000e+003  3.4090000e+002 -3.5000000e-002  1.0000000e-003
  4.0160000e+003  3.4370000e+002 -3.5000000e-002  1.0000000e-003
  4.0360000e+003  3.4650000e+002 -3.4000000e-002  1.0000000e-003
  4.0560000e+003  3.4860000e+002 -3.4000000e-002  1.0000000e-003
  4.0760000e+003  3.5140000e+002 -3.4000000e-002  1.0000000e-003
  4.0960000e+003  3.5370000e+002 -3.4000000e-002  1.0000000e-003
  4.1170000e+003  3.5600000e+002 -3.4000000e-002  1.0000000e-003
  4.1370000e+003  3.5860000e+002 -3.4000000e-002  1.0000000e-003
  4.1570000e+003  3.6100000e+002 -3.4000000e-002  1.0000000e-003
  4.1770000e+003  3.6360000e+002 -3.4000000e-002  1.0000000e-003
  4.1970000e+003  3.6610000e+002 -3.4000000e-002  1.0000000e-003
  4.2170000e+003  3.6890000e+002 -3.3000000e-002  1.0000000e-003
  4.2370000e+003  3.7120000e+002 -3.3000000e-002  1.0000000e-003
  4.2570000e+003  3.7380000e+002 -3.3000000e-002  1.0000000e-003
  4.2770000e+003  3.7630000e+002 -3.3000000e-002  1.0000000e-003
  4.2970000e+003  3.7840000e+002 -3.3000000e-002  1.0000000e-003
  4.3170000e+003  3.8130000e+002 -3.3000000e-002  1.0000000e-003
  4.3370000e+003  3.8340000e+002 -3.3000000e-002  1.0000000e-003
  4.3570000e+003  3.8640000e+002 -3.2000000e-002  1.0000000e-003
  4.3770000e+003  3.8850000e+002 -3.2000000e-002  1.0000000e-003
  4.3970000e+003  3.9110000e+002 -3.2000000e-002  1.0000000e-003
  4.4170000e+003  3.9340000e+002 -3.2000000e-002  1.0000000e-003
  4.4370000e+003  3.9600000e+002 -3.2000000e-002  1.0000000e-003
  4.4570000e+003  3.9880000e+002 -3.2000000e-002  1.0000000e-003
  4.4770000e+003  4.0110000e+002 -3.2000000e-002  1.0000000e-003
  4.4980000e+003  4.0350000e+002 -3.2000000e-002  1.0000000e-003
  4.5180000e+003  4.0560000e+002 -3.1000000e-002  1.0000000e-003
  4.5380000e+003  4.0900000e+002 -3.1000000e-002  1.0000000e-003
  4.5580000e+003  4.1140000e+002 -3.1000000e-002  1.0000000e-003
  4.5780000e+003  4.1400000e+002 -3.1000000e-002  1.0000000e-003
  4.5980000e+003  4.1580000e+002 -3.1000000e-002  1.0000000e-003
  4.6180000e+003  4.1880000e+002 -3.1000000e-002  1.0000000e-003
  4.6380000e+003  4.2140000e+002 -3.1000000e-002  1.0000000e-003
  4.6580000e+003  4.2380000e+002 -3.0000000e-002  1.0000000e-003
  4.6780000e+003  4.2610000e+002 -3.0000000e-002  1.0000000e-003
  4.6980000e+003  4.2840000e+002 -3.0000000e-002  1.0000000e-003
  4.7180000e+003  4.3120000e+002 -3.0000000e-002  1.0000000e-003
  4.7380000e+003  4.3370000e+002 -3.0000000e-002  1.0000000e-003
  4.7580000e+003  4.3610000e+002 -3.0000000e-002  1.0000000e-003
  4.7780000e+003  4.3850000e+002 -3.0000000e-002  1.0000000e-003
  4.7980000e+003  4.4170000e+002 -3.0000000e-002  1.0000000e-003
  4.8180000e+003  4.4400000e+002 -3.0000000e-002  1.0000000e-003
  4.8390000e+003  4.4640000e+002 -2.9000000e-002  1.0000000e-003
  4.8590000e+003  4.4890000e+002 -2.9000000e-002  1.0000000e-003
  4.8790000e+003  4.5130000e+002 -2.9000000e-002  1.0000000e-003
  4.8990000e+003  4.5360000e+002 -2.9000000e-002  1.0000000e-003
  4.9190000e+003  4.5600000e+002 -2.9000000e-002  1.0000000e-003
  4.9390000e+003  4.5810000e+002 -2.9000000e-002  1.0000000e-003
  4.9590000e+003  4.6110000e+002 -2.9000000e-002  1.0000000e-003
  4.9790000e+003  4.6300000e+002 -2.9000000e-002  1.0000000e-003
  4.9990000e+003  4.6550000e+002 -2.9000000e-002  1.0000000e-003
  5.0190000e+003  4.6810000e+002 -2.9000000e-002  1.0000000e-003
  5.0390000e+003  4.7060000e+002 -2.9000000e-002  1.0000000e-003
  5.0590000e+003  4.7300000e+002 -2.8000000e-002  1.0000000e-003
  5.0790000e+003  4.7500000e+002 -2.8000000e-002  1.0000000e-003
  5.1000000e+003  4.7780000e+002 -2.8000000e-002  1.0000000e-003
  5.1200000e+003  4.8000000e+002 -2.8000000e-002  1.0000000e-003
  5.1400000e+003  4.8260000e+002 -2.8000000e-002  1.0000000e-003
  5.1600000e+003  4.8480000e+002 -2.8000000e-002  1.0000000e-003
  5.1800000e+003  4.8760000e+002 -2.8000000e-002  1.0000000e-003
  5.2000000e+003  4.8960000e+002 -2.8000000e-002  1.0000000e-003
  5.2200000e+003  4.9180000e+002 -2.7000000e-002  1.0000000e-003
  5.2400000e+003  4.9470000e+002 -2.7000000e-002  1.0000000e-003
  5.2600000e+003  4.9680000e+002 -2.7000000e-002  1.0000000e-003
  5.2800000e+003  4.9910000e+002 -2.7000000e-002  1.0000000e-003
  5.3000000e+003  5.0100000e+002 -2.7000000e-002  1.0000000e-003
  5.3210000e+003  5.0370000e+002 -2.7000000e-002  1.0000000e-003
  5.3450000e+003  5.0680000e+002 -2.7000000e-002  1.0000000e-003
  5.3660000e+003  5.0930000e+002 -2.7000000e-002  1.0000000e-003
  5.3860000e+003  5.1150000e+002 -2.7000000e-002  1.0000000e-003
  5.4060000e+003  5.1410000e+002 -2.6000000e-002  1.0000000e-003
  5.4260000e+003  5.1630000e+002 -2.6000000e-002  1.0000000e-003
  5.4460000e+003  5.1870000e+002 -2.6000000e-002  1.0000000e-003
  5.4670000e+003  5.2080000e+002 -2.6000000e-002  1.0000000e-003
  5.4910000e+003  5.2430000e+002 -2.6000000e-002  1.0000000e-003
  5.5120000e+003  5.2590000e+002 -2.6000000e-002  1.0000000e-003
  5.5320000e+003  5.2880000e+002 -2.6000000e-002  1.0000000e-003
  5.5520000e+003  5.3080000e+002 -2.6000000e-002  1.0000000e-003
  5.5720000e+003  5.3340000e+002 -2.6000000e-002  1.0000000e-003
  5.5920000e+003  5.3580000e+002 -2.6000000e-002  1.0000000e-003
  5.6120000e+003  5.3780000e+002 -2.6000000e-002  1.0000000e-003
  5.6320000e+003  5.4040000e+002 -2.6000000e-002  1.0000000e-003
  5.6520000e+003  5.4320000e+002 -2.5000000e-002  1.0000000e-003
  5.6720000e+003  5.4530000e+002 -2.5000000e-002  1.0000000e-003
  5.6920000e+003  5.4780000e+002 -2.5000000e-002  1.0000000e-003
  5.7120000e+003  5.4930000e+002 -2.5000000e-002  1.0000000e-003
  5.7330000e+003  5.5230000e+002 -2.5000000e-002  1.0000000e-003
  5.7580000e+003  5.5480000e+002 -2.5000000e-002  1.0000000e-003
  5.7780000e+003  5.5750000e+002 -2.5000000e-002  1.0000000e-003
  5.7980000e+003  5.5930000e+002 -2.5000000e-002  1.0000000e-003
  5.8180000e+003  5.6190000e+002 -2.5000000e-002  1.0000000e-003
  5.8380000e+003  5.6400000e+002 -2.5000000e-002  1.0000000e-003
  5.8580000e+003  5.6680000e+002 -2.4000000e-002  1.0000000e-003
  5.8780000e+003  5.6890000e+002 -2.4000000e-002  1.0000000e-003
  5.8980000e+003  5.7070000e+002 -2.4000000e-002  1.0000000e-003
  5.9180000e+003  5.7310000e+002 -2.4000000e-002  1.0000000e-003
  5.9380000e+003  5.7510000e+002 -2.4000000e-002  1.0000000e-003
  5.9590000e+003  5.7730000e+002 -2.4000000e-002  1.0000000e-003
  5.9840000e+003  5.8050000e+002 -2.4000000e-002  1.0000000e-003
  6.0040000e+003  5.8280000e+002 -2.4000000e-002  1.0000000e-003
  6.0240000e+003  5.8520000e+002 -2.4000000e-002  1.0000000e-003
  6.0440000e+003  5.8750000e+002 -2.4000000e-002  1.0000000e-003
  6.0640000e+003  5.8990000e+002 -2.4000000e-002  1.0000000e-003
  6.0840000e+003  5.9200000e+002 -2.3000000e-002  1.0000000e-003
  6.1040000e+003  5.9360000e+002 -2.3000000e-002  1.0000000e-003
  6.1240000e+003  5.9570000e+002 -2.3000000e-002  1.0000000e-003
  6.1440000e+003  5.9830000e+002 -2.3000000e-002  1.0000000e-003
  6.1640000e+003  6.0060000e+002 -2.3000000e-002  1.0000000e-003
  6.1850000e+003  6.0300000e+002 -2.3000000e-002  1.0000000e-003
  6.2090000e+003  6.0600000e+002 -2.3000000e-002  1.0000000e-003
  6.2290000e+003  6.0740000e+002 -2.3000000e-002  1.0000000e-003
  6.2490000e+003  6.0990000e+002 -2.3000000e-002  1.0000000e-003
  6.2690000e+003  6.1210000e+002 -2.3000000e-002  1.0000000e-003
  6.2890000e+003  6.1460000e+002 -2.3000000e-002  1.0000000e-003
  6.3100000e+003  6.1670000e+002 -2.3000000e-002  1.0000000e-003
  6.3300000e+003  6.1920000e+002 -2.3000000e-002  1.0000000e-003
  6.3500000e+003  6.2070000e+002 -2.3000000e-002  1.0000000e-003
  6.3700000e+003  6.2330000e+002 -2.2000000e-002  1.0000000e-003
  6.3900000e+003  6.2580000e+002 -2.2000000e-002  1.0000000e-003
  6.4100000e+003  6.2810000e+002 -2.2000000e-002  1.0000000e-003
  6.4310000e+003  6.2980000e+002 -2.2000000e-002  1.0000000e-003
  6.4510000e+003  6.3170000e+002 -2.2000000e-002  1.0000000e-003
  6.4710000e+003  6.3400000e+002 -2.2000000e-002  1.0000000e-003
  6.4910000e+003  6.3680000e+002 -2.2000000e-002  1.0000000e-003
  6.5110000e+003  6.3910000e+002 -2.2000000e-002  1.0000000e-003
  6.5320000e+003  6.4140000e+002 -2.2000000e-002  1.0000000e-003
  6.5560000e+003  6.4350000e+002 -2.2000000e-002  1.0000000e-003
  6.5770000e+003  6.4610000e+002 -2.2000000e-002  1.0000000e-003
  6.6010000e+003  6.4930000e+002 -2.2000000e-002  1.0000000e-003
  6.6220000e+003  6.5080000e+002 -2.2000000e-002  1.0000000e-003
  6.6420000e+003  6.5290000e+002 -2.2000000e-002  1.0000000e-003
  6.6620000e+003  6.5570000e+002 -2.2000000e-002  1.0000000e-003
  6.6820000e+003  6.5830000e+002 -2.2000000e-002  1.0000000e-003
  6.7020000e+003  6.5960000e+002 -2.1000000e-002  1.0000000e-003
  6.7220000e+003  6.6220000e+002 -2.1000000e-002  1.0000000e-003
  6.7420000e+003  6.6380000e+002 -2.1000000e-002  1.0000000e-003
  6.7620000e+003  6.6600000e+002 -2.1000000e-002  1.0000000e-003
  6.7820000e+003  6.6850000e+002 -2.1000000e-002  1.0000000e-003
  6.8020000e+003  6.7060000e+002 -2.1000000e-002  1.0000000e-003
  6.8220000e+003  6.7250000e+002 -2.1000000e-002  1.0000000e-003
  6.8420000e+003  6.7460000e+002 -2.1000000e-002  1.0000000e-003
  6.8620000e+003  6.7730000e+002 -2.1000000e-002  1.0000000e-003
  6.8820000e+003  6.7900000e+002 -2.1000000e-002  1.0000000e-003
  6.9020000e+003  6.8140000e+002 -2.1000000e-002  1.0000000e-003
  6.9220000e+003  6.8360000e+002 -2.1000000e-002  1.0000000e-003
  6.9430000e+003  6.8550000e+002 -2.1000000e-002  1.0000000e-003
  6.9630000e+003  6.8760000e+002 -2.1000000e-002  1.0000000e-003
  6.9830000e+003  6.9000000e+002 -2.1000000e-002  1.0000000e-003
  7.0030000e+003  6.9140000e+002 -2.1000000e-002  1.0000000e-003
  7.0230000e+003  6.9390000e+002 -2.1000000e-002  1.0000000e-003
  7.0430000e+003  6.9630000e+002 -2.1000000e-002  1.0000000e-003
  7.0630000e+003  6.9830000e+002 -2.1000000e-002  1.0000000e-003
  7.0830000e+003  7.0040000e+002 -2.1000000e-002  1.0000000e-003
  7.1040000e+003  7.0230000e+002 -2.1000000e-002  1.0000000e-003
  7.1240000e+003  7.0510000e+002 -2.1000000e-002  1.0000000e-003
  7.1440000e+003  7.0680000e+002 -2.1000000e-002  1.0000000e-003
  7.1640000e+003  7.0910000e+002 -2.1000000e-002  1.0000000e-003
  7.1850000e+003  7.1080000e+002 -2.1000000e-002  1.0000000e-003
  7.2090000e+003  7.1380000e+002 -2.1000000e-002  1.0000000e-003
  7.2290000e+003  7.1590000e+002 -2.1000000e-002  1.0000000e-003
  7.2490000e+003  7.1840000e+002 -2.1000000e-002  1.0000000e-003
  7.2700000e+003  7.2010000e+002 -2.1000000e-002  1.0000000e-003
  7.2900000e+003  7.2260000e+002 -2.1000000e-002  1.0000000e-003
  7.3100000e+003  7.2400000e+002 -2.1000000e-002  1.0000000e-003
  7.3300000e+003  7.2610000e+002 -2.1000000e-002  1.0000000e-003
  7.3500000e+003  7.2900000e+002 -2.1000000e-002  1.0000000e-003
  7.3700000e+003  7.3050000e+002 -2.1000000e-002  1.0000000e-003
  7.3900000e+003  7.3310000e+002 -2.1000000e-002  1.0000000e-003
  7.4110000e+003  7.3500000e+002 -2.1000000e-002  1.0000000e-003
  7.4350000e+003  7.3690000e+002 -2.1000000e-002  1.0000000e-003
  7.4550000e+003  7.3990000e+002 -2.1000000e-002  1.0000000e-003
  7.4750000e+003  7.4200000e+002 -2.1000000e-002  1.0000000e-003
  7.4950000e+003  7.4340000e+002 -2.1000000e-002  1.0000000e-003
  7.5150000e+003  7.4620000e+002 -2.1000000e-002  1.0000000e-003
  7.5350000e+003  7.4850000e+002 -2.1000000e-002  1.0000000e-003
  7.5560000e+003  7.5040000e+002 -2.1000000e-002  1.0000000e-003
  7.5760000e+003  7.5230000e+002 -2.1000000e-002  1.0000000e-003
  7.5960000e+003  7.5440000e+002 -2.1000000e-002  1.0000000e-003
  7.6160000e+003  7.5650000e+002 -2.1000000e-002  1.0000000e-003
  7.6360000e+003  7.5900000e+002 -2.1000000e-002  1.0000000e-003
  7.6560000e+003  7.6110000e+002 -2.1000000e-002  1.0000000e-003
  7.6760000e+003  7.6350000e+002 -2.1000000e-002  1.0000000e-003
  7.6960000e+003  7.6580000e+002 -2.1000000e-002  1.0000000e-003
  7.7160000e+003  7.6720000e+002 -2.1000000e-002  1.0000000e-003
  7.7360000e+003  7.6960000e+002 -2.1000000e-002  1.0000000e-003
  7.7560000e+003  7.7180000e+002 -2.1000000e-002  1.0000000e-003
  7.7770000e+003  7.7350000e+002 -2.1000000e-002  1.0000000e-003
  7.7970000e+003  7.7610000e+002 -2.1000000e-002  1.0000000e-003
  7.8170000e+003  7.7800000e+002 -2.1000000e-002  1.0000000e-003
  7.8370000e+003  7.8000000e+002 -2.1000000e-002  1.0000000e-003
  7.8570000e+003  7.8140000e+002 -2.1000000e-002  1.0000000e-003
  7.8770000e+003  7.8350000e+002 -2.1000000e-002  1.0000000e-003
  7.8970000e+003  7.8590000e+002 -2.1000000e-002  1.0000000e-003
  7.9170000e+003  7.8770000e+002 -2.1000000e-002  1.0000000e-003
  7.9370000e+003  7.8990000e+002 -2.1000000e-002  1.0000000e-003
  7.9570000e+003  7.9220000e+002 -2.1000000e-002  1.0000000e-003
  7.9780000e+003  7.9470000e+002 -2.1000000e-002  1.0000000e-003
  7.9980000e+003  7.9590000e+002 -2.2000000e-002  1.0000000e-003
  8.0180000e+003  7.9890000e+002 -2.2000000e-002  1.0000000e-003
  8.0380000e+003  8.0030000e+002 -2.2000000e-002  1.0000000e-003
  8.0580000e+003  8.0260000e+002 -2.2000000e-002  1.0000000e-003
  8.0780000e+003  8.0450000e+002 -2.2000000e-002  1.0000000e-003
  8.0980000e+003  8.0660000e+002 -2.2000000e-002  1.0000000e-003
  8.1180000e+003  8.0900000e+002 -2.2000000e-002  1.0000000e-003
  8.1380000e+003  8.1110000e+002 -2.2000000e-002  1.0000000e-003
  8.1580000e+003  8.1250000e+002 -2.2000000e-002  1.0000000e-003
  8.1780000e+003  8.1430000e+002 -2.2000000e-002  1.0000000e-003
  8.1980000e+003  8.1710000e+002 -2.2000000e-002  1.0000000e-003
  8.2180000e+003  8.1900000e+002 -2.3000000e-002  1.0000000e-003
  8.2400000e+003  8.2110000e+002 -2.3000000e-002  1.0000000e-003
  8.2630000e+003  8.2350000e+002 -2.3000000e-002  1.0000000e-003
  8.2830000e+003  8.2550000e+002 -2.3000000e-002  1.0000000e-003
  8.3030000e+003  8.2740000e+002 -2.3000000e-002  1.0000000e-003
  8.3250000e+003  8.2930000e+002 -2.3000000e-002  1.0000000e-003
  8.3450000e+003  8.3140000e+002 -2.3000000e-002  1.0000000e-003
  8.3690000e+003  8.3420000e+002 -2.4000000e-002  1.0000000e-003
  8.3890000e+003  8.3610000e+002 -2.4000000e-002  1.0000000e-003
  8.4100000e+003  8.3880000e+002 -2.4000000e-002  1.0000000e-003
  8.4300000e+003  8.4050000e+002 -2.4000000e-002  1.0000000e-003
  8.4500000e+003  8.4230000e+002 -2.4000000e-002  1.0000000e-003
  8.4700000e+003  8.4490000e+002 -2.4000000e-002  1.0000000e-003
  8.4900000e+003  8.4680000e+002 -2.5000000e-002  1.0000000e-003
  8.5100000e+003  8.4880000e+002 -2.5000000e-002  1.0000000e-003
  8.5300000e+003  8.5030000e+002 -2.5000000e-002  1.0000000e-003
  8.5500000e+003  8.5300000e+002 -2.5000000e-002  1.0000000e-003
  8.5700000e+003  8.5450000e+002 -2.6000000e-002  1.0000000e-003
  8.5900000e+003  8.5650000e+002 -2.6000000e-002  1.0000000e-003
  8.6100000e+003  8.5910000e+002 -2.6000000e-002  1.0000000e-003
  8.6300000e+003  8.6080000e+002 -2.6000000e-002  1.0000000e-003
  8.6500000e+003  8.6280000e+002 -2.6000000e-002  1.0000000e-003
  8.6700000e+003  8.6500000e+002 -2.7000000e-002  1.0000000e-003
  8.6900000e+003  8.6680000e+002 -2.7000000e-002  1.0000000e-003
  8.7100000e+003  8.6940000e+002 -2.7000000e-002  1.0000000e-003
  8.7300000e+003  8.7150000e+002 -2.7000000e-002  1.0000000e-003
  8.7500000e+003  8.7380000e+002 -2.8000000e-002  1.0000000e-003
  8.7700000e+003  8.7520000e+002 -2.8000000e-002  1.0000000e-003
  8.7900000e+003  8.7710000e+002 -2.8000000e-002  1.0000000e-003
  8.8100000e+003  8.7970000e+002 -2.9000000e-002  1.0000000e-003
  8.8300000e+003  8.8150000e+002 -2.9000000e-002  1.0000000e-003
  8.8500000e+003  8.8340000e+002 -3.0000000e-002  1.0000000e-003
  8.8700000e+003  8.8620000e+002 -3.0000000e-002  1.0000000e-003
  8.8910000e+003  8.8800000e+002 -3.0000000e-002  1.0000000e-003
  8.9110000e+003  8.8930000e+002 -3.1000000e-002  1.0000000e-003
  8.9310000e+003  8.9230000e+002 -3.1000000e-002  1.0000000e-003
  8.9510000e+003  8.9410000e+002 -3.2000000e-002  1.0000000e-003
  8.9710000e+003  8.9580000e+002 -3.2000000e-002  1.0000000e-003
  8.9910000e+003  8.9760000e+002 -3.3000000e-002  1.0000000e-003
  9.0110000e+003  8.9980000e+002 -3.4000000e-002  1.0000000e-003
  9.0310000e+003  9.0210000e+002 -3.4000000e-002  1.0000000e-003
  9.0520000e+003  9.0440000e+002 -3.5000000e-002  1.0000000e-003
  9.0760000e+003  9.0670000e+002 -3.6000000e-002  1.0000000e-003
  9.0960000e+003  9.0930000e+002 -3.7000000e-002  1.0000000e-003
  9.1160000e+003  9.1110000e+002 -3.7000000e-002  1.0000000e-003
  9.1360000e+003  9.1260000e+002 -3.8000000e-002  1.0000000e-003
  9.1570000e+003  9.1470000e+002 -3.9000000e-002  1.0000000e-003
  9.1770000e+003  9.1720000e+002 -4.0000000e-002  1.0000000e-003
  9.1970000e+003  9.1860000e+002 -4.0000000e-002  1.0000000e-003
  9.2170000e+003  9.2120000e+002 -4.1000000e-002  1.0000000e-003
  9.2370000e+003  9.2330000e+002 -4.2000000e-002  1.0000000e-003
  9.2570000e+003  9.2500000e+002 -4.3000000e-002  1.0000000e-003
  9.2770000e+003  9.2770000e+002 -4.5000000e-002  1.0000000e-003
  9.2970000e+003  9.2890000e+002 -4.6000000e-002  1.0000000e-003
  9.3170000e+003  9.3140000e+002 -4.7000000e-002  1.0000000e-003
  9.3370000e+003  9.3350000e+002 -4.8000000e-002  1.0000000e-003
  9.3570000e+003  9.3540000e+002 -4.9000000e-002  1.0000000e-003
  9.3770000e+003  9.3780000e+002 -5.0000000e-002  1.0000000e-003
  9.3970000e+003  9.3960000e+002 -5.1000000e-002  1.0000000e-003
  9.4170000e+003  9.4120000e+002 -5.3000000e-002  1.0000000e-003
  9.4370000e+003  9.4390000e+002 -5.4000000e-002  1.0000000e-003
  9.4570000e+003  9.4520000e+002 -5.6000000e-002  1.0000000e-003
  9.4770000e+003  9.4780000e+002 -5.7000000e-002  1.0000000e-003
  9.4970000e+003  9.4950000e+002 -5.9000000e-002  1.0000000e-003
  9.5180000e+003  9.5200000e+002 -6.0000000e-002  1.0000000e-003
  9.5380000e+003  9.5380000e+002 -6.2000000e-002  1.0000000e-003
  9.5580000e+003  9.5600000e+002 -6.4000000e-002  1.0000000e-003
  9.5780000e+003  9.5780000e+002 -6.6000000e-002  1.0000000e-003
  9.5980000e+003  9.6020000e+002 -6.8000000e-002  1.0000000e-003
  9.6180000e+003  9.6250000e+002 -6.9000000e-002  1.0000000e-003
  9.6380000e+003  9.6430000e+002 -7.1000000e-002  1.0000000e-003
  9.6580000e+003  9.6600000e+002 -7.4000000e-002  1.0000000e-003
  9.6780000e+003  9.6770000e+002 -7.6000000e-002  1.0000000e-003
  9.6980000e+003  9.7000000e+002 -7.8000000e-002  1.0000000e-003
  9.7180000e+003  9.7210000e+002 -8.0000000e-002  1.0000000e-003
  9.7390000e+003  9.7440000e+002 -8.2000000e-002  1.0000000e-003
  9.7630000e+003  9.7680000e+002 -8.5000000e-002  1.0000000e-003
  9.7840000e+003  9.7890000e+002 -8.8000000e-002  1.0000000e-003
  9.8040000e+003  9.8110000e+002 -9.0000000e-002  1.0000000e-003
  9.8240000e+003  9.8330000e+002 -9.2000000e-002  1.0000000e-003
  9.8440000e+003  9.8540000e+002 -9.5000000e-002  1.0000000e-003
  9.8640000e+003  9.8750000e+002 -9.8000000e-002  1.0000000e-003
  9.8840000e+003  9.8960000e+002 -1.0000000e-001  1.0000000e-003
  9.9040000e+003  9.9140000e+002 -1.0400000e-001  1.0000000e-003
  9.9240000e+003  9.9350000e+002 -1.0600000e-001  1.0000000e-003
  9.9440000e+003  9.9610000e+002 -1.0800000e-001  1.0000000e-003
  9.9640000e+003  9.9790000e+002 -1.1200000e-001  1.0000000e-003
  9.9840000e+003  9.9990000e+002 -1.1600000e-001  1.0000000e-003
  1.0004000e+004  1.0013000e+003 -1.1900000e-001  1.0000000e-003
  1.0024000e+004  1.0040000e+003 -1.2200000e-001  1.0000000e-003
  1.0044000e+004  1.0063000e+003 -1.2600000e-001  1.0000000e-003
  1.0064000e+004  1.0080000e+003 -1.2900000e-001  1.0000000e-003
  1.0084000e+004  1.0098000e+003 -1.3200000e-001  1.0000000e-003
  1.0104000e+004  1.0117000e+003 -1.3600000e-001  1.0000000e-003
  1.0124000e+004  1.0138000e+003 -1.4000000e-001  1.0000000e-003
  1.0144000e+004  1.0161000e+003 -1.4300000e-001  1.0000000e-003
  1.0164000e+004  1.0187000e+003 -1.4700000e-001  1.0000000e-003
  1.0184000e+004  1.0203000e+003 -1.5100000e-001  1.0000000e-003
  1.0204000e+004  1.0223000e+003 -1.5600000e-001  1.0000000e-003
  1.0224000e+004  1.0246000e+003 -1.5900000e-001  1.0000000e-003
  1.0244000e+004  1.0266000e+003 -1.6400000e-001  1.0000000e-003
  1.0264000e+004  1.0286000e+003 -1.6800000e-001  1.0000000e-003
  1.0285000e+004  1.0297000e+003 -1.7200000e-001  1.0000000e-003
  1.0305000e+004  1.0328000e+003 -1.7700000e-001  1.0000000e-003
  1.0325000e+004  1.0346000e+003 -1.8100000e-001  1.0000000e-003
  1.0345000e+004  1.0367000e+003 -1.8600000e-001  1.0000000e-003
  1.0365000e+004  1.0388000e+003 -1.9000000e-001  1.0000000e-003
  1.0385000e+004  1.0404000e+003 -1.9600000e-001  1.0000000e-003
  1.0405000e+004  1.0432000e+003 -2.0000000e-001  1.0000000e-003
  1.0425000e+004  1.0448000e+003 -2.0600000e-001  1.0000000e-003
  1.0445000e+004  1.0474000e+003 -2.1000000e-001  1.0000000e-003
  1.0465000e+004  1.0495000e+003 -2.1500000e-001  1.0000000e-003
  1.0485000e+004  1.0507000e+003 -2.2100000e-001  1.0000000e-003
  1.0505000e+004  1.0532000e+003 -2.2600000e-001  1.0000000e-003
  1.0525000e+004  1.0554000e+003 -2.3100000e-001  1.0000000e-003
  1.0546000e+004  1.0568000e+003 -2.3700000e-001  1.0000000e-003
  1.0566000e+004  1.0595000e+003 -2.4200000e-001  1.0000000e-003
  1.0586000e+004  1.0615000e+003 -2.4800000e-001  1.0000000e-003
  1.0606000e+004  1.0638000e+003 -2.5300000e-001  1.0000000e-003
  1.0626000e+004  1.0658000e+003 -2.5900000e-001  1.0000000e-003
  1.0646000e+004  1.0678000e+003 -2.6500000e-001  1.0000000e-003
  1.0666000e+004  1.0701000e+003 -2.7100000e-001  1.0000000e-003
  1.0686000e+004  1.0720000e+003 -2.7700000e-001  1.0000000e-003
  1.0706000e+004  1.0738000e+003 -2.8300000e-001  1.0000000e-003
  1.0726000e+004  1.0756000e+003 -2.8900000e-001  1.0000000e-003
  1.0746000e+004  1.0780000e+003 -2.9500000e-001  1.0000000e-003
  1.0766000e+004  1.0798000e+003 -3.0200000e-001  1.0000000e-003
  1.0786000e+004  1.0817000e+003 -3.0800000e-001  1.0000000e-003
  1.0806000e+004  1.0838000e+003 -3.1500000e-001  1.0000000e-003
  1.0826000e+004  1.0857000e+003 -3.2100000e-001  1.0000000e-003
  1.0847000e+004  1.0882000e+003 -3.2800000e-001  1.0000000e-003
  1.0867000e+004  1.0903000e+003 -3.3500000e-001  1.0000000e-003
  1.0887000e+004  1.0925000e+003 -3.4100000e-001  1.0000000e-003
  1.0907000e+004  1.0944000e+003 -3.4900000e-001  1.0000000e-003
  1.0927000e+004  1.0966000e+003 -3.5600000e-001  1.0000000e-003
  1.0947000e+004  1.0981000e+003 -3.6300000e-001  1.0000000e-003
  1.0967000e+004  1.1009000e+003 -3.7000000e-001  1.0000000e-003
  1.0987000e+004  1.1030000e+003 -3.7800000e-001  1.0000000e-003
  1.1007000e+004  1.1046000e+003 -3.8500000e-001  1.0000000e-003
  1.1027000e+004  1.1069000e+003 -3.9300000e-001  1.0000000e-003
  1.1047000e+004  1.1088000e+003 -4.0000000e-001  1.0000000e-003
  1.1067000e+004  1.1114000e+003 -4.0800000e-001  1.0000000e-003
  1.1087000e+004  1.1132000e+003 -4.1600000e-001  1.0000000e-003
  1.1107000e+004  1.1153000e+003 -4.2400000e-001  1.0000000e-003
  1.1127000e+004  1.1175000e+003 -4.3200000e-001  1.0000000e-003
  1.1147000e+004  1.1197000e+003 -4.4000000e-001  1.0000000e-003
  1.1167000e+004  1.1216000e+003 -4.4900000e-001  1.0000000e-003
  1.1187000e+004  1.1235000e+003 -4.5700000e-001  1.0000000e-003
  1.1207000e+004  1.1253000e+003 -4.6600000e-001  1.0000000e-003
  1.1227000e+004  1.1273000e+003 -4.7400000e-001  1.0000000e-003
  1.1247000e+004  1.1296000e+003 -4.8300000e-001  1.0000000e-003
  1.1267000e+004  1.1319000e+003 -4.9100000e-001  1.0000000e-003
  1.1287000e+004  1.1336000e+003 -5.0100000e-001  1.0000000e-003
  1.1307000e+004  1.1361000e+003 -5.1000000e-001  1.0000000e-003
  1.1328000e+004  1.1378000e+003 -5.1900000e-001  1.0000000e-003
  1.1352000e+004  1.1403000e+003 -5.3100000e-001  1.0000000e-003
  1.1372000e+004  1.1426000e+003 -5.4000000e-001  1.0000000e-003
  1.1393000e+004  1.1445000e+003 -5.4900000e-001  1.0000000e-003
  1.1413000e+004  1.1468000e+003 -5.5900000e-001  1.0000000e-003
  1.1433000e+004  1.1487000e+003 -5.6900000e-001  1.0000000e-003
  1.1453000e+004  1.1510000e+003 -5.7900000e-001  1.0000000e-003
  1.1473000e+004  1.1531000e+003 -5.8900000e-001  1.0000000e-003
  1.1493000e+004  1.1552000e+003 -5.9900000e-001  1.0000000e-003
  1.1513000e+004  1.1573000e+003 -6.0900000e-001  1.0000000e-003
  1.1533000e+004  1.1597000e+003 -6.1900000e-001  1.0000000e-003
  1.1553000e+004  1.1613000e+003 -6.2900000e-001  1.0000000e-003
  1.1573000e+004  1.1634000e+003 -6.4000000e-001  1.0000000e-003
  1.1593000e+004  1.1655000e+003 -6.5000000e-001  1.0000000e-003
  1.1613000e+004  1.1671000e+003 -6.6000000e-001  1.0000000e-003
  1.1633000e+004  1.1695000e+003 -6.7000000e-001  1.0000000e-003
  1.1653000e+004  1.1718000e+003 -6.8100000e-001  1.0000000e-003
  1.1673000e+004  1.1736000e+003 -6.9100000e-001  1.0000000e-003
  1.1693000e+004  1.1758000e+003 -7.0200000e-001  1.0000000e-003
  1.1713000e+004  1.1783000e+003 -7.1300000e-001  1.0000000e-003
  1.1733000e+004  1.1802000e+003 -7.2400000e-001  1.0000000e-003
  1.1754000e+004  1.1820000e+003 -7.3400000e-001  1.0000000e-003
  1.1774000e+004  1.1841000e+003 -7.4600000e-001  1.0000000e-003
  1.1794000e+004  1.1860000e+003 -7.5700000e-001  1.0000000e-003
  1.1814000e+004  1.1884000e+003 -7.6800000e-001  1.0000000e-003
  1.1834000e+004  1.1907000e+003 -7.7800000e-001  1.0000000e-003
  1.1854000e+004  1.1924000e+003 -7.8900000e-001  1.0000000e-003
  1.1874000e+004  1.1946000e+003 -8.0000000e-001  1.0000000e-003
  1.1894000e+004  1.1967000e+003 -8.1100000e-001  1.0000000e-003
  1.1914000e+004  1.1986000e+003 -8.2200000e-001  1.0000000e-003
  1.1934000e+004  1.2005000e+003 -8.3300000e-001  1.0000000e-003
  1.1954000e+004  1.2028000e+003 -8.4400000e-001  1.0000000e-003
  1.1974000e+004  1.2052000e+003 -8.5500000e-001  1.0000000e-003
  1.1994000e+004  1.2073000e+003 -8.6600000e-001  1.0000000e-003
  1.2014000e+004  1.2094000e+003 -8.7800000e-001  1.0000000e-003
  1.2035000e+004  1.2115000e+003 -8.8900000e-001  1.0000000e-003
  1.2055000e+004  1.2134000e+003 -9.0000000e-001  1.0000000e-003
  1.2075000e+004  1.2161000e+003 -9.1100000e-001  1.0000000e-003
  1.2095000e+004  1.2178000e+003 -9.2200000e-001  1.0000000e-003
  1.2115000e+004  1.2198000e+003 -9.3300000e-001  1.0000000e-003
  1.2135000e+004  1.2218000e+003 -9.4400000e-001  1.0000000e-003
  1.2155000e+004  1.2241000e+003 -9.5600000e-001  1.0000000e-003
  1.2175000e+004  1.2264000e+003 -9.6700000e-001  1.0000000e-003
  1.2195000e+004  1.2283000e+003 -9.7700000e-001  1.0000000e-003
  1.2215000e+004  1.2304000e+003 -9.8800000e-001  1.0000000e-003
  1.2235000e+004  1.2325000e+003 -9.9900000e-001  1.0000000e-003
  1.2255000e+004  1.2343000e+003 -1.0100000e+000  1.0000000e-003
  1.2276000e+004  1.2360000e+003 -1.0200000e+000  1.0000000e-003
  1.2296000e+004  1.2383000e+003 -1.0310000e+000  1.0000000e-003
  1.2316000e+004  1.2408000e+003 -1.0410000e+000  1.0000000e-003
  1.2336000e+004  1.2423000e+003 -1.0520000e+000  1.0000000e-003
  1.2356000e+004  1.2448000e+003 -1.0620000e+000  1.0000000e-003
  1.2376000e+004  1.2470000e+003 -1.0730000e+000  1.0000000e-003
  1.2396000e+004  1.2490000e+003 -1.0830000e+000  1.0000000e-003
  1.2416000e+004  1.2513000e+003 -1.0930000e+000  1.0000000e-003
  1.2436000e+004  1.2527000e+003 -1.1040000e+000  1.0000000e-003
  1.2456000e+004  1.2549000e+003 -1.1140000e+000  1.0000000e-003
  1.2476000e+004  1.2570000e+003 -1.1240000e+000  1.0000000e-003
  1.2496000e+004  1.2588000e+003 -1.1340000e+000  1.0000000e-003
  1.2516000e+004  1.2614000e+003 -1.1430000e+000  1.0000000e-003
  1.2536000e+004  1.2633000e+003 -1.1540000e+000  1.0000000e-003
  1.2556000e+004  1.2653000e+003 -1.1630000e+000  1.0000000e-003
  1.2577000e+004  1.2677000e+003 -1.1720000e+000  1.0000000e-003
  1.2597000e+004  1.2695000e+003 -1.1820000e+000  1.0000000e-003
  1.2617000e+004  1.2712000e+003 -1.1920000e+000  1.0000000e-003
  1.2637000e+004  1.2737000e+003 -1.2010000e+000  1.0000000e-003
  1.2657000e+004  1.2758000e+003 -1.2100000e+000  1.0000000e-003
  1.2677000e+004  1.2778000e+003 -1.2190000e+000  1.0000000e-003
  1.2697000e+004  1.2801000e+003 -1.2290000e+000  1.0000000e-003
  1.2717000e+004  1.2819000e+003 -1.2380000e+000  1.0000000e-003
  1.2737000e+004  1.2843000e+003 -1.2470000e+000  1.0000000e-003
  1.2757000e+004  1.2863000e+003 -1.2550000e+000  1.0000000e-003
  1.2777000e+004  1.2884000e+003 -1.2640000e+000  1.0000000e-003
  1.2797000e+004  1.2908000e+003 -1.2720000e+000  1.0000000e-003
  1.2817000e+004  1.2927000e+003 -1.2810000e+000  1.0000000e-003
  1.2837000e+004  1.2952000e+003 -1.2900000e+000  1.0000000e-003
  1.2857000e+004  1.2969000e+003 -1.2980000e+000  1.0000000e-003
  1.2877000e+004  1.2990000e+003 -1.3060000e+000  1.0000000e-003
  1.2898000e+004  1.3011000e+003 -1.3140000e+000  1.0000000e-003
  1.2918000e+004  1.3032000e+003 -1.3220000e+000  1.0000000e-003
  1.2938000e+004  1.3050000e+003 -1.3300000e+000  1.0000000e-003
  1.2958000e+004  1.3071000e+003 -1.3370000e+000  1.0000000e-003
  1.2978000e+004  1.3093000e+003 -1.3450000e+000  1.0000000e-003
  1.2998000e+004  1.3113000e+003 -1.3520000e+000  1.0000000e-003
  1.3018000e+004  1.3134000e+003 -1.3590000e+000  1.0000000e-003
  1.3038000e+004  1.3158000e+003 -1.3670000e+000  1.0000000e-003
  1.3058000e+004  1.3179000e+003 -1.3730000e+000  1.0000000e-003
  1.3078000e+004  1.3195000e+003 -1.3810000e+000  1.0000000e-003
  1.3098000e+004  1.3214000e+003 -1.3870000e+000  1.0000000e-003
  1.3118000e+004  1.3233000e+003 -1.3940000e+000  1.0000000e-003
  1.3138000e+004  1.3254000e+003 -1.4000000e+000  1.0000000e-003
  1.3158000e+004  1.3279000e+003 -1.4070000e+000  1.0000000e-003
  1.3178000e+004  1.3295000e+003 -1.4120000e+000  1.0000000e-003
  1.3198000e+004  1.3319000e+003 -1.4190000e+000  1.0000000e-003
  1.3218000e+004  1.3338000e+003 -1.4250000e+000  1.0000000e-003
  1.3239000e+004  1.3358000e+003 -1.4310000e+000  1.0000000e-003
  1.3259000e+004  1.3380000e+003 -1.4370000e+000  1.0000000e-003
  1.3279000e+004  1.3403000e+003 -1.4430000e+000  1.0000000e-003
  1.3299000e+004  1.3422000e+003 -1.4490000e+000  1.0000000e-003
  1.3319000e+004  1.3440000e+003 -1.4530000e+000  1.0000000e-003
  1.3339000e+004  1.3459000e+003 -1.4590000e+000  1.0000000e-003
  1.3359000e+004  1.3480000e+003 -1.4640000e+000  1.0000000e-003
  1.3379000e+004  1.3503000e+003 -1.4690000e+000  1.0000000e-003
  1.3399000e+004  1.3522000e+003 -1.4750000e+000  1.0000000e-003
  1.3419000e+004  1.3545000e+003 -1.4790000e+000  1.0000000e-003
  1.3439000e+004  1.3566000e+003 -1.4850000e+000  1.0000000e-003
  1.3459000e+004  1.3587000e+003 -1.4890000e+000  1.0000000e-003
  1.3480000e+004  1.3606000e+003 -1.4930000e+000  1.0000000e-003
  1.3504000e+004  1.3634000e+003 -1.4990000e+000  1.0000000e-003
  1.3524000e+004  1.3657000e+003 -1.5040000e+000  1.0000000e-003
  1.3545000e+004  1.3676000e+003 -1.5080000e+000  1.0000000e-003
  1.3565000e+004  1.3696000e+003 -1.5120000e+000  1.0000000e-003
  1.3585000e+004  1.3715000e+003 -1.5170000e+000  1.0000000e-003
  1.3605000e+004  1.3736000e+003 -1.5200000e+000  1.0000000e-003
  1.3625000e+004  1.3757000e+003 -1.5240000e+000  1.0000000e-003
  1.3645000e+004  1.3778000e+003 -1.5280000e+000  1.0000000e-003
  1.3665000e+004  1.3801000e+003 -1.5310000e+000  1.0000000e-003
  1.3685000e+004  1.3820000e+003 -1.5350000e+000  1.0000000e-003
  1.3705000e+004  1.3839000e+003 -1.5390000e+000  1.0000000e-003
  1.3725000e+004  1.3862000e+003 -1.5420000e+000  1.0000000e-003
  1.3745000e+004  1.3879000e+003 -1.5450000e+000  1.0000000e-003
  1.3765000e+004  1.3900000e+003 -1.5480000e+000  1.0000000e-003
  1.3785000e+004  1.3923000e+003 -1.5510000e+000  1.0000000e-003
  1.3805000e+004  1.3941000e+003 -1.5550000e+000  1.0000000e-003
  1.3825000e+004  1.3956000e+003 -1.5580000e+000  1.0000000e-003
