  0.0000000e+000  1.9400000e+001  0.0000000e+000  1.0000000e-003
  2.1000000e+001  1.9400000e+001  0.0000000e+000  1.0000000e-003
  4.6000000e+001  1.9400000e+001  0.0000000e+000  1.0000000e-003
  6.6000000e+001  1.9300000e+001  0.0000000e+000  1.0000000e-003
  8.6000000e+001  1.9300000e+001  0.0000000e+000  1.0000000e-003
  1.0600000e+002  1.9100000e+001  0.0000000e+000  1.0000000e-003
  1.2600000e+002  1.9100000e+001  0.0000000e+000  1.0000000e-003
  1.4600000e+002  1.8900000e+001  0.0000000e+000  1.0000000e-003
  1.6600000e+002  1.9300000e+001  0.0000000e+000  1.0000000e-003
  1.8600000e+002  1.9800000e+001  0.0000000e+000  1.0000000e-003
  2.0600000e+002  1.9600000e+001  0.0000000e+000  1.0000000e-003
  2.2600000e+002  2.0100000e+001  0.0000000e+000  1.0000000e-003
  2.4600000e+002  1.9600000e+001 -1.0000000e-003  1.0000000e-003
  2.6600000e+002  2.0100000e+001 -1.0000000e-003  1.0000000e-003
  2.8600000e+002  2.0800000e+001 -1.0000000e-003  1.0000000e-003
  3.0600000e+002  2.1000000e+001 -1.0000000e-003  1.0000000e-003
  3.2600000e+002  2.1500000e+001 -1.0000000e-003  1.0000000e-003
  3.4600000e+002  2.1700000e+001 -2.0000000e-003  1.0000000e-003
  3.6600000e+002  2.2400000e+001 -2.0000000e-003  1.0000000e-003
  3.8600000e+002  2.3100000e+001 -2.0000000e-003  1.0000000e-003
  4.0600000e+002  2.4000000e+001 -2.0000000e-003  1.0000000e-003
  4.2600000e+002  2.4300000e+001 -3.0000000e-003  1.0000000e-003
  4.4600000e+002  2.5400000e+001 -3.0000000e-003  1.0000000e-003
  4.6600000e+002  2.6300000e+001 -3.0000000e-003  1.0000000e-003
  4.8600000e+002  2.7300000e+001 -3.0000000e-003  1.0000000e-003
  5.0600000e+002  2.8200000e+001 -4.0000000e-003  1.0000000e-003
  5.2600000e+002  2.9200000e+001 -4.0000000e-003  1.0000000e-003
  5.4600000e+002  3.0100000e+001 -4.0000000e-003  1.0000000e-003
  5.6600000e+002  3.1300000e+001 -5.0000000e-003  1.0000000e-003
  5.8600000e+002  3.2500000e+001 -5.0000000e-003  1.0000000e-003
  6.0600000e+002  3.3800000e+001 -6.0000000e-003  1.0000000e-003
  6.2600000e+002  3.5000000e+001 -6.0000000e-003  1.0000000e-003
  6.4600000e+002  3.6400000e+001 -6.0000000e-003  1.0000000e-003
  6.6600000e+002  3.8000000e+001 -6.0000000e-003  1.0000000e-003
  6.8600000e+002  3.9900000e+001 -6.0000000e-003  1.0000000e-003
  7.0600000e+002  4.1300000e+001 -7.0000000e-003  1.0000000e-003
  7.2600000e+002  4.2900000e+001 -7.0000000e-003  1.0000000e-003
  7.4600000e+002  4.4800000e+001 -7.0000000e-003  1.0000000e-003
  7.6600000e+002  4.6200000e+001 -8.0000000e-003  1.0000000e-003
  7.8600000e+002  4.8100000e+001 -8.0000000e-003  1.0000000e-003
  8.0600000e+002  5.0000000e+001 -8.0000000e-003  1.0000000e-003
  8.2600000e+002  5.2000000e+001 -8.0000000e-003  1.0000000e-003
  8.4600000e+002  5.4300000e+001 -9.0000000e-003  1.0000000e-003
  8.6600000e+002  5.6400000e+001 -9.0000000e-003  1.0000000e-003
  8.8600000e+002  5.8400000e+001 -9.0000000e-003  1.0000000e-003
  9.0600000e+002  6.1100000e+001 -9.0000000e-003  1.0000000e-003
  9.2600000e+002  6.3300000e+001 -1.0000000e-002  1.0000000e-003
  9.4600000e+002  6.6000000e+001 -1.0000000e-002  1.0000000e-003
  9.6600000e+002  6.8300000e+001 -1.0000000e-002  1.0000000e-003
  9.8600000e+002  7.0900000e+001 -1.1000000e-002  1.0000000e-003
  1.0060000e+003  7.3500000e+001 -1.1000000e-002  1.0000000e-003
  1.0260000e+003  7.6300000e+001 -1.1000000e-002  1.0000000e-003
  1.0460000e+003  7.8900000e+001 -1.1000000e-002  1.0000000e-003
  1.0660000e+003  8.1700000e+001 -1.1000000e-002  1.0000000e-003
  1.0860000e+003  8.4500000e+001 -1.2000000e-002  1.0000000e-003
  1.1060000e+003  8.7500000e+001 -1.2000000e-002  1.0000000e-003
  1.1260000e+003  9.0600000e+001 -1.2000000e-002  1.0000000e-003
  1.1460000e+003  9.3800000e+001 -1.2000000e-002  1.0000000e-003
  1.1660000e+003  9.7100000e+001 -1.2000000e-002  1.0000000e-003
  1.1860000e+003  1.0040000e+002 -1.3000000e-002  1.0000000e-003
  1.2060000e+003  1.0390000e+002 -1.3000000e-002  1.0000000e-003
  1.2260000e+003  1.0710000e+002 -1.3000000e-002  1.0000000e-003
  1.2460000e+003  1.1040000e+002 -1.3000000e-002  1.0000000e-003
  1.2660000e+003  1.1370000e+002 -1.3000000e-002  1.0000000e-003
  1.2860000e+003  1.1690000e+002 -1.3000000e-002  1.0000000e-003
  1.3060000e+003  1.2080000e+002 -1.3000000e-002  1.0000000e-003
  1.3260000e+003  1.2410000e+002 -1.3000000e-002  1.0000000e-003
  1.3460000e+003  1.2790000e+002 -1.3000000e-002  1.0000000e-003
  1.3660000e+003  1.3180000e+002 -1.3000000e-002  1.0000000e-003
  1.3860000e+003  1.3560000e+002 -1.4000000e-002  1.0000000e-003
  1.4060000e+003  1.3970000e+002 -1.4000000e-002  1.0000000e-003
  1.4260000e+003  1.4370000e+002 -1.4000000e-002  1.0000000e-003
  1.4460000e+003  1.4750000e+002 -1.4000000e-002  1.0000000e-003
  1.4660000e+003  1.5190000e+002 -1.4000000e-002  1.0000000e-003
  1.4860000e+003  1.5560000e+002 -1.4000000e-002  1.0000000e-003
  1.5060000e+003  1.6000000e+002 -1.4000000e-002  1.0000000e-003
  1.5260000e+003  1.6360000e+002 -1.5000000e-002  1.0000000e-003
  1.5460000e+003  1.6800000e+002 -1.5000000e-002  1.0000000e-003
  1.5660000e+003  1.7220000e+002 -1.5000000e-002  1.0000000e-003
  1.5860000e+003  1.7640000e+002 -1.5000000e-002  1.0000000e-003
  1.6060000e+003  1.8080000e+002 -1.5000000e-002  1.0000000e-003
  1.6260000e+003  1.8520000e+002 -1.5000000e-002  1.0000000e-003
  1.6460000e+003  1.8950000e+002 -1.5000000e-002  1.0000000e-003
  1.6660000e+003  1.9440000e+002 -1.5000000e-002  1.0000000e-003
  1.6860000e+003  1.9920000e+002 -1.5000000e-002  1.0000000e-003
  1.7060000e+003  2.0320000e+002 -1.5000000e-002  1.0000000e-003
  1.7260000e+003  2.0770000e+002 -1.5000000e-002  1.0000000e-003
  1.7460000e+003  2.1250000e+002 -1.5000000e-002  1.0000000e-003
  1.7660000e+003  2.1720000e+002 -1.5000000e-002  1.0000000e-003
  1.7860000e+003  2.2170000e+002 -1.5000000e-002  1.0000000e-003
  1.8060000e+003  2.2660000e+002 -1.5000000e-002  1.0000000e-003
  1.8260000e+003  2.3100000e+002 -1.5000000e-002  1.0000000e-003
  1.8460000e+003  2.3590000e+002 -1.5000000e-002  1.0000000e-003
  1.8660000e+003  2.4060000e+002 -1.5000000e-002  1.0000000e-003
  1.8860000e+003  2.4550000e+002 -1.5000000e-002  1.0000000e-003
  1.9060000e+003  2.5060000e+002 -1.5000000e-002  1.0000000e-003
  1.9260000e+003  2.5550000e+002 -1.5000000e-002  1.0000000e-003
  1.9460000e+003  2.6060000e+002 -1.4000000e-002  1.0000000e-003
  1.9660000e+003  2.6570000e+002 -1.4000000e-002  1.0000000e-003
  1.9860000e+003  2.7090000e+002 -1.4000000e-002  1.0000000e-003
  2.0060000e+003  2.7580000e+002 -1.4000000e-002  1.0000000e-003
  2.0260000e+003  2.8040000e+002 -1.4000000e-002  1.0000000e-003
  2.0460000e+003  2.8540000e+002 -1.4000000e-002  1.0000000e-003
  2.0660000e+003  2.9050000e+002 -1.4000000e-002  1.0000000e-003
  2.0860000e+003  2.9580000e+002 -1.4000000e-002  1.0000000e-003
  2.1060000e+003  3.0080000e+002 -1.4000000e-002  1.0000000e-003
  2.1260000e+003  3.0570000e+002 -1.3000000e-002  1.0000000e-003
  2.1460000e+003  3.1100000e+002 -1.3000000e-002  1.0000000e-003
  2.1660000e+003  3.1600000e+002 -1.3000000e-002  1.0000000e-003
  2.1860000e+003  3.2130000e+002 -1.3000000e-002  1.0000000e-003
  2.2060000e+003  3.2670000e+002 -1.3000000e-002  1.0000000e-003
  2.2260000e+003  3.3180000e+002 -1.3000000e-002  1.0000000e-003
  2.2460000e+003  3.3700000e+002 -1.2000000e-002  1.0000000e-003
  2.2660000e+003  3.4230000e+002 -1.2000000e-002  1.0000000e-003
  2.2860000e+003  3.4770000e+002 -1.2000000e-002  1.0000000e-003
  2.3060000e+003  3.5310000e+002 -1.2000000e-002  1.0000000e-003
  2.3260000e+003  3.5820000e+002 -1.2000000e-002  1.0000000e-003
  2.3460000e+003  3.6330000e+002 -1.1000000e-002  1.0000000e-003
  2.3660000e+003  3.6850000e+002 -1.1000000e-002  1.0000000e-003
  2.3860000e+003  3.7380000e+002 -1.1000000e-002  1.0000000e-003
  2.4060000e+003  3.7900000e+002 -1.1000000e-002  1.0000000e-003
  2.4260000e+003  3.8410000e+002 -1.1000000e-002  1.0000000e-003
  2.4460000e+003  3.8970000e+002 -1.0000000e-002  1.0000000e-003
  2.4660000e+003  3.9500000e+002 -1.0000000e-002  1.0000000e-003
  2.4860000e+003  4.0020000e+002 -1.0000000e-002  1.0000000e-003
  2.5060000e+003  4.0550000e+002 -1.0000000e-002  1.0000000e-003
  2.5260000e+003  4.1070000e+002 -1.0000000e-002  1.0000000e-003
  2.5460000e+003  4.1600000e+002 -9.0000000e-003  1.0000000e-003
  2.5660000e+003  4.2140000e+002 -9.0000000e-003  1.0000000e-003
  2.5860000e+003  4.2660000e+002 -9.0000000e-003  1.0000000e-003
  2.6060000e+003  4.3170000e+002 -8.0000000e-003  1.0000000e-003
  2.6260000e+003  4.3710000e+002 -8.0000000e-003  1.0000000e-003
  2.6460000e+003  4.4260000e+002 -8.0000000e-003  1.0000000e-003
  2.6660000e+003  4.4780000e+002 -8.0000000e-003  1.0000000e-003
  2.6860000e+003  4.5310000e+002 -7.0000000e-003  1.0000000e-003
  2.7060000e+003  4.5800000e+002 -7.0000000e-003  1.0000000e-003
  2.7260000e+003  4.6320000e+002 -7.0000000e-003  1.0000000e-003
  2.7460000e+003  4.6860000e+002 -7.0000000e-003  1.0000000e-003
  2.7660000e+003  4.7390000e+002 -6.0000000e-003  1.0000000e-003
  2.7860000e+003  4.7900000e+002 -6.0000000e-003  1.0000000e-003
  2.8060000e+003  4.8390000e+002 -6.0000000e-003  1.0000000e-003
  2.8260000e+003  4.8930000e+002 -5.0000000e-003  1.0000000e-003
  2.8460000e+003  4.9470000e+002 -5.0000000e-003  1.0000000e-003
  2.8660000e+003  4.9980000e+002 -5.0000000e-003  1.0000000e-003
  2.8860000e+003  5.0470000e+002 -4.0000000e-003  1.0000000e-003
  2.9060000e+003  5.0990000e+002 -4.0000000e-003  1.0000000e-003
  2.9260000e+003  5.1520000e+002 -4.0000000e-003  1.0000000e-003
  2.9460000e+003  5.2010000e+002 -3.0000000e-003  1.0000000e-003
  2.9660000e+003  5.2550000e+002 -3.0000000e-003  1.0000000e-003
  2.9860000e+003  5.3040000e+002 -3.0000000e-003  1.0000000e-003
  3.0060000e+003  5.3550000e+002 -3.0000000e-003  1.0000000e-003
  3.0260000e+003  5.4090000e+002 -2.0000000e-003  1.0000000e-003
  3.0460000e+003  5.4580000e+002 -2.0000000e-003  1.0000000e-003
  3.0660000e+003  5.5090000e+002 -2.0000000e-003  1.0000000e-003
  3.0860000e+003  5.5600000e+002 -2.0000000e-003  1.0000000e-003
  3.1060000e+003  5.6090000e+002 -1.0000000e-003  1.0000000e-003
  3.1260000e+003  5.6600000e+002 -1.0000000e-003  1.0000000e-003
  3.1460000e+003  5.7080000e+002 -1.0000000e-003  1.0000000e-003
  3.1660000e+003  5.7580000e+002 -1.0000000e-003  1.0000000e-003
  3.1860000e+003  5.8050000e+002 -1.0000000e-003  1.0000000e-003
  3.2060000e+003  5.8540000e+002  0.0000000e+000  1.0000000e-003
  3.2260000e+003  5.9060000e+002  0.0000000e+000  1.0000000e-003
  3.2460000e+003  5.9550000e+002  0.0000000e+000  1.0000000e-003
  3.2660000e+003  6.0030000e+002  0.0000000e+000  1.0000000e-003
  3.2860000e+003  6.0500000e+002  0.0000000e+000  1.0000000e-003
  3.3060000e+003  6.0990000e+002  0.0000000e+000  1.0000000e-003
  3.3260000e+003  6.1480000e+002  1.0000000e-003  1.0000000e-003
  3.3460000e+003  6.2000000e+002  1.0000000e-003  1.0000000e-003
  3.3660000e+003  6.2460000e+002  1.0000000e-003  1.0000000e-003
  3.3860000e+003  6.2930000e+002  1.0000000e-003  1.0000000e-003
  3.4060000e+003  6.3420000e+002  1.0000000e-003  1.0000000e-003
  3.4260000e+003  6.3910000e+002  1.0000000e-003  1.0000000e-003
  3.4460000e+003  6.4400000e+002  2.0000000e-003  1.0000000e-003
  3.4660000e+003  6.4890000e+002  2.0000000e-003  1.0000000e-003
  3.4860000e+003  6.5350000e+002  2.0000000e-003  1.0000000e-003
  3.5060000e+003  6.5820000e+002  2.0000000e-003  1.0000000e-003
  3.5260000e+003  6.6270000e+002  2.0000000e-003  1.0000000e-003
  3.5460000e+003  6.6740000e+002  2.0000000e-003  1.0000000e-003
  3.5660000e+003  6.7200000e+002  3.0000000e-003  1.0000000e-003
  3.5860000e+003  6.7650000e+002  3.0000000e-003  1.0000000e-003
  3.6060000e+003  6.8130000e+002  3.0000000e-003  1.0000000e-003
  3.6260000e+003  6.8600000e+002  3.0000000e-003  1.0000000e-003
  3.6460000e+003  6.9050000e+002  3.0000000e-003  1.0000000e-003
  3.6660000e+003  6.9490000e+002  3.0000000e-003  1.0000000e-003
  3.6860000e+003  6.9930000e+002  3.0000000e-003  1.0000000e-003
  3.7060000e+003  7.0400000e+002  4.0000000e-003  1.0000000e-003
  3.7260000e+003  7.0860000e+002  4.0000000e-003  1.0000000e-003
  3.7460000e+003  7.1310000e+002  4.0000000e-003  1.0000000e-003
  3.7660000e+003  7.1800000e+002  4.0000000e-003  1.0000000e-003
  3.7860000e+003  7.2260000e+002  4.0000000e-003  1.0000000e-003
  3.8060000e+003  7.2700000e+002  4.0000000e-003  1.0000000e-003
  3.8260000e+003  7.3150000e+002  4.0000000e-003  1.0000000e-003
  3.8460000e+003  7.3620000e+002  4.0000000e-003  1.0000000e-003
  3.8660000e+003  7.4080000e+002  4.0000000e-003  1.0000000e-003
  3.8860000e+003  7.4500000e+002  4.0000000e-003  1.0000000e-003
  3.9060000e+003  7.4970000e+002  5.0000000e-003  1.0000000e-003
  3.9260000e+003  7.5440000e+002  5.0000000e-003  1.0000000e-003
  3.9460000e+003  7.5900000e+002  5.0000000e-003  1.0000000e-003
  3.9660000e+003  7.6330000e+002  5.0000000e-003  1.0000000e-003
  3.9860000e+003  7.6770000e+002  5.0000000e-003  1.0000000e-003
  4.0060000e+003  7.7210000e+002  5.0000000e-003  1.0000000e-003
  4.0260000e+003  7.7630000e+002  5.0000000e-003  1.0000000e-003
  4.0460000e+003  7.8080000e+002  5.0000000e-003  1.0000000e-003
  4.0660000e+003  7.8520000e+002  5.0000000e-003  1.0000000e-003
  4.0860000e+003  7.8940000e+002  5.0000000e-003  1.0000000e-003
  4.1060000e+003  7.9380000e+002  5.0000000e-003  1.0000000e-003
  4.1260000e+003  7.9800000e+002  5.0000000e-003  1.0000000e-003
  4.1460000e+003  8.0240000e+002  5.0000000e-003  1.0000000e-003
  4.1660000e+003  8.0690000e+002  5.0000000e-003  1.0000000e-003
  4.1860000e+003  8.1150000e+002  5.0000000e-003  1.0000000e-003
  4.2060000e+003  8.1530000e+002  5.0000000e-003  1.0000000e-003
  4.2260000e+003  8.1970000e+002  5.0000000e-003  1.0000000e-003
  4.2460000e+003  8.2390000e+002  4.0000000e-003  1.0000000e-003
  4.2660000e+003  8.2860000e+002  4.0000000e-003  1.0000000e-003
  4.2860000e+003  8.3320000e+002  4.0000000e-003  1.0000000e-003
  4.3060000e+003  8.3720000e+002  4.0000000e-003  1.0000000e-003
  4.3260000e+003  8.4140000e+002  4.0000000e-003  1.0000000e-003
  4.3460000e+003  8.4590000e+002  3.0000000e-003  1.0000000e-003
  4.3660000e+003  8.5030000e+002  3.0000000e-003  1.0000000e-003
  4.3860000e+003  8.5470000e+002  3.0000000e-003  1.0000000e-003
  4.4060000e+003  8.5890000e+002  3.0000000e-003  1.0000000e-003
  4.4260000e+003  8.6310000e+002  2.0000000e-003  1.0000000e-003
  4.4460000e+003  8.6770000e+002  2.0000000e-003  1.0000000e-003
  4.4660000e+003  8.7180000e+002  2.0000000e-003  1.0000000e-003
  4.4860000e+003  8.7620000e+002  1.0000000e-003  1.0000000e-003
  4.5060000e+003  8.8030000e+002  1.0000000e-003  1.0000000e-003
  4.5260000e+003  8.8460000e+002  0.0000000e+000  1.0000000e-003
  4.5460000e+003  8.8900000e+002  0.0000000e+000  1.0000000e-003
  4.5660000e+003  8.9320000e+002 -1.0000000e-003  1.0000000e-003
  4.5860000e+003  8.9720000e+002 -2.0000000e-003  1.0000000e-003
  4.6060000e+003  9.0180000e+002 -2.0000000e-003  1.0000000e-003
  4.6260000e+003  9.0580000e+002 -4.0000000e-003  1.0000000e-003
  4.6460000e+003  9.0980000e+002 -5.0000000e-003  1.0000000e-003
  4.6660000e+003  9.1400000e+002 -6.0000000e-003  1.0000000e-003
  4.6860000e+003  9.1840000e+002 -7.0000000e-003  1.0000000e-003
  4.7060000e+003  9.2280000e+002 -9.0000000e-003  1.0000000e-003
  4.7260000e+003  9.2680000e+002 -1.0000000e-002  1.0000000e-003
  4.7460000e+003  9.3120000e+002 -1.1000000e-002  1.0000000e-003
  4.7660000e+003  9.3500000e+002 -1.3000000e-002  1.0000000e-003
  4.7860000e+003  9.3960000e+002 -1.5000000e-002  1.0000000e-003
  4.8060000e+003  9.4390000e+002 -1.7000000e-002  1.0000000e-003
  4.8260000e+003  9.4820000e+002 -1.9000000e-002  1.0000000e-003
  4.8460000e+003  9.5200000e+002 -2.1000000e-002  1.0000000e-003
  4.8660000e+003  9.5640000e+002 -2.4000000e-002  1.0000000e-003
  4.8860000e+003  9.6080000e+002 -2.7000000e-002  1.0000000e-003
  4.9060000e+003  9.6510000e+002 -3.0000000e-002  1.0000000e-003
  4.9260000e+003  9.6950000e+002 -3.3000000e-002  1.0000000e-003
  4.9460000e+003  9.7370000e+002 -3.7000000e-002  1.0000000e-003
  4.9660000e+003  9.7770000e+002 -4.0000000e-002  1.0000000e-003
  4.9860000e+003  9.8210000e+002 -4.4000000e-002  1.0000000e-003
  5.0060000e+003  9.8650000e+002 -4.9000000e-002  1.0000000e-003
  5.0260000e+003  9.9070000e+002 -5.3000000e-002  1.0000000e-003
  5.0460000e+003  9.9490000e+002 -5.8000000e-002  1.0000000e-003
  5.0660000e+003  9.9870000e+002 -6.3000000e-002  1.0000000e-003
  5.0860000e+003  1.0029000e+003 -6.8000000e-002  1.0000000e-003
  5.1060000e+003  1.0073000e+003 -7.3000000e-002  1.0000000e-003
  5.1260000e+003  1.0115000e+003 -8.0000000e-002  1.0000000e-003
  5.1460000e+003  1.0157000e+003 -8.6000000e-002  1.0000000e-003
  5.1660000e+003  1.0197000e+003 -9.2000000e-002  1.0000000e-003
  5.1860000e+003  1.0239000e+003 -9.9000000e-002  1.0000000e-003
  5.2060000e+003  1.0280000e+003 -1.0600000e-001  1.0000000e-003
  5.2260000e+003  1.0323000e+003 -1.1300000e-001  1.0000000e-003
  5.2460000e+003  1.0367000e+003 -1.2100000e-001  1.0000000e-003
  5.2660000e+003  1.0407000e+003 -1.3000000e-001  1.0000000e-003
  5.2860000e+003  1.0448000e+003 -1.3800000e-001  1.0000000e-003
  5.3060000e+003  1.0489000e+003 -1.4700000e-001  1.0000000e-003
  5.3260000e+003  1.0533000e+003 -1.5600000e-001  1.0000000e-003
  5.3460000e+003  1.0573000e+003 -1.6500000e-001  1.0000000e-003
  5.3660000e+003  1.0615000e+003 -1.7500000e-001  1.0000000e-003
  5.3860000e+003  1.0658000e+003 -1.8500000e-001  1.0000000e-003
  5.4060000e+003  1.0698000e+003 -1.9500000e-001  1.0000000e-003
  5.4260000e+003  1.0740000e+003 -2.0600000e-001  1.0000000e-003
  5.4460000e+003  1.0783000e+003 -2.1700000e-001  1.0000000e-003
  5.4660000e+003  1.0826000e+003 -2.2800000e-001  1.0000000e-003
  5.4860000e+003  1.0869000e+003 -2.4000000e-001  1.0000000e-003
  5.5060000e+003  1.0911000e+003 -2.5300000e-001  1.0000000e-003
  5.5260000e+003  1.0955000e+003 -2.6600000e-001  1.0000000e-003
  5.5460000e+003  1.0997000e+003 -2.7900000e-001  1.0000000e-003
  5.5660000e+003  1.1041000e+003 -2.9200000e-001  1.0000000e-003
  5.5860000e+003  1.1083000e+003 -3.0600000e-001  1.0000000e-003
  5.6060000e+003  1.1123000e+003 -3.2000000e-001  1.0000000e-003
  5.6260000e+003  1.1168000e+003 -3.3500000e-001  1.0000000e-003
  5.6460000e+003  1.1210000e+003 -3.5000000e-001  1.0000000e-003
  5.6660000e+003  1.1253000e+003 -3.6600000e-001  1.0000000e-003
  5.6860000e+003  1.1293000e+003 -3.8200000e-001  1.0000000e-003
  5.7060000e+003  1.1333000e+003 -3.9800000e-001  1.0000000e-003
  5.7260000e+003  1.1377000e+003 -4.1500000e-001  1.0000000e-003
  5.7460000e+003  1.1421000e+003 -4.3200000e-001  1.0000000e-003
  5.7660000e+003  1.1463000e+003 -4.5000000e-001  1.0000000e-003
  5.7860000e+003  1.1504000e+003 -4.6800000e-001  1.0000000e-003
  5.8060000e+003  1.1543000e+003 -4.8700000e-001  1.0000000e-003
  5.8260000e+003  1.1587000e+003 -5.0600000e-001  1.0000000e-003
  5.8460000e+003  1.1629000e+003 -5.2500000e-001  1.0000000e-003
  5.8660000e+003  1.1673000e+003 -5.4500000e-001  1.0000000e-003
  5.8860000e+003  1.1716000e+003 -5.6500000e-001  1.0000000e-003
  5.9060000e+003  1.1758000e+003 -5.8500000e-001  1.0000000e-003
  5.9260000e+003  1.1798000e+003 -6.0600000e-001  1.0000000e-003
  5.9460000e+003  1.1842000e+003 -6.2700000e-001  1.0000000e-003
  5.9660000e+003  1.1886000e+003 -6.4800000e-001  1.0000000e-003
  5.9860000e+003  1.1928000e+003 -6.6900000e-001  1.0000000e-003
  6.0060000e+003  1.1970000e+003 -6.9100000e-001  1.0000000e-003
  6.0260000e+003  1.2012000e+003 -7.1200000e-001  1.0000000e-003
  6.0460000e+003  1.2056000e+003 -7.3400000e-001  1.0000000e-003
  6.0660000e+003  1.2099000e+003 -7.5600000e-001  1.0000000e-003
  6.0860000e+003  1.2143000e+003 -7.7800000e-001  1.0000000e-003
  6.1060000e+003  1.2185000e+003 -8.0000000e-001  1.0000000e-003
  6.1260000e+003  1.2226000e+003 -8.2200000e-001  1.0000000e-003
  6.1460000e+003  1.2268000e+003 -8.4400000e-001  1.0000000e-003
  6.1660000e+003  1.2309000e+003 -8.6600000e-001  1.0000000e-003
  6.1860000e+003  1.2353000e+003 -8.8900000e-001  1.0000000e-003
  6.2060000e+003  1.2393000e+003 -9.1000000e-001  1.0000000e-003
  6.2260000e+003  1.2435000e+003 -9.3200000e-001  1.0000000e-003
  6.2460000e+003  1.2478000e+003 -9.5300000e-001  1.0000000e-003
  6.2660000e+003  1.2521000e+003 -9.7400000e-001  1.0000000e-003
  6.2860000e+003  1.2563000e+003 -9.9500000e-001  1.0000000e-003
  6.3060000e+003  1.2609000e+003 -1.0160000e+000  1.0000000e-003
  6.3260000e+003  1.2649000e+003 -1.0370000e+000  1.0000000e-003
  6.3460000e+003  1.2691000e+003 -1.0570000e+000  1.0000000e-003
  6.3660000e+003  1.2733000e+003 -1.0770000e+000  1.0000000e-003
  6.3860000e+003  1.2777000e+003 -1.0960000e+000  1.0000000e-003
  6.4060000e+003  1.2822000e+003 -1.1160000e+000  1.0000000e-003
  6.4260000e+003  1.2866000e+003 -1.1350000e+000  1.0000000e-003
  6.4460000e+003  1.2904000e+003 -1.1530000e+000  1.0000000e-003
  6.4660000e+003  1.2945000e+003 -1.1720000e+000  1.0000000e-003
  6.4860000e+003  1.2987000e+003 -1.1900000e+000  1.0000000e-003
  6.5060000e+003  1.3031000e+003 -1.2080000e+000  1.0000000e-003
  6.5260000e+003  1.3074000e+003 -1.2250000e+000  1.0000000e-003
  6.5460000e+003  1.3116000e+003 -1.2410000e+000  1.0000000e-003
  6.5660000e+003  1.3158000e+003 -1.2580000e+000  1.0000000e-003
  6.5860000e+003  1.3202000e+003 -1.2740000e+000  1.0000000e-003
  6.6060000e+003  1.3244000e+003 -1.2900000e+000  1.0000000e-003
  6.6260000e+003  1.3286000e+003 -1.3040000e+000  1.0000000e-003
  6.6460000e+003  1.3328000e+003 -1.3190000e+000  1.0000000e-003
  6.6660000e+003  1.3370000e+003 -1.3330000e+000  1.0000000e-003
  6.6860000e+003  1.3412000e+003 -1.3470000e+000  1.0000000e-003
  6.7060000e+003  1.3454000e+003 -1.3600000e+000  1.0000000e-003
  6.7260000e+003  1.3498000e+003 -1.3730000e+000  1.0000000e-003
  6.7460000e+003  1.3541000e+003 -1.3850000e+000  1.0000000e-003
  6.7660000e+003  1.3580000e+003 -1.3970000e+000  1.0000000e-003
  6.7860000e+003  1.3622000e+003 -1.4090000e+000  1.0000000e-003
  6.8060000e+003  1.3664000e+003 -1.4200000e+000  1.0000000e-003
  6.8260000e+003  1.3706000e+003 -1.4300000e+000  1.0000000e-003
  6.8460000e+003  1.3748000e+003 -1.4400000e+000  1.0000000e-003
  6.8660000e+003  1.3790000e+003 -1.4500000e+000  1.0000000e-003
  6.9210000e+003  1.3745000e+003 -1.4750000e+000  1.0000000e-003
  6.9410000e+003  1.3841000e+003 -1.4790000e+000  1.0000000e-003
  6.9610000e+003  1.3884000e+003 -1.4860000e+000  1.0000000e-003
  6.9810000e+003  1.3900000e+003 -1.4920000e+000  1.0000000e-003
  7.0010000e+003  1.3904000e+003 -1.4980000e+000  1.0000000e-003
