  0.0000000e+000  1.7800000e+001 -1.0000000e-003  1.0000000e-003
  2.0000000e+001  1.7800000e+001 -1.0000000e-003  1.0000000e-003
  4.0000000e+001  1.7800000e+001 -1.0000000e-003  1.0000000e-003
  6.0000000e+001  1.8200000e+001 -1.0000000e-003  1.0000000e-003
  8.0000000e+001  1.7800000e+001 -1.0000000e-003  1.0000000e-003
  1.0000000e+002  1.7800000e+001 -1.0000000e-003  1.0000000e-003
  1.2000000e+002  1.8000000e+001 -1.0000000e-003  1.0000000e-003
  1.4000000e+002  1.8200000e+001 -1.0000000e-003  1.0000000e-003
  1.6000000e+002  1.8200000e+001 -1.0000000e-003  1.0000000e-003
  1.8000000e+002  1.8000000e+001 -1.0000000e-003  1.0000000e-003
  2.0000000e+002  1.8000000e+001 -1.0000000e-003  1.0000000e-003
  2.2000000e+002  1.8400000e+001 -1.0000000e-003  1.0000000e-003
  2.4000000e+002  1.8400000e+001 -1.0000000e-003  1.0000000e-003
  2.6000000e+002  1.8400000e+001 -1.0000000e-003  1.0000000e-003
  2.8000000e+002  1.8700000e+001 -1.0000000e-003  1.0000000e-003
  3.0100000e+002  1.8500000e+001 -1.0000000e-003  1.0000000e-003
  3.2500000e+002  1.9400000e+001 -1.0000000e-003  1.0000000e-003
  3.4500000e+002  2.0000000e+001 -2.0000000e-003  1.0000000e-003
  3.6500000e+002  2.0300000e+001 -2.0000000e-003  1.0000000e-003
  3.8500000e+002  2.0600000e+001 -2.0000000e-003  1.0000000e-003
  4.0500000e+002  2.1400000e+001 -2.0000000e-003  1.0000000e-003
  4.2500000e+002  2.1500000e+001 -2.0000000e-003  1.0000000e-003
  4.4500000e+002  2.2000000e+001 -2.0000000e-003  1.0000000e-003
  4.6500000e+002  2.2900000e+001 -3.0000000e-003  1.0000000e-003
  4.8500000e+002  2.3600000e+001 -3.0000000e-003  1.0000000e-003
  5.0500000e+002  2.4100000e+001 -3.0000000e-003  1.0000000e-003
  5.2500000e+002  2.5400000e+001 -3.0000000e-003  1.0000000e-003
  5.4500000e+002  2.5900000e+001 -3.0000000e-003  1.0000000e-003
  5.6500000e+002  2.7300000e+001 -3.0000000e-003  1.0000000e-003
  5.8500000e+002  2.7800000e+001 -3.0000000e-003  1.0000000e-003
  6.0500000e+002  2.9200000e+001 -4.0000000e-003  1.0000000e-003
  6.2500000e+002  3.0100000e+001 -4.0000000e-003  1.0000000e-003
  6.4500000e+002  3.0800000e+001 -4.0000000e-003  1.0000000e-003
  6.6500000e+002  3.2200000e+001 -4.0000000e-003  1.0000000e-003
  6.8500000e+002  3.3100000e+001 -4.0000000e-003  1.0000000e-003
  7.0500000e+002  3.4100000e+001 -4.0000000e-003  1.0000000e-003
  7.2500000e+002  3.5300000e+001 -4.0000000e-003  1.0000000e-003
  7.4500000e+002  3.6400000e+001 -5.0000000e-003  1.0000000e-003
  7.6500000e+002  3.7800000e+001 -5.0000000e-003  1.0000000e-003
  7.8500000e+002  3.9200000e+001 -5.0000000e-003  1.0000000e-003
  8.0500000e+002  4.0800000e+001 -5.0000000e-003  1.0000000e-003
  8.2500000e+002  4.2200000e+001 -5.0000000e-003  1.0000000e-003
  8.4600000e+002  4.3900000e+001 -5.0000000e-003  1.0000000e-003
  8.6600000e+002  4.5300000e+001 -6.0000000e-003  1.0000000e-003
  8.8600000e+002  4.7100000e+001 -6.0000000e-003  1.0000000e-003
  9.0600000e+002  4.9000000e+001 -6.0000000e-003  1.0000000e-003
  9.2600000e+002  5.0800000e+001 -6.0000000e-003  1.0000000e-003
  9.4600000e+002  5.2500000e+001 -6.0000000e-003  1.0000000e-003
  9.6600000e+002  5.4600000e+001 -6.0000000e-003  1.0000000e-003
  9.8600000e+002  5.6400000e+001 -6.0000000e-003  1.0000000e-003
  1.0060000e+003  5.8600000e+001 -7.0000000e-003  1.0000000e-003
  1.0260000e+003  6.0700000e+001 -7.0000000e-003  1.0000000e-003
  1.0460000e+003  6.2600000e+001 -7.0000000e-003  1.0000000e-003
  1.0660000e+003  6.4800000e+001 -7.0000000e-003  1.0000000e-003
  1.0860000e+003  6.6700000e+001 -7.0000000e-003  1.0000000e-003
  1.1060000e+003  6.8600000e+001 -8.0000000e-003  1.0000000e-003
  1.1260000e+003  7.0700000e+001 -8.0000000e-003  1.0000000e-003
  1.1460000e+003  7.3000000e+001 -8.0000000e-003  1.0000000e-003
  1.1660000e+003  7.5400000e+001 -8.0000000e-003  1.0000000e-003
  1.1860000e+003  7.7700000e+001 -9.0000000e-003  1.0000000e-003
  1.2060000e+003  8.0500000e+001 -9.0000000e-003  1.0000000e-003
  1.2260000e+003  8.2900000e+001 -9.0000000e-003  1.0000000e-003
  1.2460000e+003  8.5600000e+001 -9.0000000e-003  1.0000000e-003
  1.2660000e+003  8.8000000e+001 -9.0000000e-003  1.0000000e-003
  1.2860000e+003  9.0800000e+001 -9.0000000e-003  1.0000000e-003
  1.3060000e+003  9.3800000e+001 -9.0000000e-003  1.0000000e-003
  1.3260000e+003  9.6400000e+001 -9.0000000e-003  1.0000000e-003
  1.3460000e+003  9.9600000e+001 -9.0000000e-003  1.0000000e-003
  1.3660000e+003  1.0200000e+002 -9.0000000e-003  1.0000000e-003
  1.3860000e+003  1.0480000e+002 -9.0000000e-003  1.0000000e-003
  1.4060000e+003  1.0760000e+002 -9.0000000e-003  1.0000000e-003
  1.4260000e+003  1.1060000e+002 -9.0000000e-003  1.0000000e-003
  1.4460000e+003  1.1360000e+002 -9.0000000e-003  1.0000000e-003
  1.4660000e+003  1.1650000e+002 -8.0000000e-003  1.0000000e-003
  1.4860000e+003  1.1990000e+002 -8.0000000e-003  1.0000000e-003
  1.5060000e+003  1.2280000e+002 -8.0000000e-003  1.0000000e-003
  1.5260000e+003  1.2580000e+002 -8.0000000e-003  1.0000000e-003
  1.5460000e+003  1.2950000e+002 -8.0000000e-003  1.0000000e-003
  1.5660000e+003  1.3250000e+002 -8.0000000e-003  1.0000000e-003
  1.5860000e+003  1.3580000e+002 -8.0000000e-003  1.0000000e-003
  1.6060000e+003  1.3910000e+002 -8.0000000e-003  1.0000000e-003
  1.6260000e+003  1.4260000e+002 -8.0000000e-003  1.0000000e-003
  1.6460000e+003  1.4630000e+002 -8.0000000e-003  1.0000000e-003
  1.6660000e+003  1.4960000e+002 -8.0000000e-003  1.0000000e-003
  1.6860000e+003  1.5330000e+002 -8.0000000e-003  1.0000000e-003
  1.7060000e+003  1.5680000e+002 -9.0000000e-003  1.0000000e-003
  1.7260000e+003  1.6000000e+002 -9.0000000e-003  1.0000000e-003
  1.7460000e+003  1.6340000e+002 -9.0000000e-003  1.0000000e-003
  1.7660000e+003  1.6690000e+002 -9.0000000e-003  1.0000000e-003
  1.7860000e+003  1.7040000e+002 -9.0000000e-003  1.0000000e-003
  1.8060000e+003  1.7430000e+002 -9.0000000e-003  1.0000000e-003
  1.8260000e+003  1.7800000e+002 -9.0000000e-003  1.0000000e-003
  1.8460000e+003  1.8160000e+002 -9.0000000e-003  1.0000000e-003
  1.8660000e+003  1.8550000e+002 -9.0000000e-003  1.0000000e-003
  1.8860000e+003  1.8920000e+002 -9.0000000e-003  1.0000000e-003
  1.9060000e+003  1.9290000e+002 -9.0000000e-003  1.0000000e-003
  1.9260000e+003  1.9670000e+002 -9.0000000e-003  1.0000000e-003
  1.9460000e+003  2.0090000e+002 -1.0000000e-002  1.0000000e-003
  1.9660000e+003  2.0480000e+002 -1.0000000e-002  1.0000000e-003
  1.9860000e+003  2.0860000e+002 -9.0000000e-003  1.0000000e-003
  2.0060000e+003  2.1250000e+002 -9.0000000e-003  1.0000000e-003
  2.0260000e+003  2.1630000e+002 -9.0000000e-003  1.0000000e-003
  2.0460000e+003  2.2000000e+002 -9.0000000e-003  1.0000000e-003
  2.0660000e+003  2.2400000e+002 -9.0000000e-003  1.0000000e-003
  2.0860000e+003  2.2800000e+002 -9.0000000e-003  1.0000000e-003
  2.1060000e+003  2.3210000e+002 -9.0000000e-003  1.0000000e-003
  2.1260000e+003  2.3610000e+002 -9.0000000e-003  1.0000000e-003
  2.1460000e+003  2.4010000e+002 -9.0000000e-003  1.0000000e-003
  2.1660000e+003  2.4410000e+002 -9.0000000e-003  1.0000000e-003
  2.1860000e+003  2.4800000e+002 -9.0000000e-003  1.0000000e-003
  2.2060000e+003  2.5230000e+002 -9.0000000e-003  1.0000000e-003
  2.2260000e+003  2.5670000e+002 -8.0000000e-003  1.0000000e-003
  2.2460000e+003  2.6090000e+002 -8.0000000e-003  1.0000000e-003
  2.2660000e+003  2.6530000e+002 -8.0000000e-003  1.0000000e-003
  2.2860000e+003  2.6910000e+002 -8.0000000e-003  1.0000000e-003
  2.3060000e+003  2.7330000e+002 -8.0000000e-003  1.0000000e-003
  2.3260000e+003  2.7760000e+002 -8.0000000e-003  1.0000000e-003
  2.3460000e+003  2.8190000e+002 -8.0000000e-003  1.0000000e-003
  2.3660000e+003  2.8610000e+002 -8.0000000e-003  1.0000000e-003
  2.3860000e+003  2.9010000e+002 -7.0000000e-003  1.0000000e-003
  2.4060000e+003  2.9440000e+002 -7.0000000e-003  1.0000000e-003
  2.4260000e+003  2.9840000e+002 -7.0000000e-003  1.0000000e-003
  2.4460000e+003  3.0280000e+002 -7.0000000e-003  1.0000000e-003
  2.4660000e+003  3.0710000e+002 -7.0000000e-003  1.0000000e-003
  2.4860000e+003  3.1170000e+002 -7.0000000e-003  1.0000000e-003
  2.5060000e+003  3.1570000e+002 -7.0000000e-003  1.0000000e-003
  2.5260000e+003  3.1970000e+002 -7.0000000e-003  1.0000000e-003
  2.5460000e+003  3.2410000e+002 -6.0000000e-003  1.0000000e-003
  2.5660000e+003  3.2880000e+002 -6.0000000e-003  1.0000000e-003
  2.5860000e+003  3.3290000e+002 -6.0000000e-003  1.0000000e-003
  2.6060000e+003  3.3740000e+002 -6.0000000e-003  1.0000000e-003
  2.6260000e+003  3.4180000e+002 -6.0000000e-003  1.0000000e-003
  2.6460000e+003  3.4620000e+002 -6.0000000e-003  1.0000000e-003
  2.6660000e+003  3.5040000e+002 -5.0000000e-003  1.0000000e-003
  2.6860000e+003  3.5490000e+002 -5.0000000e-003  1.0000000e-003
  2.7060000e+003  3.5930000e+002 -5.0000000e-003  1.0000000e-003
  2.7260000e+003  3.6350000e+002 -5.0000000e-003  1.0000000e-003
  2.7460000e+003  3.6800000e+002 -5.0000000e-003  1.0000000e-003
  2.7660000e+003  3.7190000e+002 -5.0000000e-003  1.0000000e-003
  2.7860000e+003  3.7640000e+002 -4.0000000e-003  1.0000000e-003
  2.8060000e+003  3.8060000e+002 -4.0000000e-003  1.0000000e-003
  2.8260000e+003  3.8500000e+002 -4.0000000e-003  1.0000000e-003
  2.8460000e+003  3.8950000e+002 -4.0000000e-003  1.0000000e-003
  2.8660000e+003  3.9360000e+002 -4.0000000e-003  1.0000000e-003
  2.8860000e+003  3.9810000e+002 -4.0000000e-003  1.0000000e-003
  2.9060000e+003  4.0250000e+002 -3.0000000e-003  1.0000000e-003
  2.9260000e+003  4.0710000e+002 -3.0000000e-003  1.0000000e-003
  2.9460000e+003  4.1140000e+002 -3.0000000e-003  1.0000000e-003
  2.9660000e+003  4.1600000e+002 -3.0000000e-003  1.0000000e-003
  2.9860000e+003  4.1980000e+002 -2.0000000e-003  1.0000000e-003
  3.0060000e+003  4.2420000e+002 -2.0000000e-003  1.0000000e-003
  3.0260000e+003  4.2880000e+002 -2.0000000e-003  1.0000000e-003
  3.0460000e+003  4.3330000e+002 -2.0000000e-003  1.0000000e-003
  3.0660000e+003  4.3750000e+002 -2.0000000e-003  1.0000000e-003
  3.0860000e+003  4.4210000e+002 -1.0000000e-003  1.0000000e-003
  3.1060000e+003  4.4630000e+002 -1.0000000e-003  1.0000000e-003
  3.1260000e+003  4.5030000e+002 -1.0000000e-003  1.0000000e-003
  3.1460000e+003  4.5460000e+002 -1.0000000e-003  1.0000000e-003
  3.1660000e+003  4.5920000e+002  0.0000000e+000  1.0000000e-003
  3.1860000e+003  4.6340000e+002  0.0000000e+000  1.0000000e-003
  3.2060000e+003  4.6780000e+002  0.0000000e+000  1.0000000e-003
  3.2260000e+003  4.7180000e+002  0.0000000e+000  1.0000000e-003
  3.2460000e+003  4.7580000e+002  0.0000000e+000  1.0000000e-003
  3.2660000e+003  4.8020000e+002  1.0000000e-003  1.0000000e-003
  3.2860000e+003  4.8480000e+002  1.0000000e-003  1.0000000e-003
  3.3060000e+003  4.8880000e+002  1.0000000e-003  1.0000000e-003
  3.3260000e+003  4.9310000e+002  1.0000000e-003  1.0000000e-003
  3.3460000e+003  4.9720000e+002  1.0000000e-003  1.0000000e-003
  3.3660000e+003  5.0150000e+002  2.0000000e-003  1.0000000e-003
  3.3860000e+003  5.0590000e+002  2.0000000e-003  1.0000000e-003
  3.4060000e+003  5.0980000e+002  2.0000000e-003  1.0000000e-003
  3.4260000e+003  5.1450000e+002  2.0000000e-003  1.0000000e-003
  3.4460000e+003  5.1820000e+002  2.0000000e-003  1.0000000e-003
  3.4660000e+003  5.2260000e+002  3.0000000e-003  1.0000000e-003
  3.4860000e+003  5.2690000e+002  3.0000000e-003  1.0000000e-003
  3.5060000e+003  5.3080000e+002  3.0000000e-003  1.0000000e-003
  3.5260000e+003  5.3530000e+002  3.0000000e-003  1.0000000e-003
  3.5460000e+003  5.3920000e+002  3.0000000e-003  1.0000000e-003
  3.5670000e+003  5.4350000e+002  3.0000000e-003  1.0000000e-003
  3.5870000e+003  5.4740000e+002  4.0000000e-003  1.0000000e-003
  3.6070000e+003  5.5160000e+002  4.0000000e-003  1.0000000e-003
  3.6270000e+003  5.5600000e+002  4.0000000e-003  1.0000000e-003
  3.6470000e+003  5.5980000e+002  4.0000000e-003  1.0000000e-003
  3.6670000e+003  5.6400000e+002  4.0000000e-003  1.0000000e-003
  3.6870000e+003  5.6790000e+002  4.0000000e-003  1.0000000e-003
  3.7070000e+003  5.7170000e+002  5.0000000e-003  1.0000000e-003
  3.7270000e+003  5.7610000e+002  5.0000000e-003  1.0000000e-003
  3.7470000e+003  5.8010000e+002  5.0000000e-003  1.0000000e-003
  3.7670000e+003  5.8420000e+002  5.0000000e-003  1.0000000e-003
  3.7880000e+003  5.8800000e+002  5.0000000e-003  1.0000000e-003
  3.8120000e+003  5.9310000e+002  6.0000000e-003  1.0000000e-003
  3.8320000e+003  5.9680000e+002  6.0000000e-003  1.0000000e-003
  3.8520000e+003  6.0100000e+002  6.0000000e-003  1.0000000e-003
  3.8720000e+003  6.0500000e+002  6.0000000e-003  1.0000000e-003
  3.8920000e+003  6.0860000e+002  6.0000000e-003  1.0000000e-003
  3.9120000e+003  6.1230000e+002  6.0000000e-003  1.0000000e-003
  3.9320000e+003  6.1650000e+002  7.0000000e-003  1.0000000e-003
  3.9520000e+003  6.2050000e+002  7.0000000e-003  1.0000000e-003
  3.9730000e+003  6.2460000e+002  7.0000000e-003  1.0000000e-003
  3.9970000e+003  6.2980000e+002  7.0000000e-003  1.0000000e-003
  4.0170000e+003  6.3370000e+002  7.0000000e-003  1.0000000e-003
  4.0380000e+003  6.3730000e+002  7.0000000e-003  1.0000000e-003
  4.0580000e+003  6.4140000e+002  8.0000000e-003  1.0000000e-003
  4.0780000e+003  6.4520000e+002  8.0000000e-003  1.0000000e-003
  4.0980000e+003  6.4910000e+002  8.0000000e-003  1.0000000e-003
  4.1180000e+003  6.5360000e+002  8.0000000e-003  1.0000000e-003
  4.1380000e+003  6.5730000e+002  8.0000000e-003  1.0000000e-003
  4.1580000e+003  6.6100000e+002  8.0000000e-003  1.0000000e-003
  4.1780000e+003  6.6450000e+002  8.0000000e-003  1.0000000e-003
  4.1980000e+003  6.6810000e+002  9.0000000e-003  1.0000000e-003
  4.2180000e+003  6.7250000e+002  9.0000000e-003  1.0000000e-003
  4.2380000e+003  6.7600000e+002  9.0000000e-003  1.0000000e-003
  4.2580000e+003  6.7990000e+002  9.0000000e-003  1.0000000e-003
  4.2780000e+003  6.8340000e+002  9.0000000e-003  1.0000000e-003
  4.2980000e+003  6.8700000e+002  9.0000000e-003  1.0000000e-003
  4.3180000e+003  6.9110000e+002  9.0000000e-003  1.0000000e-003
  4.3380000e+003  6.9480000e+002  9.0000000e-003  1.0000000e-003
  4.3590000e+003  6.9880000e+002  1.0000000e-002  1.0000000e-003
  4.3790000e+003  7.0230000e+002  1.0000000e-002  1.0000000e-003
  4.3990000e+003  7.0600000e+002  1.0000000e-002  1.0000000e-003
  4.4190000e+003  7.0960000e+002  1.0000000e-002  1.0000000e-003
  4.4390000e+003  7.1310000e+002  1.0000000e-002  1.0000000e-003
  4.4590000e+003  7.1680000e+002  1.0000000e-002  1.0000000e-003
  4.4790000e+003  7.2070000e+002  1.0000000e-002  1.0000000e-003
  4.4990000e+003  7.2450000e+002  1.0000000e-002  1.0000000e-003
  4.5190000e+003  7.2830000e+002  1.0000000e-002  1.0000000e-003
  4.5390000e+003  7.3170000e+002  1.0000000e-002  1.0000000e-003
  4.5590000e+003  7.3570000e+002  1.0000000e-002  1.0000000e-003
  4.5790000e+003  7.3940000e+002  1.0000000e-002  1.0000000e-003
  4.6000000e+003  7.4340000e+002  1.0000000e-002  1.0000000e-003
  4.6200000e+003  7.4710000e+002  1.1000000e-002  1.0000000e-003
  4.6400000e+003  7.5040000e+002  1.1000000e-002  1.0000000e-003
  4.6600000e+003  7.5370000e+002  1.0000000e-002  1.0000000e-003
  4.6800000e+003  7.5780000e+002  1.1000000e-002  1.0000000e-003
  4.7010000e+003  7.6160000e+002  1.1000000e-002  1.0000000e-003
  4.7210000e+003  7.6530000e+002  1.1000000e-002  1.0000000e-003
  4.7410000e+003  7.6890000e+002  1.1000000e-002  1.0000000e-003
  4.7610000e+003  7.7260000e+002  1.1000000e-002  1.0000000e-003
  4.7810000e+003  7.7610000e+002  1.0000000e-002  1.0000000e-003
  4.8020000e+003  7.7950000e+002  1.0000000e-002  1.0000000e-003
  4.8270000e+003  7.8400000e+002  1.0000000e-002  1.0000000e-003
  4.8470000e+003  7.8780000e+002  1.0000000e-002  1.0000000e-003
  4.8670000e+003  7.9140000e+002  1.0000000e-002  1.0000000e-003
  4.8870000e+003  7.9500000e+002  1.0000000e-002  1.0000000e-003
  4.9070000e+003  7.9870000e+002  1.0000000e-002  1.0000000e-003
  4.9270000e+003  8.0200000e+002  1.0000000e-002  1.0000000e-003
  4.9470000e+003  8.0550000e+002  1.0000000e-002  1.0000000e-003
  4.9670000e+003  8.0900000e+002  1.0000000e-002  1.0000000e-003
  4.9870000e+003  8.1270000e+002  1.0000000e-002  1.0000000e-003
  5.0080000e+003  8.1650000e+002  1.0000000e-002  1.0000000e-003
  5.0280000e+003  8.2040000e+002  1.0000000e-002  1.0000000e-003
  5.0490000e+003  8.2350000e+002  9.0000000e-003  1.0000000e-003
  5.0730000e+003  8.2810000e+002  9.0000000e-003  1.0000000e-003
  5.0930000e+003  8.3180000e+002  9.0000000e-003  1.0000000e-003
  5.1130000e+003  8.3530000e+002  9.0000000e-003  1.0000000e-003
  5.1340000e+003  8.3890000e+002  8.0000000e-003  1.0000000e-003
  5.1540000e+003  8.4280000e+002  8.0000000e-003  1.0000000e-003
  5.1740000e+003  8.4590000e+002  8.0000000e-003  1.0000000e-003
  5.1940000e+003  8.4950000e+002  8.0000000e-003  1.0000000e-003
  5.2140000e+003  8.5330000e+002  8.0000000e-003  1.0000000e-003
  5.2340000e+003  8.5660000e+002  7.0000000e-003  1.0000000e-003
  5.2540000e+003  8.6030000e+002  7.0000000e-003  1.0000000e-003
  5.2740000e+003  8.6400000e+002  6.0000000e-003  1.0000000e-003
  5.2940000e+003  8.6730000e+002  6.0000000e-003  1.0000000e-003
  5.3140000e+003  8.7100000e+002  6.0000000e-003  1.0000000e-003
  5.3340000e+003  8.7450000e+002  5.0000000e-003  1.0000000e-003
  5.3540000e+003  8.7800000e+002  5.0000000e-003  1.0000000e-003
  5.3750000e+003  8.8200000e+002  4.0000000e-003  1.0000000e-003
  5.3950000e+003  8.8530000e+002  4.0000000e-003  1.0000000e-003
  5.4150000e+003  8.8880000e+002  3.0000000e-003  1.0000000e-003
  5.4350000e+003  8.9220000e+002  3.0000000e-003  1.0000000e-003
  5.4550000e+003  8.9560000e+002  2.0000000e-003  1.0000000e-003
  5.4750000e+003  8.9900000e+002  2.0000000e-003  1.0000000e-003
  5.4950000e+003  9.0210000e+002  1.0000000e-003  1.0000000e-003
  5.5150000e+003  9.0580000e+002  0.0000000e+000  1.0000000e-003
  5.5350000e+003  9.0930000e+002 -1.0000000e-003  1.0000000e-003
  5.5550000e+003  9.1260000e+002 -2.0000000e-003  1.0000000e-003
  5.5750000e+003  9.1600000e+002 -3.0000000e-003  1.0000000e-003
  5.5950000e+003  9.1960000e+002 -4.0000000e-003  1.0000000e-003
  5.6150000e+003  9.2300000e+002 -5.0000000e-003  1.0000000e-003
  5.6350000e+003  9.2680000e+002 -6.0000000e-003  1.0000000e-003
  5.6550000e+003  9.2990000e+002 -8.0000000e-003  1.0000000e-003
  5.6760000e+003  9.3360000e+002 -9.0000000e-003  1.0000000e-003
  5.6960000e+003  9.3680000e+002 -1.1000000e-002  1.0000000e-003
  5.7160000e+003  9.4050000e+002 -1.3000000e-002  1.0000000e-003
  5.7360000e+003  9.4380000e+002 -1.5000000e-002  1.0000000e-003
  5.7560000e+003  9.4750000e+002 -1.6000000e-002  1.0000000e-003
  5.7760000e+003  9.5100000e+002 -1.8000000e-002  1.0000000e-003
  5.7960000e+003  9.5450000e+002 -2.1000000e-002  1.0000000e-003
  5.8160000e+003  9.5780000e+002 -2.4000000e-002  1.0000000e-003
  5.8360000e+003  9.6110000e+002 -2.6000000e-002  1.0000000e-003
  5.8560000e+003  9.6500000e+002 -2.8000000e-002  1.0000000e-003
  5.8760000e+003  9.6830000e+002 -3.2000000e-002  1.0000000e-003
  5.8960000e+003  9.7180000e+002 -3.5000000e-002  1.0000000e-003
  5.9160000e+003  9.7540000e+002 -3.8000000e-002  1.0000000e-003
  5.9370000e+003  9.7930000e+002 -4.1000000e-002  1.0000000e-003
  5.9570000e+003  9.8250000e+002 -4.4000000e-002  1.0000000e-003
  5.9770000e+003  9.8610000e+002 -4.8000000e-002  1.0000000e-003
  5.9970000e+003  9.8980000e+002 -5.2000000e-002  1.0000000e-003
  6.0170000e+003  9.9330000e+002 -5.6000000e-002  1.0000000e-003
  6.0370000e+003  9.9680000e+002 -6.1000000e-002  1.0000000e-003
  6.0570000e+003  1.0003000e+003 -6.6000000e-002  1.0000000e-003
  6.0770000e+003  1.0038000e+003 -7.0000000e-002  1.0000000e-003
  6.0970000e+003  1.0068000e+003 -7.5000000e-002  1.0000000e-003
  6.1170000e+003  1.0105000e+003 -8.0000000e-002  1.0000000e-003
  6.1370000e+003  1.0141000e+003 -8.5000000e-002  1.0000000e-003
  6.1570000e+003  1.0176000e+003 -9.0000000e-002  1.0000000e-003
  6.1770000e+003  1.0211000e+003 -9.6000000e-002  1.0000000e-003
  6.1980000e+003  1.0248000e+003 -1.0300000e-001  1.0000000e-003
  6.2230000e+003  1.0288000e+003 -1.1000000e-001  1.0000000e-003
  6.2430000e+003  1.0320000e+003 -1.1700000e-001  1.0000000e-003
  6.2630000e+003  1.0356000e+003 -1.2300000e-001  1.0000000e-003
  6.2830000e+003  1.0390000e+003 -1.3000000e-001  1.0000000e-003
  6.3030000e+003  1.0427000e+003 -1.3700000e-001  1.0000000e-003
  6.3230000e+003  1.0462000e+003 -1.4500000e-001  1.0000000e-003
  6.3430000e+003  1.0495000e+003 -1.5200000e-001  1.0000000e-003
  6.3630000e+003  1.0530000e+003 -1.6000000e-001  1.0000000e-003
  6.3830000e+003  1.0565000e+003 -1.6700000e-001  1.0000000e-003
  6.4030000e+003  1.0598000e+003 -1.7600000e-001  1.0000000e-003
  6.4230000e+003  1.0635000e+003 -1.8500000e-001  1.0000000e-003
  6.4430000e+003  1.0675000e+003 -1.9300000e-001  1.0000000e-003
  6.4630000e+003  1.0705000e+003 -2.0200000e-001  1.0000000e-003
  6.4830000e+003  1.0742000e+003 -2.1100000e-001  1.0000000e-003
  6.5040000e+003  1.0775000e+003 -2.2200000e-001  1.0000000e-003
  6.5240000e+003  1.0812000e+003 -2.3100000e-001  1.0000000e-003
  6.5440000e+003  1.0848000e+003 -2.4100000e-001  1.0000000e-003
  6.5640000e+003  1.0883000e+003 -2.5100000e-001  1.0000000e-003
  6.5840000e+003  1.0918000e+003 -2.6200000e-001  1.0000000e-003
  6.6040000e+003  1.0953000e+003 -2.7300000e-001  1.0000000e-003
  6.6240000e+003  1.0990000e+003 -2.8300000e-001  1.0000000e-003
  6.6440000e+003  1.1022000e+003 -2.9500000e-001  1.0000000e-003
  6.6640000e+003  1.1058000e+003 -3.0700000e-001  1.0000000e-003
  6.6840000e+003  1.1095000e+003 -3.1800000e-001  1.0000000e-003
  6.7040000e+003  1.1130000e+003 -3.3000000e-001  1.0000000e-003
  6.7250000e+003  1.1165000e+003 -3.4300000e-001  1.0000000e-003
  6.7450000e+003  1.1200000e+003 -3.5600000e-001  1.0000000e-003
  6.7650000e+003  1.1235000e+003 -3.6800000e-001  1.0000000e-003
  6.7850000e+003  1.1270000e+003 -3.8300000e-001  1.0000000e-003
  6.8050000e+003  1.1305000e+003 -3.9600000e-001  1.0000000e-003
  6.8250000e+003  1.1340000e+003 -4.1000000e-001  1.0000000e-003
  6.8450000e+003  1.1373000e+003 -4.2500000e-001  1.0000000e-003
  6.8650000e+003  1.1408000e+003 -4.3900000e-001  1.0000000e-003
  6.8850000e+003  1.1443000e+003 -4.5400000e-001  1.0000000e-003
  6.9050000e+003  1.1480000e+003 -4.6900000e-001  1.0000000e-003
  6.9250000e+003  1.1513000e+003 -4.8400000e-001  1.0000000e-003
  6.9450000e+003  1.1550000e+003 -5.0000000e-001  1.0000000e-003
  6.9650000e+003  1.1583000e+003 -5.1600000e-001  1.0000000e-003
  6.9850000e+003  1.1617000e+003 -5.3200000e-001  1.0000000e-003
  7.0050000e+003  1.1653000e+003 -5.4900000e-001  1.0000000e-003
  7.0250000e+003  1.1688000e+003 -5.6500000e-001  1.0000000e-003
  7.0450000e+003  1.1727000e+003 -5.8300000e-001  1.0000000e-003
  7.0650000e+003  1.1762000e+003 -6.0000000e-001  1.0000000e-003
  7.0850000e+003  1.1795000e+003 -6.1600000e-001  1.0000000e-003
  7.1050000e+003  1.1830000e+003 -6.3400000e-001  1.0000000e-003
  7.1260000e+003  1.1867000e+003 -6.5100000e-001  1.0000000e-003
  7.1460000e+003  1.1900000e+003 -6.6900000e-001  1.0000000e-003
  7.1660000e+003  1.1938000e+003 -6.8600000e-001  1.0000000e-003
  7.1860000e+003  1.1973000e+003 -7.0600000e-001  1.0000000e-003
  7.2060000e+003  1.2009000e+003 -7.2300000e-001  1.0000000e-003
  7.2260000e+003  1.2043000e+003 -7.4200000e-001  1.0000000e-003
  7.2460000e+003  1.2078000e+003 -7.5900000e-001  1.0000000e-003
  7.2660000e+003  1.2115000e+003 -7.7700000e-001  1.0000000e-003
  7.2860000e+003  1.2152000e+003 -7.9600000e-001  1.0000000e-003
  7.3060000e+003  1.2185000e+003 -8.1400000e-001  1.0000000e-003
  7.3260000e+003  1.2218000e+003 -8.3200000e-001  1.0000000e-003
  7.3460000e+003  1.2253000e+003 -8.5000000e-001  1.0000000e-003
  7.3660000e+003  1.2288000e+003 -8.6800000e-001  1.0000000e-003
  7.3860000e+003  1.2325000e+003 -8.8600000e-001  1.0000000e-003
  7.4070000e+003  1.2362000e+003 -9.0500000e-001  1.0000000e-003
  7.4270000e+003  1.2397000e+003 -9.2200000e-001  1.0000000e-003
  7.4470000e+003  1.2434000e+003 -9.4000000e-001  1.0000000e-003
  7.4670000e+003  1.2469000e+003 -9.5800000e-001  1.0000000e-003
  7.4870000e+003  1.2502000e+003 -9.7600000e-001  1.0000000e-003
  7.5070000e+003  1.2535000e+003 -9.9300000e-001  1.0000000e-003
  7.5270000e+003  1.2572000e+003 -1.0100000e+000  1.0000000e-003
  7.5470000e+003  1.2607000e+003 -1.0280000e+000  1.0000000e-003
  7.5670000e+003  1.2642000e+003 -1.0440000e+000  1.0000000e-003
  7.5870000e+003  1.2679000e+003 -1.0610000e+000  1.0000000e-003
  7.6070000e+003  1.2716000e+003 -1.0770000e+000  1.0000000e-003
  7.6270000e+003  1.2749000e+003 -1.0940000e+000  1.0000000e-003
  7.6470000e+003  1.2782000e+003 -1.1100000e+000  1.0000000e-003
  7.6670000e+003  1.2817000e+003 -1.1250000e+000  1.0000000e-003
  7.6880000e+003  1.2854000e+003 -1.1420000e+000  1.0000000e-003
  7.7120000e+003  1.2899000e+003 -1.1610000e+000  1.0000000e-003
  7.7320000e+003  1.2933000e+003 -1.1760000e+000  1.0000000e-003
  7.7520000e+003  1.2966000e+003 -1.1900000e+000  1.0000000e-003
  7.7720000e+003  1.2999000e+003 -1.2050000e+000  1.0000000e-003
  7.7930000e+003  1.3038000e+003 -1.2190000e+000  1.0000000e-003
  7.8130000e+003  1.3073000e+003 -1.2330000e+000  1.0000000e-003
  7.8330000e+003  1.3108000e+003 -1.2460000e+000  1.0000000e-003
  7.8530000e+003  1.3143000e+003 -1.2590000e+000  1.0000000e-003
  7.8730000e+003  1.3176000e+003 -1.2720000e+000  1.0000000e-003
  7.8930000e+003  1.3213000e+003 -1.2850000e+000  1.0000000e-003
  7.9130000e+003  1.3248000e+003 -1.2970000e+000  1.0000000e-003
  7.9330000e+003  1.3281000e+003 -1.3090000e+000  1.0000000e-003
  7.9530000e+003  1.3316000e+003 -1.3210000e+000  1.0000000e-003
  7.9740000e+003  1.3351000e+003 -1.3320000e+000  1.0000000e-003
  7.9940000e+003  1.3388000e+003 -1.3440000e+000  1.0000000e-003
  8.0140000e+003  1.3421000e+003 -1.3540000e+000  1.0000000e-003
  8.0340000e+003  1.3456000e+003 -1.3650000e+000  1.0000000e-003
  8.0540000e+003  1.3489000e+003 -1.3750000e+000  1.0000000e-003
  8.0740000e+003  1.3526000e+003 -1.3850000e+000  1.0000000e-003
  8.0940000e+003  1.3559000e+003 -1.3940000e+000  1.0000000e-003
  8.1140000e+003  1.3596000e+003 -1.4030000e+000  1.0000000e-003
  8.1340000e+003  1.3631000e+003 -1.4120000e+000  1.0000000e-003
  8.1540000e+003  1.3662000e+003 -1.4210000e+000  1.0000000e-003
  8.1740000e+003  1.3699000e+003 -1.4290000e+000  1.0000000e-003
  8.1940000e+003  1.3734000e+003 -1.4370000e+000  1.0000000e-003
  8.2140000e+003  1.3769000e+003 -1.4440000e+000  1.0000000e-003
  8.2340000e+003  1.3804000e+003 -1.4520000e+000  1.0000000e-003
  8.2540000e+003  1.3839000e+003 -1.4590000e+000  1.0000000e-003
  8.2740000e+003  1.3872000e+003 -1.4660000e+000  1.0000000e-003
