  0.0000000e+000  1.8900000e+001  0.0000000e+000  1.0000000e-003
  2.0000000e+001  1.8900000e+001  0.0000000e+000  1.0000000e-003
  4.0000000e+001  1.8900000e+001  0.0000000e+000  1.0000000e-003
  6.0000000e+001  1.8900000e+001  0.0000000e+000  1.0000000e-003
  8.0000000e+001  1.9100000e+001  0.0000000e+000  1.0000000e-003
  1.0000000e+002  1.9100000e+001 -1.0000000e-003  1.0000000e-003
  1.2000000e+002  1.9100000e+001 -1.0000000e-003  1.0000000e-003
  1.4000000e+002  1.8700000e+001 -1.0000000e-003  1.0000000e-003
  1.6000000e+002  1.9400000e+001 -1.0000000e-003  1.0000000e-003
  1.8000000e+002  1.8700000e+001 -1.0000000e-003  1.0000000e-003
  2.0000000e+002  1.9300000e+001 -1.0000000e-003  1.0000000e-003
  2.2000000e+002  1.9300000e+001 -1.0000000e-003  1.0000000e-003
  2.4000000e+002  1.9100000e+001 -1.0000000e-003  1.0000000e-003
  2.6000000e+002  1.8700000e+001 -2.0000000e-003  1.0000000e-003
  2.8000000e+002  1.9100000e+001 -2.0000000e-003  1.0000000e-003
  3.0100000e+002  1.8700000e+001 -2.0000000e-003  1.0000000e-003
  3.2500000e+002  1.9100000e+001 -2.0000000e-003  1.0000000e-003
  3.4500000e+002  1.8700000e+001 -2.0000000e-003  1.0000000e-003
  3.6500000e+002  1.9100000e+001 -2.0000000e-003  1.0000000e-003
  3.8500000e+002  1.8700000e+001 -2.0000000e-003  1.0000000e-003
  4.0500000e+002  1.8900000e+001 -2.0000000e-003  1.0000000e-003
  4.2600000e+002  1.8900000e+001 -2.0000000e-003  1.0000000e-003
  4.4600000e+002  1.9300000e+001 -2.0000000e-003  1.0000000e-003
  4.6600000e+002  1.9400000e+001 -2.0000000e-003  1.0000000e-003
  4.8600000e+002  1.9300000e+001 -2.0000000e-003  1.0000000e-003
  5.0600000e+002  1.9100000e+001 -3.0000000e-003  1.0000000e-003
  5.2600000e+002  1.9400000e+001 -3.0000000e-003  1.0000000e-003
  5.4600000e+002  1.9600000e+001 -3.0000000e-003  1.0000000e-003
  5.6600000e+002  1.9800000e+001 -3.0000000e-003  1.0000000e-003
  5.8600000e+002  1.9800000e+001 -3.0000000e-003  1.0000000e-003
  6.0600000e+002  2.0300000e+001 -3.0000000e-003  1.0000000e-003
  6.2600000e+002  2.0300000e+001 -3.0000000e-003  1.0000000e-003
  6.4600000e+002  2.0600000e+001 -3.0000000e-003  1.0000000e-003
  6.6600000e+002  2.0500000e+001 -3.0000000e-003  1.0000000e-003
  6.8600000e+002  2.0800000e+001 -3.0000000e-003  1.0000000e-003
  7.0600000e+002  2.1200000e+001 -4.0000000e-003  1.0000000e-003
  7.2600000e+002  2.1400000e+001 -4.0000000e-003  1.0000000e-003
  7.4600000e+002  2.1400000e+001 -4.0000000e-003  1.0000000e-003
  7.6600000e+002  2.2000000e+001 -4.0000000e-003  1.0000000e-003
  7.8600000e+002  2.2200000e+001 -4.0000000e-003  1.0000000e-003
  8.0600000e+002  2.2400000e+001 -4.0000000e-003  1.0000000e-003
  8.2600000e+002  2.2700000e+001 -4.0000000e-003  1.0000000e-003
  8.4600000e+002  2.3100000e+001 -4.0000000e-003  1.0000000e-003
  8.6600000e+002  2.3300000e+001 -4.0000000e-003  1.0000000e-003
  8.8600000e+002  2.3600000e+001 -4.0000000e-003  1.0000000e-003
  9.0600000e+002  2.4100000e+001 -4.0000000e-003  1.0000000e-003
  9.2600000e+002  2.4500000e+001 -4.0000000e-003  1.0000000e-003
  9.4600000e+002  2.4300000e+001 -4.0000000e-003  1.0000000e-003
  9.6600000e+002  2.5200000e+001 -4.0000000e-003  1.0000000e-003
  9.8600000e+002  2.5400000e+001 -4.0000000e-003  1.0000000e-003
  1.0060000e+003  2.6100000e+001 -5.0000000e-003  1.0000000e-003
  1.0260000e+003  2.6400000e+001 -5.0000000e-003  1.0000000e-003
  1.0460000e+003  2.6800000e+001 -5.0000000e-003  1.0000000e-003
  1.0660000e+003  2.7300000e+001 -5.0000000e-003  1.0000000e-003
  1.0860000e+003  2.7700000e+001 -5.0000000e-003  1.0000000e-003
  1.1060000e+003  2.7800000e+001 -5.0000000e-003  1.0000000e-003
  1.1260000e+003  2.8200000e+001 -5.0000000e-003  1.0000000e-003
  1.1460000e+003  2.8400000e+001 -5.0000000e-003  1.0000000e-003
  1.1660000e+003  2.9000000e+001 -5.0000000e-003  1.0000000e-003
  1.1860000e+003  2.9800000e+001 -5.0000000e-003  1.0000000e-003
  1.2060000e+003  2.9900000e+001 -5.0000000e-003  1.0000000e-003
  1.2260000e+003  3.0300000e+001 -5.0000000e-003  1.0000000e-003
  1.2470000e+003  3.0800000e+001 -5.0000000e-003  1.0000000e-003
  1.2670000e+003  3.1500000e+001 -5.0000000e-003  1.0000000e-003
  1.2870000e+003  3.1900000e+001 -5.0000000e-003  1.0000000e-003
  1.3070000e+003  3.2400000e+001 -5.0000000e-003  1.0000000e-003
  1.3270000e+003  3.2500000e+001 -5.0000000e-003  1.0000000e-003
  1.3470000e+003  3.3600000e+001 -6.0000000e-003  1.0000000e-003
  1.3670000e+003  3.4000000e+001 -6.0000000e-003  1.0000000e-003
  1.3870000e+003  3.4700000e+001 -6.0000000e-003  1.0000000e-003
  1.4070000e+003  3.5200000e+001 -6.0000000e-003  1.0000000e-003
  1.4270000e+003  3.5300000e+001 -6.0000000e-003  1.0000000e-003
  1.4470000e+003  3.6200000e+001 -6.0000000e-003  1.0000000e-003
  1.4670000e+003  3.6900000e+001 -6.0000000e-003  1.0000000e-003
  1.4870000e+003  3.7500000e+001 -6.0000000e-003  1.0000000e-003
  1.5070000e+003  3.8000000e+001 -6.0000000e-003  1.0000000e-003
  1.5270000e+003  3.8300000e+001 -6.0000000e-003  1.0000000e-003
  1.5470000e+003  3.9200000e+001 -6.0000000e-003  1.0000000e-003
  1.5670000e+003  3.9400000e+001 -6.0000000e-003  1.0000000e-003
  1.5870000e+003  3.9900000e+001 -6.0000000e-003  1.0000000e-003
  1.6070000e+003  4.0800000e+001 -6.0000000e-003  1.0000000e-003
  1.6270000e+003  4.1500000e+001 -6.0000000e-003  1.0000000e-003
  1.6470000e+003  4.2000000e+001 -6.0000000e-003  1.0000000e-003
  1.6670000e+003  4.2300000e+001 -6.0000000e-003  1.0000000e-003
  1.6880000e+003  4.3400000e+001 -6.0000000e-003  1.0000000e-003
  1.7080000e+003  4.3900000e+001 -6.0000000e-003  1.0000000e-003
  1.7280000e+003  4.4500000e+001 -6.0000000e-003  1.0000000e-003
  1.7480000e+003  4.5300000e+001 -6.0000000e-003  1.0000000e-003
  1.7680000e+003  4.5700000e+001 -6.0000000e-003  1.0000000e-003
  1.7880000e+003  4.6600000e+001 -6.0000000e-003  1.0000000e-003
  1.8080000e+003  4.6900000e+001 -6.0000000e-003  1.0000000e-003
  1.8280000e+003  4.7600000e+001 -6.0000000e-003  1.0000000e-003
  1.8480000e+003  4.8600000e+001 -6.0000000e-003  1.0000000e-003
  1.8680000e+003  4.8800000e+001 -6.0000000e-003  1.0000000e-003
  1.8880000e+003  4.9900000e+001 -7.0000000e-003  1.0000000e-003
  1.9080000e+003  5.0600000e+001 -7.0000000e-003  1.0000000e-003
  1.9280000e+003  5.1100000e+001 -7.0000000e-003  1.0000000e-003
  1.9480000e+003  5.2000000e+001 -7.0000000e-003  1.0000000e-003
  1.9680000e+003  5.2800000e+001 -7.0000000e-003  1.0000000e-003
  1.9880000e+003  5.3200000e+001 -7.0000000e-003  1.0000000e-003
  2.0080000e+003  5.4300000e+001 -7.0000000e-003  1.0000000e-003
  2.0280000e+003  5.5000000e+001 -7.0000000e-003  1.0000000e-003
  2.0480000e+003  5.5700000e+001 -7.0000000e-003  1.0000000e-003
  2.0680000e+003  5.6500000e+001 -7.0000000e-003  1.0000000e-003
  2.0880000e+003  5.7000000e+001 -7.0000000e-003  1.0000000e-003
  2.1080000e+003  5.7600000e+001 -7.0000000e-003  1.0000000e-003
  2.1280000e+003  5.8300000e+001 -7.0000000e-003  1.0000000e-003
  2.1480000e+003  5.9300000e+001 -7.0000000e-003  1.0000000e-003
  2.1680000e+003  5.9900000e+001 -7.0000000e-003  1.0000000e-003
  2.1880000e+003  6.0700000e+001 -7.0000000e-003  1.0000000e-003
  2.2080000e+003  6.1400000e+001 -7.0000000e-003  1.0000000e-003
  2.2280000e+003  6.1600000e+001 -7.0000000e-003  1.0000000e-003
  2.2480000e+003  6.3000000e+001 -7.0000000e-003  1.0000000e-003
  2.2680000e+003  6.3300000e+001 -7.0000000e-003  1.0000000e-003
  2.2880000e+003  6.4600000e+001 -7.0000000e-003  1.0000000e-003
  2.3080000e+003  6.5300000e+001 -7.0000000e-003  1.0000000e-003
  2.3280000e+003  6.6200000e+001 -7.0000000e-003  1.0000000e-003
  2.3480000e+003  6.6800000e+001 -7.0000000e-003  1.0000000e-003
  2.3680000e+003  6.7400000e+001 -7.0000000e-003  1.0000000e-003
  2.3880000e+003  6.8100000e+001 -7.0000000e-003  1.0000000e-003
  2.4080000e+003  6.9100000e+001 -7.0000000e-003  1.0000000e-003
  2.4280000e+003  6.9800000e+001 -7.0000000e-003  1.0000000e-003
  2.4480000e+003  7.0700000e+001 -7.0000000e-003  1.0000000e-003
  2.4680000e+003  7.1600000e+001 -7.0000000e-003  1.0000000e-003
  2.4880000e+003  7.2300000e+001 -8.0000000e-003  1.0000000e-003
  2.5080000e+003  7.2600000e+001 -8.0000000e-003  1.0000000e-003
  2.5280000e+003  7.3700000e+001 -8.0000000e-003  1.0000000e-003
  2.5480000e+003  7.4900000e+001 -8.0000000e-003  1.0000000e-003
  2.5690000e+003  7.5400000e+001 -8.0000000e-003  1.0000000e-003
  2.5890000e+003  7.6500000e+001 -8.0000000e-003  1.0000000e-003
  2.6090000e+003  7.7200000e+001 -8.0000000e-003  1.0000000e-003
  2.6290000e+003  7.7900000e+001 -8.0000000e-003  1.0000000e-003
  2.6490000e+003  7.9100000e+001 -8.0000000e-003  1.0000000e-003
  2.6690000e+003  8.0000000e+001 -8.0000000e-003  1.0000000e-003
  2.6890000e+003  8.0700000e+001 -8.0000000e-003  1.0000000e-003
  2.7090000e+003  8.1900000e+001 -8.0000000e-003  1.0000000e-003
  2.7290000e+003  8.2400000e+001 -8.0000000e-003  1.0000000e-003
  2.7490000e+003  8.3100000e+001 -8.0000000e-003  1.0000000e-003
  2.7690000e+003  8.4000000e+001 -8.0000000e-003  1.0000000e-003
  2.7890000e+003  8.5100000e+001 -8.0000000e-003  1.0000000e-003
  2.8090000e+003  8.6300000e+001 -8.0000000e-003  1.0000000e-003
  2.8290000e+003  8.7200000e+001 -8.0000000e-003  1.0000000e-003
  2.8490000e+003  8.7800000e+001 -8.0000000e-003  1.0000000e-003
  2.8690000e+003  8.8900000e+001 -8.0000000e-003  1.0000000e-003
  2.8890000e+003  8.9600000e+001 -8.0000000e-003  1.0000000e-003
  2.9090000e+003  9.0800000e+001 -8.0000000e-003  1.0000000e-003
  2.9290000e+003  9.1300000e+001 -8.0000000e-003  1.0000000e-003
  2.9490000e+003  9.2100000e+001 -8.0000000e-003  1.0000000e-003
  2.9690000e+003  9.3100000e+001 -8.0000000e-003  1.0000000e-003
  2.9890000e+003  9.4000000e+001 -8.0000000e-003  1.0000000e-003
  3.0090000e+003  9.4800000e+001 -8.0000000e-003  1.0000000e-003
  3.0290000e+003  9.5700000e+001 -8.0000000e-003  1.0000000e-003
  3.0490000e+003  9.6900000e+001 -8.0000000e-003  1.0000000e-003
  3.0690000e+003  9.7800000e+001 -8.0000000e-003  1.0000000e-003
  3.0890000e+003  9.8300000e+001 -8.0000000e-003  1.0000000e-003
  3.1090000e+003  1.0010000e+002 -8.0000000e-003  1.0000000e-003
  3.1290000e+003  1.0120000e+002 -8.0000000e-003  1.0000000e-003
  3.1490000e+003  1.0150000e+002 -8.0000000e-003  1.0000000e-003
  3.1690000e+003  1.0310000e+002 -8.0000000e-003  1.0000000e-003
  3.1890000e+003  1.0390000e+002 -8.0000000e-003  1.0000000e-003
  3.2090000e+003  1.0520000e+002 -8.0000000e-003  1.0000000e-003
  3.2290000e+003  1.0600000e+002 -8.0000000e-003  1.0000000e-003
  3.2490000e+003  1.0690000e+002 -8.0000000e-003  1.0000000e-003
  3.2690000e+003  1.0800000e+002 -8.0000000e-003  1.0000000e-003
  3.2890000e+003  1.0880000e+002 -8.0000000e-003  1.0000000e-003
  3.3090000e+003  1.0990000e+002 -8.0000000e-003  1.0000000e-003
  3.3290000e+003  1.1110000e+002 -8.0000000e-003  1.0000000e-003
  3.3490000e+003  1.1180000e+002 -8.0000000e-003  1.0000000e-003
  3.3700000e+003  1.1300000e+002 -8.0000000e-003  1.0000000e-003
  3.3900000e+003  1.1410000e+002 -8.0000000e-003  1.0000000e-003
  3.4100000e+003  1.1500000e+002 -8.0000000e-003  1.0000000e-003
  3.4300000e+003  1.1580000e+002 -8.0000000e-003  1.0000000e-003
  3.4500000e+003  1.1670000e+002 -8.0000000e-003  1.0000000e-003
  3.4700000e+003  1.1800000e+002 -8.0000000e-003  1.0000000e-003
  3.4900000e+003  1.1920000e+002 -8.0000000e-003  1.0000000e-003
  3.5100000e+003  1.2000000e+002 -8.0000000e-003  1.0000000e-003
  3.5300000e+003  1.2130000e+002 -8.0000000e-003  1.0000000e-003
  3.5500000e+003  1.2200000e+002 -8.0000000e-003  1.0000000e-003
  3.5700000e+003  1.2300000e+002 -8.0000000e-003  1.0000000e-003
  3.5900000e+003  1.2390000e+002 -8.0000000e-003  1.0000000e-003
  3.6100000e+003  1.2510000e+002 -8.0000000e-003  1.0000000e-003
  3.6300000e+003  1.2580000e+002 -8.0000000e-003  1.0000000e-003
  3.6500000e+003  1.2690000e+002 -8.0000000e-003  1.0000000e-003
  3.6700000e+003  1.2840000e+002 -8.0000000e-003  1.0000000e-003
  3.6900000e+003  1.2950000e+002 -8.0000000e-003  1.0000000e-003
  3.7100000e+003  1.3000000e+002 -8.0000000e-003  1.0000000e-003
  3.7300000e+003  1.3110000e+002 -8.0000000e-003  1.0000000e-003
  3.7500000e+003  1.3270000e+002 -8.0000000e-003  1.0000000e-003
  3.7700000e+003  1.3350000e+002 -8.0000000e-003  1.0000000e-003
  3.7900000e+003  1.3460000e+002 -8.0000000e-003  1.0000000e-003
  3.8100000e+003  1.3580000e+002 -8.0000000e-003  1.0000000e-003
  3.8300000e+003  1.3700000e+002 -8.0000000e-003  1.0000000e-003
  3.8500000e+003  1.3830000e+002 -8.0000000e-003  1.0000000e-003
  3.8700000e+003  1.3950000e+002 -8.0000000e-003  1.0000000e-003
  3.8900000e+003  1.4040000e+002 -8.0000000e-003  1.0000000e-003
  3.9100000e+003  1.4120000e+002 -8.0000000e-003  1.0000000e-003
  3.9300000e+003  1.4280000e+002 -8.0000000e-003  1.0000000e-003
  3.9500000e+003  1.4370000e+002 -8.0000000e-003  1.0000000e-003
  3.9700000e+003  1.4490000e+002 -8.0000000e-003  1.0000000e-003
  3.9900000e+003  1.4630000e+002 -8.0000000e-003  1.0000000e-003
  4.0100000e+003  1.4750000e+002 -8.0000000e-003  1.0000000e-003
  4.0300000e+003  1.4840000e+002 -8.0000000e-003  1.0000000e-003
  4.0500000e+003  1.4960000e+002 -8.0000000e-003  1.0000000e-003
  4.0700000e+003  1.5080000e+002 -8.0000000e-003  1.0000000e-003
  4.0900000e+003  1.5170000e+002 -8.0000000e-003  1.0000000e-003
  4.1100000e+003  1.5240000e+002 -8.0000000e-003  1.0000000e-003
  4.1300000e+003  1.5360000e+002 -8.0000000e-003  1.0000000e-003
  4.1500000e+003  1.5470000e+002 -8.0000000e-003  1.0000000e-003
  4.1700000e+003  1.5520000e+002 -8.0000000e-003  1.0000000e-003
  4.1900000e+003  1.5680000e+002 -7.0000000e-003  1.0000000e-003
  4.2100000e+003  1.5790000e+002 -7.0000000e-003  1.0000000e-003
  4.2300000e+003  1.5870000e+002 -7.0000000e-003  1.0000000e-003
  4.2500000e+003  1.6010000e+002 -7.0000000e-003  1.0000000e-003
  4.2700000e+003  1.6120000e+002 -7.0000000e-003  1.0000000e-003
  4.2910000e+003  1.6220000e+002 -7.0000000e-003  1.0000000e-003
  4.3110000e+003  1.6340000e+002 -7.0000000e-003  1.0000000e-003
  4.3310000e+003  1.6450000e+002 -7.0000000e-003  1.0000000e-003
  4.3510000e+003  1.6560000e+002 -7.0000000e-003  1.0000000e-003
  4.3710000e+003  1.6680000e+002 -7.0000000e-003  1.0000000e-003
  4.3910000e+003  1.6780000e+002 -7.0000000e-003  1.0000000e-003
  4.4110000e+003  1.6920000e+002 -7.0000000e-003  1.0000000e-003
  4.4310000e+003  1.7010000e+002 -7.0000000e-003  1.0000000e-003
  4.4510000e+003  1.7130000e+002 -7.0000000e-003  1.0000000e-003
  4.4710000e+003  1.7270000e+002 -7.0000000e-003  1.0000000e-003
  4.4910000e+003  1.7380000e+002 -7.0000000e-003  1.0000000e-003
  4.5110000e+003  1.7460000e+002 -7.0000000e-003  1.0000000e-003
  4.5310000e+003  1.7590000e+002 -7.0000000e-003  1.0000000e-003
  4.5510000e+003  1.7710000e+002 -7.0000000e-003  1.0000000e-003
  4.5710000e+003  1.7830000e+002 -7.0000000e-003  1.0000000e-003
  4.5910000e+003  1.7940000e+002 -7.0000000e-003  1.0000000e-003
  4.6110000e+003  1.8030000e+002 -7.0000000e-003  1.0000000e-003
  4.6310000e+003  1.8150000e+002 -7.0000000e-003  1.0000000e-003
  4.6510000e+003  1.8250000e+002 -7.0000000e-003  1.0000000e-003
  4.6710000e+003  1.8360000e+002 -7.0000000e-003  1.0000000e-003
  4.6910000e+003  1.8480000e+002 -6.0000000e-003  1.0000000e-003
  4.7110000e+003  1.8620000e+002 -6.0000000e-003  1.0000000e-003
  4.7310000e+003  1.8670000e+002 -6.0000000e-003  1.0000000e-003
  4.7510000e+003  1.8810000e+002 -6.0000000e-003  1.0000000e-003
  4.7710000e+003  1.8930000e+002 -6.0000000e-003  1.0000000e-003
  4.7910000e+003  1.9060000e+002 -6.0000000e-003  1.0000000e-003
  4.8110000e+003  1.9160000e+002 -6.0000000e-003  1.0000000e-003
  4.8310000e+003  1.9300000e+002 -6.0000000e-003  1.0000000e-003
  4.8510000e+003  1.9410000e+002 -6.0000000e-003  1.0000000e-003
  4.8710000e+003  1.9510000e+002 -6.0000000e-003  1.0000000e-003
  4.8910000e+003  1.9640000e+002 -6.0000000e-003  1.0000000e-003
  4.9110000e+003  1.9760000e+002 -6.0000000e-003  1.0000000e-003
  4.9310000e+003  1.9900000e+002 -6.0000000e-003  1.0000000e-003
  4.9510000e+003  2.0000000e+002 -6.0000000e-003  1.0000000e-003
  4.9710000e+003  2.0090000e+002 -6.0000000e-003  1.0000000e-003
  4.9910000e+003  2.0230000e+002 -6.0000000e-003  1.0000000e-003
  5.0110000e+003  2.0370000e+002 -6.0000000e-003  1.0000000e-003
  5.0310000e+003  2.0440000e+002 -5.0000000e-003  1.0000000e-003
  5.0510000e+003  2.0580000e+002 -5.0000000e-003  1.0000000e-003
  5.0710000e+003  2.0670000e+002 -5.0000000e-003  1.0000000e-003
  5.0910000e+003  2.0790000e+002 -5.0000000e-003  1.0000000e-003
  5.1110000e+003  2.0880000e+002 -5.0000000e-003  1.0000000e-003
  5.1310000e+003  2.0980000e+002 -5.0000000e-003  1.0000000e-003
  5.1510000e+003  2.1110000e+002 -5.0000000e-003  1.0000000e-003
  5.1720000e+003  2.1210000e+002 -5.0000000e-003  1.0000000e-003
  5.1920000e+003  2.1320000e+002 -5.0000000e-003  1.0000000e-003
  5.2120000e+003  2.1440000e+002 -5.0000000e-003  1.0000000e-003
  5.2320000e+003  2.1540000e+002 -5.0000000e-003  1.0000000e-003
  5.2520000e+003  2.1670000e+002 -5.0000000e-003  1.0000000e-003
  5.2720000e+003  2.1770000e+002 -5.0000000e-003  1.0000000e-003
  5.2920000e+003  2.1880000e+002 -5.0000000e-003  1.0000000e-003
  5.3120000e+003  2.2000000e+002 -5.0000000e-003  1.0000000e-003
  5.3320000e+003  2.2100000e+002 -5.0000000e-003  1.0000000e-003
  5.3520000e+003  2.2230000e+002 -4.0000000e-003  1.0000000e-003
  5.3720000e+003  2.2370000e+002 -4.0000000e-003  1.0000000e-003
  5.3920000e+003  2.2450000e+002 -4.0000000e-003  1.0000000e-003
  5.4120000e+003  2.2570000e+002 -4.0000000e-003  1.0000000e-003
  5.4320000e+003  2.2680000e+002 -4.0000000e-003  1.0000000e-003
  5.4520000e+003  2.2820000e+002 -4.0000000e-003  1.0000000e-003
  5.4720000e+003  2.2930000e+002 -4.0000000e-003  1.0000000e-003
  5.4920000e+003  2.3050000e+002 -4.0000000e-003  1.0000000e-003
  5.5120000e+003  2.3170000e+002 -4.0000000e-003  1.0000000e-003
  5.5320000e+003  2.3280000e+002 -4.0000000e-003  1.0000000e-003
  5.5520000e+003  2.3400000e+002 -4.0000000e-003  1.0000000e-003
  5.5720000e+003  2.3500000e+002 -4.0000000e-003  1.0000000e-003
  5.5920000e+003  2.3610000e+002 -4.0000000e-003  1.0000000e-003
  5.6120000e+003  2.3710000e+002 -4.0000000e-003  1.0000000e-003
  5.6320000e+003  2.3820000e+002 -4.0000000e-003  1.0000000e-003
  5.6520000e+003  2.3960000e+002 -4.0000000e-003  1.0000000e-003
  5.6720000e+003  2.4040000e+002 -4.0000000e-003  1.0000000e-003
  5.6920000e+003  2.4170000e+002 -4.0000000e-003  1.0000000e-003
  5.7120000e+003  2.4290000e+002 -4.0000000e-003  1.0000000e-003
  5.7320000e+003  2.4430000e+002 -4.0000000e-003  1.0000000e-003
  5.7520000e+003  2.4540000e+002 -4.0000000e-003  1.0000000e-003
  5.7720000e+003  2.4660000e+002 -3.0000000e-003  1.0000000e-003
  5.7920000e+003  2.4820000e+002 -3.0000000e-003  1.0000000e-003
  5.8120000e+003  2.4900000e+002 -3.0000000e-003  1.0000000e-003
  5.8320000e+003  2.5030000e+002 -3.0000000e-003  1.0000000e-003
  5.8520000e+003  2.5130000e+002 -3.0000000e-003  1.0000000e-003
  5.8720000e+003  2.5270000e+002 -3.0000000e-003  1.0000000e-003
  5.8920000e+003  2.5360000e+002 -3.0000000e-003  1.0000000e-003
  5.9120000e+003  2.5480000e+002 -3.0000000e-003  1.0000000e-003
  5.9320000e+003  2.5620000e+002 -3.0000000e-003  1.0000000e-003
  5.9520000e+003  2.5730000e+002 -3.0000000e-003  1.0000000e-003
  5.9720000e+003  2.5880000e+002 -3.0000000e-003  1.0000000e-003
  5.9920000e+003  2.5970000e+002 -3.0000000e-003  1.0000000e-003
  6.0120000e+003  2.6090000e+002 -3.0000000e-003  1.0000000e-003
  6.0320000e+003  2.6210000e+002 -3.0000000e-003  1.0000000e-003
  6.0520000e+003  2.6320000e+002 -3.0000000e-003  1.0000000e-003
  6.0720000e+003  2.6430000e+002 -3.0000000e-003  1.0000000e-003
  6.0920000e+003  2.6570000e+002 -3.0000000e-003  1.0000000e-003
  6.1120000e+003  2.6670000e+002 -3.0000000e-003  1.0000000e-003
  6.1320000e+003  2.6810000e+002 -3.0000000e-003  1.0000000e-003
  6.1520000e+003  2.6910000e+002 -3.0000000e-003  1.0000000e-003
  6.1730000e+003  2.7040000e+002 -3.0000000e-003  1.0000000e-003
  6.1930000e+003  2.7140000e+002 -3.0000000e-003  1.0000000e-003
  6.2130000e+003  2.7280000e+002 -3.0000000e-003  1.0000000e-003
  6.2330000e+003  2.7400000e+002 -3.0000000e-003  1.0000000e-003
  6.2530000e+003  2.7490000e+002 -3.0000000e-003  1.0000000e-003
  6.2730000e+003  2.7610000e+002 -3.0000000e-003  1.0000000e-003
  6.2930000e+003  2.7740000e+002 -2.0000000e-003  1.0000000e-003
  6.3130000e+003  2.7880000e+002 -2.0000000e-003  1.0000000e-003
  6.3330000e+003  2.7980000e+002 -2.0000000e-003  1.0000000e-003
  6.3530000e+003  2.8100000e+002 -2.0000000e-003  1.0000000e-003
  6.3730000e+003  2.8230000e+002 -2.0000000e-003  1.0000000e-003
  6.3930000e+003  2.8330000e+002 -2.0000000e-003  1.0000000e-003
  6.4130000e+003  2.8450000e+002 -2.0000000e-003  1.0000000e-003
  6.4330000e+003  2.8580000e+002 -2.0000000e-003  1.0000000e-003
  6.4530000e+003  2.8680000e+002 -2.0000000e-003  1.0000000e-003
  6.4730000e+003  2.8800000e+002 -2.0000000e-003  1.0000000e-003
  6.4930000e+003  2.8910000e+002 -2.0000000e-003  1.0000000e-003
  6.5130000e+003  2.9010000e+002 -2.0000000e-003  1.0000000e-003
  6.5330000e+003  2.9140000e+002 -2.0000000e-003  1.0000000e-003
  6.5530000e+003  2.9240000e+002 -2.0000000e-003  1.0000000e-003
  6.5730000e+003  2.9310000e+002 -2.0000000e-003  1.0000000e-003
  6.5930000e+003  2.9470000e+002 -2.0000000e-003  1.0000000e-003
  6.6130000e+003  2.9590000e+002 -2.0000000e-003  1.0000000e-003
  6.6330000e+003  2.9700000e+002 -2.0000000e-003  1.0000000e-003
  6.6530000e+003  2.9820000e+002 -2.0000000e-003  1.0000000e-003
  6.6730000e+003  2.9960000e+002 -2.0000000e-003  1.0000000e-003
  6.6930000e+003  3.0080000e+002 -2.0000000e-003  1.0000000e-003
  6.7130000e+003  3.0170000e+002 -2.0000000e-003  1.0000000e-003
  6.7330000e+003  3.0310000e+002 -1.0000000e-003  1.0000000e-003
  6.7530000e+003  3.0410000e+002 -1.0000000e-003  1.0000000e-003
  6.7730000e+003  3.0540000e+002 -1.0000000e-003  1.0000000e-003
  6.7930000e+003  3.0660000e+002 -1.0000000e-003  1.0000000e-003
  6.8130000e+003  3.0760000e+002 -1.0000000e-003  1.0000000e-003
  6.8330000e+003  3.0900000e+002 -1.0000000e-003  1.0000000e-003
  6.8530000e+003  3.1010000e+002 -1.0000000e-003  1.0000000e-003
  6.8730000e+003  3.1150000e+002 -1.0000000e-003  1.0000000e-003
  6.8930000e+003  3.1260000e+002 -1.0000000e-003  1.0000000e-003
  6.9130000e+003  3.1380000e+002 -1.0000000e-003  1.0000000e-003
  6.9330000e+003  3.1480000e+002 -1.0000000e-003  1.0000000e-003
  6.9530000e+003  3.1600000e+002 -1.0000000e-003  1.0000000e-003
  6.9730000e+003  3.1710000e+002 -1.0000000e-003  1.0000000e-003
  6.9930000e+003  3.1830000e+002 -1.0000000e-003  1.0000000e-003
  7.0130000e+003  3.1940000e+002 -1.0000000e-003  1.0000000e-003
  7.0340000e+003  3.2060000e+002 -1.0000000e-003  1.0000000e-003
  7.0540000e+003  3.2180000e+002 -1.0000000e-003  1.0000000e-003
  7.0740000e+003  3.2320000e+002 -1.0000000e-003  1.0000000e-003
  7.0940000e+003  3.2430000e+002 -1.0000000e-003  1.0000000e-003
  7.1140000e+003  3.2550000e+002 -1.0000000e-003  1.0000000e-003
  7.1340000e+003  3.2690000e+002  0.0000000e+000  1.0000000e-003
  7.1540000e+003  3.2800000e+002  0.0000000e+000  1.0000000e-003
  7.1740000e+003  3.2940000e+002  0.0000000e+000  1.0000000e-003
  7.1940000e+003  3.3060000e+002  0.0000000e+000  1.0000000e-003
  7.2140000e+003  3.3180000e+002  0.0000000e+000  1.0000000e-003
  7.2340000e+003  3.3300000e+002  0.0000000e+000  1.0000000e-003
  7.2540000e+003  3.3410000e+002  0.0000000e+000  1.0000000e-003
  7.2740000e+003  3.3550000e+002  0.0000000e+000  1.0000000e-003
  7.2940000e+003  3.3650000e+002  0.0000000e+000  1.0000000e-003
  7.3140000e+003  3.3770000e+002  0.0000000e+000  1.0000000e-003
  7.3340000e+003  3.3900000e+002  0.0000000e+000  1.0000000e-003
  7.3540000e+003  3.4020000e+002  0.0000000e+000  1.0000000e-003
  7.3740000e+003  3.4140000e+002  0.0000000e+000  1.0000000e-003
  7.3940000e+003  3.4250000e+002  0.0000000e+000  1.0000000e-003
  7.4140000e+003  3.4370000e+002  0.0000000e+000  1.0000000e-003
  7.4340000e+003  3.4490000e+002  0.0000000e+000  1.0000000e-003
  7.4540000e+003  3.4600000e+002  1.0000000e-003  1.0000000e-003
  7.4740000e+003  3.4740000e+002  1.0000000e-003  1.0000000e-003
  7.4940000e+003  3.4840000e+002  1.0000000e-003  1.0000000e-003
  7.5140000e+003  3.4960000e+002  1.0000000e-003  1.0000000e-003
  7.5340000e+003  3.5090000e+002  1.0000000e-003  1.0000000e-003
  7.5540000e+003  3.5210000e+002  1.0000000e-003  1.0000000e-003
  7.5740000e+003  3.5350000e+002  1.0000000e-003  1.0000000e-003
  7.5940000e+003  3.5440000e+002  1.0000000e-003  1.0000000e-003
  7.6140000e+003  3.5580000e+002  1.0000000e-003  1.0000000e-003
  7.6340000e+003  3.5680000e+002  1.0000000e-003  1.0000000e-003
  7.6540000e+003  3.5790000e+002  1.0000000e-003  1.0000000e-003
  7.6740000e+003  3.5930000e+002  1.0000000e-003  1.0000000e-003
  7.6940000e+003  3.6050000e+002  1.0000000e-003  1.0000000e-003
  7.7140000e+003  3.6170000e+002  1.0000000e-003  1.0000000e-003
  7.7340000e+003  3.6280000e+002  1.0000000e-003  1.0000000e-003
  7.7540000e+003  3.6420000e+002  1.0000000e-003  1.0000000e-003
  7.7740000e+003  3.6540000e+002  2.0000000e-003  1.0000000e-003
  7.7940000e+003  3.6640000e+002  2.0000000e-003  1.0000000e-003
  7.8140000e+003  3.6750000e+002  2.0000000e-003  1.0000000e-003
  7.8340000e+003  3.6850000e+002  2.0000000e-003  1.0000000e-003
  7.8540000e+003  3.6960000e+002  2.0000000e-003  1.0000000e-003
  7.8740000e+003  3.7080000e+002  2.0000000e-003  1.0000000e-003
  7.8940000e+003  3.7190000e+002  2.0000000e-003  1.0000000e-003
  7.9140000e+003  3.7310000e+002  2.0000000e-003  1.0000000e-003
  7.9350000e+003  3.7430000e+002  2.0000000e-003  1.0000000e-003
  7.9550000e+003  3.7570000e+002  2.0000000e-003  1.0000000e-003
  7.9750000e+003  3.7680000e+002  2.0000000e-003  1.0000000e-003
  7.9950000e+003  3.7800000e+002  2.0000000e-003  1.0000000e-003
  8.0150000e+003  3.7920000e+002  2.0000000e-003  1.0000000e-003
  8.0350000e+003  3.8030000e+002  3.0000000e-003  1.0000000e-003
  8.0550000e+003  3.8150000e+002  3.0000000e-003  1.0000000e-003
  8.0750000e+003  3.8270000e+002  3.0000000e-003  1.0000000e-003
  8.0950000e+003  3.8410000e+002  3.0000000e-003  1.0000000e-003
  8.1150000e+003  3.8500000e+002  3.0000000e-003  1.0000000e-003
  8.1350000e+003  3.8600000e+002  3.0000000e-003  1.0000000e-003
  8.1550000e+003  3.8740000e+002  3.0000000e-003  1.0000000e-003
  8.1750000e+003  3.8870000e+002  3.0000000e-003  1.0000000e-003
  8.1950000e+003  3.8990000e+002  3.0000000e-003  1.0000000e-003
  8.2150000e+003  3.9130000e+002  3.0000000e-003  1.0000000e-003
  8.2350000e+003  3.9200000e+002  3.0000000e-003  1.0000000e-003
  8.2550000e+003  3.9320000e+002  3.0000000e-003  1.0000000e-003
  8.2750000e+003  3.9460000e+002  3.0000000e-003  1.0000000e-003
  8.2950000e+003  3.9570000e+002  4.0000000e-003  1.0000000e-003
  8.3150000e+003  3.9670000e+002  4.0000000e-003  1.0000000e-003
  8.3350000e+003  3.9800000e+002  4.0000000e-003  1.0000000e-003
  8.3550000e+003  3.9940000e+002  4.0000000e-003  1.0000000e-003
  8.3750000e+003  4.0040000e+002  4.0000000e-003  1.0000000e-003
  8.3950000e+003  4.0150000e+002  4.0000000e-003  1.0000000e-003
  8.4150000e+003  4.0270000e+002  4.0000000e-003  1.0000000e-003
  8.4350000e+003  4.0410000e+002  4.0000000e-003  1.0000000e-003
  8.4550000e+003  4.0490000e+002  4.0000000e-003  1.0000000e-003
  8.4750000e+003  4.0650000e+002  4.0000000e-003  1.0000000e-003
  8.4950000e+003  4.0780000e+002  4.0000000e-003  1.0000000e-003
  8.5150000e+003  4.0900000e+002  4.0000000e-003  1.0000000e-003
  8.5350000e+003  4.0990000e+002  4.0000000e-003  1.0000000e-003
  8.5550000e+003  4.1110000e+002  4.0000000e-003  1.0000000e-003
  8.5750000e+003  4.1230000e+002  4.0000000e-003  1.0000000e-003
  8.5950000e+003  4.1370000e+002  5.0000000e-003  1.0000000e-003
  8.6150000e+003  4.1440000e+002  5.0000000e-003  1.0000000e-003
  8.6350000e+003  4.1560000e+002  5.0000000e-003  1.0000000e-003
  8.6550000e+003  4.1720000e+002  5.0000000e-003  1.0000000e-003
  8.6750000e+003  4.1830000e+002  5.0000000e-003  1.0000000e-003
  8.6950000e+003  4.1900000e+002  5.0000000e-003  1.0000000e-003
  8.7150000e+003  4.2040000e+002  5.0000000e-003  1.0000000e-003
  8.7350000e+003  4.2160000e+002  5.0000000e-003  1.0000000e-003
  8.7550000e+003  4.2280000e+002  5.0000000e-003  1.0000000e-003
  8.7750000e+003  4.2400000e+002  5.0000000e-003  1.0000000e-003
  8.7950000e+003  4.2520000e+002  5.0000000e-003  1.0000000e-003
  8.8150000e+003  4.2650000e+002  5.0000000e-003  1.0000000e-003
  8.8350000e+003  4.2750000e+002  5.0000000e-003  1.0000000e-003
  8.8550000e+003  4.2880000e+002  5.0000000e-003  1.0000000e-003
  8.8750000e+003  4.3010000e+002  5.0000000e-003  1.0000000e-003
  8.8950000e+003  4.3120000e+002  6.0000000e-003  1.0000000e-003
  8.9150000e+003  4.3240000e+002  6.0000000e-003  1.0000000e-003
  8.9350000e+003  4.3350000e+002  6.0000000e-003  1.0000000e-003
  8.9560000e+003  4.3490000e+002  6.0000000e-003  1.0000000e-003
  8.9800000e+003  4.3630000e+002  6.0000000e-003  1.0000000e-003
  9.0010000e+003  4.3770000e+002  6.0000000e-003  1.0000000e-003
  9.0210000e+003  4.3870000e+002  6.0000000e-003  1.0000000e-003
  9.0410000e+003  4.3980000e+002  6.0000000e-003  1.0000000e-003
  9.0610000e+003  4.4120000e+002  6.0000000e-003  1.0000000e-003
  9.0810000e+003  4.4240000e+002  6.0000000e-003  1.0000000e-003
  9.1010000e+003  4.4340000e+002  6.0000000e-003  1.0000000e-003
  9.1210000e+003  4.4450000e+002  6.0000000e-003  1.0000000e-003
  9.1410000e+003  4.4550000e+002  6.0000000e-003  1.0000000e-003
  9.1610000e+003  4.4680000e+002  6.0000000e-003  1.0000000e-003
  9.1810000e+003  4.4770000e+002  6.0000000e-003  1.0000000e-003
  9.2010000e+003  4.4890000e+002  6.0000000e-003  1.0000000e-003
  9.2210000e+003  4.5010000e+002  6.0000000e-003  1.0000000e-003
  9.2410000e+003  4.5130000e+002  7.0000000e-003  1.0000000e-003
  9.2610000e+003  4.5250000e+002  7.0000000e-003  1.0000000e-003
  9.2810000e+003  4.5380000e+002  7.0000000e-003  1.0000000e-003
  9.3010000e+003  4.5480000e+002  7.0000000e-003  1.0000000e-003
  9.3210000e+003  4.5590000e+002  7.0000000e-003  1.0000000e-003
  9.3410000e+003  4.5690000e+002  7.0000000e-003  1.0000000e-003
  9.3610000e+003  4.5810000e+002  7.0000000e-003  1.0000000e-003
  9.3810000e+003  4.5940000e+002  7.0000000e-003  1.0000000e-003
  9.4010000e+003  4.6060000e+002  7.0000000e-003  1.0000000e-003
  9.4210000e+003  4.6160000e+002  7.0000000e-003  1.0000000e-003
  9.4410000e+003  4.6270000e+002  7.0000000e-003  1.0000000e-003
  9.4610000e+003  4.6370000e+002  7.0000000e-003  1.0000000e-003
  9.4810000e+003  4.6510000e+002  7.0000000e-003  1.0000000e-003
  9.5010000e+003  4.6620000e+002  7.0000000e-003  1.0000000e-003
  9.5210000e+003  4.6730000e+002  7.0000000e-003  1.0000000e-003
  9.5410000e+003  4.6850000e+002  7.0000000e-003  1.0000000e-003
  9.5610000e+003  4.6940000e+002  7.0000000e-003  1.0000000e-003
  9.5810000e+003  4.7060000e+002  7.0000000e-003  1.0000000e-003
  9.6010000e+003  4.7150000e+002  7.0000000e-003  1.0000000e-003
  9.6210000e+003  4.7270000e+002  7.0000000e-003  1.0000000e-003
  9.6410000e+003  4.7370000e+002  8.0000000e-003  1.0000000e-003
  9.6610000e+003  4.7480000e+002  8.0000000e-003  1.0000000e-003
  9.6810000e+003  4.7600000e+002  8.0000000e-003  1.0000000e-003
  9.7010000e+003  4.7720000e+002  8.0000000e-003  1.0000000e-003
  9.7210000e+003  4.7850000e+002  8.0000000e-003  1.0000000e-003
  9.7410000e+003  4.7930000e+002  8.0000000e-003  1.0000000e-003
  9.7610000e+003  4.8070000e+002  8.0000000e-003  1.0000000e-003
  9.7810000e+003  4.8180000e+002  8.0000000e-003  1.0000000e-003
  9.8010000e+003  4.8300000e+002  8.0000000e-003  1.0000000e-003
  9.8210000e+003  4.8410000e+002  8.0000000e-003  1.0000000e-003
  9.8410000e+003  4.8530000e+002  8.0000000e-003  1.0000000e-003
  9.8610000e+003  4.8650000e+002  8.0000000e-003  1.0000000e-003
  9.8810000e+003  4.8770000e+002  8.0000000e-003  1.0000000e-003
  9.9010000e+003  4.8880000e+002  8.0000000e-003  1.0000000e-003
  9.9210000e+003  4.8980000e+002  8.0000000e-003  1.0000000e-003
  9.9410000e+003  4.9090000e+002  8.0000000e-003  1.0000000e-003
  9.9610000e+003  4.9190000e+002  8.0000000e-003  1.0000000e-003
  9.9810000e+003  4.9310000e+002  8.0000000e-003  1.0000000e-003
  1.0001000e+004  4.9400000e+002  8.0000000e-003  1.0000000e-003
  1.0021000e+004  4.9490000e+002  8.0000000e-003  1.0000000e-003
  1.0041000e+004  4.9610000e+002  8.0000000e-003  1.0000000e-003
  1.0061000e+004  4.9740000e+002  8.0000000e-003  1.0000000e-003
  1.0081000e+004  4.9840000e+002  8.0000000e-003  1.0000000e-003
  1.0101000e+004  4.9960000e+002  8.0000000e-003  1.0000000e-003
  1.0122000e+004  5.0070000e+002  8.0000000e-003  1.0000000e-003
  1.0146000e+004  5.0210000e+002  8.0000000e-003  1.0000000e-003
  1.0167000e+004  5.0310000e+002  8.0000000e-003  1.0000000e-003
  1.0187000e+004  5.0420000e+002  8.0000000e-003  1.0000000e-003
  1.0207000e+004  5.0560000e+002  9.0000000e-003  1.0000000e-003
  1.0227000e+004  5.0660000e+002  9.0000000e-003  1.0000000e-003
  1.0247000e+004  5.0770000e+002  9.0000000e-003  1.0000000e-003
  1.0267000e+004  5.0870000e+002  9.0000000e-003  1.0000000e-003
  1.0287000e+004  5.0980000e+002  9.0000000e-003  1.0000000e-003
  1.0307000e+004  5.1100000e+002  9.0000000e-003  1.0000000e-003
  1.0327000e+004  5.1200000e+002  9.0000000e-003  1.0000000e-003
  1.0347000e+004  5.1330000e+002  9.0000000e-003  1.0000000e-003
  1.0367000e+004  5.1430000e+002  9.0000000e-003  1.0000000e-003
  1.0387000e+004  5.1550000e+002  9.0000000e-003  1.0000000e-003
  1.0407000e+004  5.1680000e+002  9.0000000e-003  1.0000000e-003
  1.0427000e+004  5.1770000e+002  9.0000000e-003  1.0000000e-003
  1.0447000e+004  5.1870000e+002  9.0000000e-003  1.0000000e-003
  1.0467000e+004  5.1960000e+002  9.0000000e-003  1.0000000e-003
  1.0487000e+004  5.2080000e+002  9.0000000e-003  1.0000000e-003
  1.0507000e+004  5.2200000e+002  9.0000000e-003  1.0000000e-003
  1.0527000e+004  5.2310000e+002  9.0000000e-003  1.0000000e-003
  1.0547000e+004  5.2410000e+002  9.0000000e-003  1.0000000e-003
  1.0567000e+004  5.2520000e+002  9.0000000e-003  1.0000000e-003
  1.0587000e+004  5.2660000e+002  9.0000000e-003  1.0000000e-003
  1.0607000e+004  5.2730000e+002  9.0000000e-003  1.0000000e-003
  1.0627000e+004  5.2850000e+002  9.0000000e-003  1.0000000e-003
  1.0647000e+004  5.2950000e+002  9.0000000e-003  1.0000000e-003
  1.0667000e+004  5.3060000e+002  9.0000000e-003  1.0000000e-003
  1.0687000e+004  5.3160000e+002  9.0000000e-003  1.0000000e-003
  1.0707000e+004  5.3320000e+002  1.0000000e-002  1.0000000e-003
  1.0727000e+004  5.3410000e+002  1.0000000e-002  1.0000000e-003
  1.0747000e+004  5.3530000e+002  1.0000000e-002  1.0000000e-003
  1.0767000e+004  5.3620000e+002  1.0000000e-002  1.0000000e-003
  1.0787000e+004  5.3740000e+002  1.0000000e-002  1.0000000e-003
  1.0807000e+004  5.3850000e+002  1.0000000e-002  1.0000000e-003
  1.0827000e+004  5.3950000e+002  1.0000000e-002  1.0000000e-003
  1.0847000e+004  5.4080000e+002  1.0000000e-002  1.0000000e-003
  1.0867000e+004  5.4180000e+002  1.0000000e-002  1.0000000e-003
  1.0887000e+004  5.4290000e+002  1.0000000e-002  1.0000000e-003
  1.0907000e+004  5.4370000e+002  1.0000000e-002  1.0000000e-003
  1.0927000e+004  5.4480000e+002  1.0000000e-002  1.0000000e-003
  1.0947000e+004  5.4600000e+002  1.0000000e-002  1.0000000e-003
  1.0967000e+004  5.4740000e+002  1.0000000e-002  1.0000000e-003
  1.0988000e+004  5.4810000e+002  1.0000000e-002  1.0000000e-003
  1.1012000e+004  5.4990000e+002  1.0000000e-002  1.0000000e-003
  1.1032000e+004  5.5070000e+002  1.0000000e-002  1.0000000e-003
  1.1052000e+004  5.5160000e+002  1.0000000e-002  1.0000000e-003
  1.1072000e+004  5.5280000e+002  1.0000000e-002  1.0000000e-003
  1.1092000e+004  5.5400000e+002  1.0000000e-002  1.0000000e-003
  1.1113000e+004  5.5530000e+002  1.0000000e-002  1.0000000e-003
  1.1133000e+004  5.5630000e+002  1.0000000e-002  1.0000000e-003
  1.1153000e+004  5.5750000e+002  1.0000000e-002  1.0000000e-003
  1.1173000e+004  5.5840000e+002  1.1000000e-002  1.0000000e-003
  1.1193000e+004  5.5980000e+002  1.1000000e-002  1.0000000e-003
  1.1213000e+004  5.6070000e+002  1.1000000e-002  1.0000000e-003
  1.1233000e+004  5.6170000e+002  1.1000000e-002  1.0000000e-003
  1.1253000e+004  5.6280000e+002  1.1000000e-002  1.0000000e-003
  1.1273000e+004  5.6370000e+002  1.1000000e-002  1.0000000e-003
  1.1293000e+004  5.6510000e+002  1.1000000e-002  1.0000000e-003
  1.1313000e+004  5.6610000e+002  1.1000000e-002  1.0000000e-003
  1.1333000e+004  5.6700000e+002  1.1000000e-002  1.0000000e-003
  1.1353000e+004  5.6800000e+002  1.1000000e-002  1.0000000e-003
  1.1373000e+004  5.6890000e+002  1.1000000e-002  1.0000000e-003
  1.1393000e+004  5.7020000e+002  1.1000000e-002  1.0000000e-003
  1.1413000e+004  5.7080000e+002  1.1000000e-002  1.0000000e-003
  1.1433000e+004  5.7210000e+002  1.1000000e-002  1.0000000e-003
  1.1453000e+004  5.7330000e+002  1.1000000e-002  1.0000000e-003
  1.1473000e+004  5.7450000e+002  1.1000000e-002  1.0000000e-003
  1.1493000e+004  5.7520000e+002  1.1000000e-002  1.0000000e-003
  1.1513000e+004  5.7630000e+002  1.1000000e-002  1.0000000e-003
  1.1533000e+004  5.7770000e+002  1.1000000e-002  1.0000000e-003
  1.1553000e+004  5.7890000e+002  1.1000000e-002  1.0000000e-003
  1.1573000e+004  5.7960000e+002  1.1000000e-002  1.0000000e-003
  1.1593000e+004  5.8120000e+002  1.1000000e-002  1.0000000e-003
  1.1613000e+004  5.8190000e+002  1.1000000e-002  1.0000000e-003
  1.1633000e+004  5.8290000e+002  1.1000000e-002  1.0000000e-003
  1.1653000e+004  5.8430000e+002  1.1000000e-002  1.0000000e-003
  1.1673000e+004  5.8540000e+002  1.1000000e-002  1.0000000e-003
  1.1693000e+004  5.8630000e+002  1.2000000e-002  1.0000000e-003
  1.1713000e+004  5.8730000e+002  1.2000000e-002  1.0000000e-003
  1.1733000e+004  5.8850000e+002  1.2000000e-002  1.0000000e-003
  1.1753000e+004  5.8960000e+002  1.2000000e-002  1.0000000e-003
  1.1773000e+004  5.9060000e+002  1.2000000e-002  1.0000000e-003
  1.1793000e+004  5.9130000e+002  1.2000000e-002  1.0000000e-003
  1.1813000e+004  5.9250000e+002  1.2000000e-002  1.0000000e-003
  1.1833000e+004  5.9360000e+002  1.2000000e-002  1.0000000e-003
  1.1853000e+004  5.9480000e+002  1.2000000e-002  1.0000000e-003
  1.1873000e+004  5.9570000e+002  1.2000000e-002  1.0000000e-003
  1.1893000e+004  5.9680000e+002  1.2000000e-002  1.0000000e-003
  1.1914000e+004  5.9800000e+002  1.2000000e-002  1.0000000e-003
  1.1938000e+004  5.9920000e+002  1.2000000e-002  1.0000000e-003
  1.1958000e+004  6.0030000e+002  1.2000000e-002  1.0000000e-003
  1.1978000e+004  6.0150000e+002  1.2000000e-002  1.0000000e-003
  1.1999000e+004  6.0250000e+002  1.2000000e-002  1.0000000e-003
  1.2019000e+004  6.0360000e+002  1.2000000e-002  1.0000000e-003
  1.2039000e+004  6.0450000e+002  1.2000000e-002  1.0000000e-003
  1.2059000e+004  6.0570000e+002  1.2000000e-002  1.0000000e-003
  1.2079000e+004  6.0670000e+002  1.2000000e-002  1.0000000e-003
  1.2099000e+004  6.0780000e+002  1.2000000e-002  1.0000000e-003
  1.2119000e+004  6.0880000e+002  1.2000000e-002  1.0000000e-003
  1.2139000e+004  6.1000000e+002  1.2000000e-002  1.0000000e-003
  1.2159000e+004  6.1090000e+002  1.2000000e-002  1.0000000e-003
  1.2179000e+004  6.1200000e+002  1.2000000e-002  1.0000000e-003
  1.2199000e+004  6.1320000e+002  1.2000000e-002  1.0000000e-003
  1.2219000e+004  6.1420000e+002  1.2000000e-002  1.0000000e-003
  1.2239000e+004  6.1510000e+002  1.2000000e-002  1.0000000e-003
  1.2259000e+004  6.1620000e+002  1.2000000e-002  1.0000000e-003
  1.2279000e+004  6.1720000e+002  1.3000000e-002  1.0000000e-003
  1.2299000e+004  6.1810000e+002  1.3000000e-002  1.0000000e-003
  1.2319000e+004  6.1930000e+002  1.3000000e-002  1.0000000e-003
  1.2339000e+004  6.2020000e+002  1.3000000e-002  1.0000000e-003
  1.2359000e+004  6.2110000e+002  1.3000000e-002  1.0000000e-003
  1.2379000e+004  6.2250000e+002  1.3000000e-002  1.0000000e-003
  1.2399000e+004  6.2350000e+002  1.3000000e-002  1.0000000e-003
  1.2419000e+004  6.2460000e+002  1.3000000e-002  1.0000000e-003
  1.2439000e+004  6.2580000e+002  1.3000000e-002  1.0000000e-003
  1.2459000e+004  6.2670000e+002  1.3000000e-002  1.0000000e-003
  1.2479000e+004  6.2790000e+002  1.3000000e-002  1.0000000e-003
  1.2499000e+004  6.2890000e+002  1.3000000e-002  1.0000000e-003
  1.2519000e+004  6.3000000e+002  1.3000000e-002  1.0000000e-003
  1.2539000e+004  6.3120000e+002  1.3000000e-002  1.0000000e-003
  1.2559000e+004  6.3230000e+002  1.3000000e-002  1.0000000e-003
  1.2579000e+004  6.3330000e+002  1.3000000e-002  1.0000000e-003
  1.2599000e+004  6.3440000e+002  1.3000000e-002  1.0000000e-003
  1.2619000e+004  6.3540000e+002  1.3000000e-002  1.0000000e-003
  1.2639000e+004  6.3650000e+002  1.3000000e-002  1.0000000e-003
  1.2659000e+004  6.3750000e+002  1.3000000e-002  1.0000000e-003
  1.2679000e+004  6.3840000e+002  1.3000000e-002  1.0000000e-003
  1.2699000e+004  6.3930000e+002  1.3000000e-002  1.0000000e-003
  1.2719000e+004  6.4070000e+002  1.3000000e-002  1.0000000e-003
  1.2739000e+004  6.4170000e+002  1.3000000e-002  1.0000000e-003
  1.2759000e+004  6.4260000e+002  1.3000000e-002  1.0000000e-003
  1.2779000e+004  6.4370000e+002  1.3000000e-002  1.0000000e-003
  1.2799000e+004  6.4470000e+002  1.3000000e-002  1.0000000e-003
  1.2819000e+004  6.4580000e+002  1.3000000e-002  1.0000000e-003
  1.2839000e+004  6.4680000e+002  1.3000000e-002  1.0000000e-003
  1.2859000e+004  6.4790000e+002  1.3000000e-002  1.0000000e-003
  1.2879000e+004  6.4890000e+002  1.3000000e-002  1.0000000e-003
  1.2899000e+004  6.5000000e+002  1.4000000e-002  1.0000000e-003
  1.2919000e+004  6.5120000e+002  1.4000000e-002  1.0000000e-003
  1.2939000e+004  6.5240000e+002  1.4000000e-002  1.0000000e-003
  1.2959000e+004  6.5330000e+002  1.4000000e-002  1.0000000e-003
  1.2979000e+004  6.5450000e+002  1.4000000e-002  1.0000000e-003
  1.2999000e+004  6.5550000e+002  1.4000000e-002  1.0000000e-003
  1.3020000e+004  6.5640000e+002  1.4000000e-002  1.0000000e-003
  1.3044000e+004  6.5800000e+002  1.4000000e-002  1.0000000e-003
  1.3064000e+004  6.5900000e+002  1.4000000e-002  1.0000000e-003
  1.3084000e+004  6.5990000e+002  1.4000000e-002  1.0000000e-003
  1.3104000e+004  6.6100000e+002  1.4000000e-002  1.0000000e-003
  1.3125000e+004  6.6200000e+002  1.4000000e-002  1.0000000e-003
  1.3145000e+004  6.6290000e+002  1.4000000e-002  1.0000000e-003
  1.3165000e+004  6.6390000e+002  1.4000000e-002  1.0000000e-003
  1.3185000e+004  6.6480000e+002  1.4000000e-002  1.0000000e-003
  1.3205000e+004  6.6590000e+002  1.4000000e-002  1.0000000e-003
  1.3225000e+004  6.6690000e+002  1.4000000e-002  1.0000000e-003
  1.3245000e+004  6.6800000e+002  1.4000000e-002  1.0000000e-003
  1.3265000e+004  6.6920000e+002  1.4000000e-002  1.0000000e-003
  1.3285000e+004  6.7010000e+002  1.4000000e-002  1.0000000e-003
  1.3305000e+004  6.7110000e+002  1.4000000e-002  1.0000000e-003
  1.3325000e+004  6.7220000e+002  1.4000000e-002  1.0000000e-003
  1.3345000e+004  6.7320000e+002  1.4000000e-002  1.0000000e-003
  1.3365000e+004  6.7430000e+002  1.4000000e-002  1.0000000e-003
  1.3385000e+004  6.7530000e+002  1.4000000e-002  1.0000000e-003
  1.3405000e+004  6.7640000e+002  1.4000000e-002  1.0000000e-003
  1.3425000e+004  6.7740000e+002  1.4000000e-002  1.0000000e-003
  1.3445000e+004  6.7850000e+002  1.4000000e-002  1.0000000e-003
  1.3465000e+004  6.7970000e+002  1.4000000e-002  1.0000000e-003
  1.3485000e+004  6.8040000e+002  1.4000000e-002  1.0000000e-003
  1.3505000e+004  6.8160000e+002  1.4000000e-002  1.0000000e-003
  1.3525000e+004  6.8250000e+002  1.4000000e-002  1.0000000e-003
  1.3545000e+004  6.8360000e+002  1.4000000e-002  1.0000000e-003
  1.3565000e+004  6.8480000e+002  1.4000000e-002  1.0000000e-003
  1.3585000e+004  6.8580000e+002  1.4000000e-002  1.0000000e-003
  1.3605000e+004  6.8670000e+002  1.4000000e-002  1.0000000e-003
  1.3625000e+004  6.8760000e+002  1.4000000e-002  1.0000000e-003
  1.3645000e+004  6.8880000e+002  1.4000000e-002  1.0000000e-003
  1.3665000e+004  6.8950000e+002  1.4000000e-002  1.0000000e-003
  1.3685000e+004  6.9050000e+002  1.4000000e-002  1.0000000e-003
  1.3705000e+004  6.9160000e+002  1.4000000e-002  1.0000000e-003
  1.3725000e+004  6.9270000e+002  1.4000000e-002  1.0000000e-003
  1.3745000e+004  6.9390000e+002  1.4000000e-002  1.0000000e-003
  1.3765000e+004  6.9490000e+002  1.4000000e-002  1.0000000e-003
  1.3785000e+004  6.9600000e+002  1.4000000e-002  1.0000000e-003
  1.3805000e+004  6.9700000e+002  1.4000000e-002  1.0000000e-003
  1.3825000e+004  6.9810000e+002  1.4000000e-002  1.0000000e-003
  1.3845000e+004  6.9910000e+002  1.4000000e-002  1.0000000e-003
  1.3865000e+004  7.0000000e+002  1.4000000e-002  1.0000000e-003
  1.3885000e+004  7.0140000e+002  1.4000000e-002  1.0000000e-003
  1.3905000e+004  7.0230000e+002  1.4000000e-002  1.0000000e-003
  1.3925000e+004  7.0330000e+002  1.4000000e-002  1.0000000e-003
  1.3945000e+004  7.0440000e+002  1.4000000e-002  1.0000000e-003
  1.3965000e+004  7.0540000e+002  1.4000000e-002  1.0000000e-003
  1.3985000e+004  7.0630000e+002  1.4000000e-002  1.0000000e-003
  1.4005000e+004  7.0720000e+002  1.4000000e-002  1.0000000e-003
  1.4025000e+004  7.0820000e+002  1.4000000e-002  1.0000000e-003
  1.4045000e+004  7.0950000e+002  1.4000000e-002  1.0000000e-003
  1.4065000e+004  7.1030000e+002  1.4000000e-002  1.0000000e-003
  1.4085000e+004  7.1140000e+002  1.4000000e-002  1.0000000e-003
  1.4105000e+004  7.1210000e+002  1.4000000e-002  1.0000000e-003
  1.4125000e+004  7.1330000e+002  1.4000000e-002  1.0000000e-003
  1.4145000e+004  7.1400000e+002  1.4000000e-002  1.0000000e-003
  1.4165000e+004  7.1500000e+002  1.4000000e-002  1.0000000e-003
  1.4185000e+004  7.1630000e+002  1.4000000e-002  1.0000000e-003
  1.4205000e+004  7.1710000e+002  1.4000000e-002  1.0000000e-003
  1.4225000e+004  7.1850000e+002  1.4000000e-002  1.0000000e-003
  1.4245000e+004  7.1940000e+002  1.4000000e-002  1.0000000e-003
  1.4265000e+004  7.2030000e+002  1.4000000e-002  1.0000000e-003
  1.4285000e+004  7.2150000e+002  1.4000000e-002  1.0000000e-003
  1.4305000e+004  7.2240000e+002  1.4000000e-002  1.0000000e-003
  1.4325000e+004  7.2350000e+002  1.4000000e-002  1.0000000e-003
  1.4345000e+004  7.2470000e+002  1.4000000e-002  1.0000000e-003
  1.4365000e+004  7.2550000e+002  1.4000000e-002  1.0000000e-003
  1.4385000e+004  7.2660000e+002  1.4000000e-002  1.0000000e-003
  1.4406000e+004  7.2770000e+002  1.4000000e-002  1.0000000e-003
  1.4426000e+004  7.2890000e+002  1.4000000e-002  1.0000000e-003
  1.4446000e+004  7.2960000e+002  1.4000000e-002  1.0000000e-003
  1.4466000e+004  7.3080000e+002  1.4000000e-002  1.0000000e-003
  1.4486000e+004  7.3200000e+002  1.4000000e-002  1.0000000e-003
  1.4506000e+004  7.3310000e+002  1.4000000e-002  1.0000000e-003
  1.4526000e+004  7.3390000e+002  1.4000000e-002  1.0000000e-003
  1.4546000e+004  7.3460000e+002  1.4000000e-002  1.0000000e-003
  1.4566000e+004  7.3590000e+002  1.4000000e-002  1.0000000e-003
  1.4586000e+004  7.3670000e+002  1.4000000e-002  1.0000000e-003
  1.4606000e+004  7.3760000e+002  1.4000000e-002  1.0000000e-003
  1.4626000e+004  7.3850000e+002  1.4000000e-002  1.0000000e-003
  1.4646000e+004  7.3950000e+002  1.4000000e-002  1.0000000e-003
  1.4666000e+004  7.4080000e+002  1.4000000e-002  1.0000000e-003
  1.4686000e+004  7.4170000e+002  1.4000000e-002  1.0000000e-003
  1.4706000e+004  7.4290000e+002  1.4000000e-002  1.0000000e-003
  1.4726000e+004  7.4380000e+002  1.4000000e-002  1.0000000e-003
  1.4746000e+004  7.4480000e+002  1.4000000e-002  1.0000000e-003
  1.4766000e+004  7.4570000e+002  1.4000000e-002  1.0000000e-003
  1.4786000e+004  7.4670000e+002  1.4000000e-002  1.0000000e-003
  1.4806000e+004  7.4800000e+002  1.4000000e-002  1.0000000e-003
  1.4826000e+004  7.4880000e+002  1.4000000e-002  1.0000000e-003
  1.4846000e+004  7.4990000e+002  1.4000000e-002  1.0000000e-003
  1.4866000e+004  7.5090000e+002  1.4000000e-002  1.0000000e-003
  1.4886000e+004  7.5200000e+002  1.4000000e-002  1.0000000e-003
  1.4906000e+004  7.5340000e+002  1.4000000e-002  1.0000000e-003
  1.4926000e+004  7.5410000e+002  1.4000000e-002  1.0000000e-003
  1.4946000e+004  7.5530000e+002  1.4000000e-002  1.0000000e-003
  1.4966000e+004  7.5640000e+002  1.4000000e-002  1.0000000e-003
  1.4986000e+004  7.5700000e+002  1.4000000e-002  1.0000000e-003
  1.5006000e+004  7.5830000e+002  1.4000000e-002  1.0000000e-003
  1.5026000e+004  7.5920000e+002  1.4000000e-002  1.0000000e-003
  1.5046000e+004  7.6020000e+002  1.4000000e-002  1.0000000e-003
  1.5066000e+004  7.6130000e+002  1.4000000e-002  1.0000000e-003
  1.5086000e+004  7.6230000e+002  1.4000000e-002  1.0000000e-003
  1.5106000e+004  7.6330000e+002  1.4000000e-002  1.0000000e-003
  1.5126000e+004  7.6460000e+002  1.4000000e-002  1.0000000e-003
  1.5146000e+004  7.6550000e+002  1.4000000e-002  1.0000000e-003
  1.5166000e+004  7.6670000e+002  1.4000000e-002  1.0000000e-003
  1.5186000e+004  7.6770000e+002  1.4000000e-002  1.0000000e-003
  1.5206000e+004  7.6840000e+002  1.4000000e-002  1.0000000e-003
  1.5226000e+004  7.6950000e+002  1.4000000e-002  1.0000000e-003
  1.5246000e+004  7.7030000e+002  1.4000000e-002  1.0000000e-003
  1.5266000e+004  7.7120000e+002  1.4000000e-002  1.0000000e-003
  1.5286000e+004  7.7250000e+002  1.4000000e-002  1.0000000e-003
  1.5306000e+004  7.7370000e+002  1.4000000e-002  1.0000000e-003
  1.5326000e+004  7.7440000e+002  1.4000000e-002  1.0000000e-003
  1.5346000e+004  7.7560000e+002  1.4000000e-002  1.0000000e-003
  1.5366000e+004  7.7670000e+002  1.4000000e-002  1.0000000e-003
  1.5386000e+004  7.7730000e+002  1.4000000e-002  1.0000000e-003
  1.5406000e+004  7.7860000e+002  1.4000000e-002  1.0000000e-003
  1.5426000e+004  7.7930000e+002  1.4000000e-002  1.0000000e-003
  1.5446000e+004  7.8050000e+002  1.4000000e-002  1.0000000e-003
  1.5467000e+004  7.8150000e+002  1.4000000e-002  1.0000000e-003
  1.5487000e+004  7.8240000e+002  1.4000000e-002  1.0000000e-003
  1.5507000e+004  7.8310000e+002  1.4000000e-002  1.0000000e-003
  1.5527000e+004  7.8430000e+002  1.4000000e-002  1.0000000e-003
  1.5547000e+004  7.8520000e+002  1.4000000e-002  1.0000000e-003
  1.5567000e+004  7.8630000e+002  1.4000000e-002  1.0000000e-003
  1.5587000e+004  7.8710000e+002  1.4000000e-002  1.0000000e-003
  1.5607000e+004  7.8840000e+002  1.4000000e-002  1.0000000e-003
  1.5627000e+004  7.8940000e+002  1.4000000e-002  1.0000000e-003
  1.5647000e+004  7.9050000e+002  1.4000000e-002  1.0000000e-003
  1.5667000e+004  7.9140000e+002  1.4000000e-002  1.0000000e-003
  1.5687000e+004  7.9240000e+002  1.4000000e-002  1.0000000e-003
  1.5707000e+004  7.9330000e+002  1.4000000e-002  1.0000000e-003
  1.5727000e+004  7.9450000e+002  1.4000000e-002  1.0000000e-003
  1.5747000e+004  7.9550000e+002  1.4000000e-002  1.0000000e-003
  1.5767000e+004  7.9640000e+002  1.4000000e-002  1.0000000e-003
  1.5787000e+004  7.9750000e+002  1.4000000e-002  1.0000000e-003
  1.5807000e+004  7.9850000e+002  1.4000000e-002  1.0000000e-003
  1.5827000e+004  7.9960000e+002  1.4000000e-002  1.0000000e-003
  1.5847000e+004  8.0060000e+002  1.4000000e-002  1.0000000e-003
  1.5867000e+004  8.0150000e+002  1.4000000e-002  1.0000000e-003
  1.5887000e+004  8.0260000e+002  1.4000000e-002  1.0000000e-003
  1.5907000e+004  8.0360000e+002  1.4000000e-002  1.0000000e-003
  1.5927000e+004  8.0480000e+002  1.4000000e-002  1.0000000e-003
  1.5947000e+004  8.0550000e+002  1.4000000e-002  1.0000000e-003
  1.5967000e+004  8.0660000e+002  1.4000000e-002  1.0000000e-003
  1.5987000e+004  8.0730000e+002  1.4000000e-002  1.0000000e-003
  1.6007000e+004  8.0830000e+002  1.4000000e-002  1.0000000e-003
  1.6027000e+004  8.0940000e+002  1.4000000e-002  1.0000000e-003
  1.6047000e+004  8.1040000e+002  1.4000000e-002  1.0000000e-003
  1.6067000e+004  8.1150000e+002  1.4000000e-002  1.0000000e-003
  1.6087000e+004  8.1270000e+002  1.4000000e-002  1.0000000e-003
  1.6107000e+004  8.1360000e+002  1.4000000e-002  1.0000000e-003
  1.6127000e+004  8.1460000e+002  1.4000000e-002  1.0000000e-003
  1.6147000e+004  8.1550000e+002  1.4000000e-002  1.0000000e-003
  1.6167000e+004  8.1640000e+002  1.4000000e-002  1.0000000e-003
  1.6187000e+004  8.1760000e+002  1.4000000e-002  1.0000000e-003
  1.6207000e+004  8.1860000e+002  1.3000000e-002  1.0000000e-003
  1.6227000e+004  8.1950000e+002  1.3000000e-002  1.0000000e-003
  1.6247000e+004  8.2060000e+002  1.3000000e-002  1.0000000e-003
  1.6267000e+004  8.2140000e+002  1.3000000e-002  1.0000000e-003
  1.6287000e+004  8.2250000e+002  1.3000000e-002  1.0000000e-003
  1.6307000e+004  8.2350000e+002  1.3000000e-002  1.0000000e-003
  1.6327000e+004  8.2480000e+002  1.3000000e-002  1.0000000e-003
  1.6347000e+004  8.2570000e+002  1.3000000e-002  1.0000000e-003
  1.6367000e+004  8.2650000e+002  1.3000000e-002  1.0000000e-003
  1.6387000e+004  8.2780000e+002  1.3000000e-002  1.0000000e-003
  1.6407000e+004  8.2860000e+002  1.3000000e-002  1.0000000e-003
  1.6427000e+004  8.2970000e+002  1.3000000e-002  1.0000000e-003
  1.6447000e+004  8.3050000e+002  1.3000000e-002  1.0000000e-003
  1.6467000e+004  8.3160000e+002  1.3000000e-002  1.0000000e-003
  1.6487000e+004  8.3250000e+002  1.3000000e-002  1.0000000e-003
  1.6507000e+004  8.3350000e+002  1.2000000e-002  1.0000000e-003
  1.6527000e+004  8.3460000e+002  1.2000000e-002  1.0000000e-003
  1.6547000e+004  8.3560000e+002  1.2000000e-002  1.0000000e-003
  1.6567000e+004  8.3650000e+002  1.2000000e-002  1.0000000e-003
  1.6587000e+004  8.3750000e+002  1.2000000e-002  1.0000000e-003
  1.6607000e+004  8.3840000e+002  1.2000000e-002  1.0000000e-003
  1.6627000e+004  8.3960000e+002  1.2000000e-002  1.0000000e-003
  1.6647000e+004  8.4070000e+002  1.2000000e-002  1.0000000e-003
  1.6667000e+004  8.4170000e+002  1.2000000e-002  1.0000000e-003
  1.6687000e+004  8.4260000e+002  1.2000000e-002  1.0000000e-003
  1.6707000e+004  8.4390000e+002  1.2000000e-002  1.0000000e-003
  1.6727000e+004  8.4450000e+002  1.2000000e-002  1.0000000e-003
  1.6747000e+004  8.4560000e+002  1.2000000e-002  1.0000000e-003
  1.6767000e+004  8.4670000e+002  1.1000000e-002  1.0000000e-003
  1.6787000e+004  8.4770000e+002  1.1000000e-002  1.0000000e-003
  1.6807000e+004  8.4860000e+002  1.1000000e-002  1.0000000e-003
  1.6827000e+004  8.4960000e+002  1.1000000e-002  1.0000000e-003
  1.6847000e+004  8.5070000e+002  1.1000000e-002  1.0000000e-003
  1.6868000e+004  8.5170000e+002  1.1000000e-002  1.0000000e-003
  1.6888000e+004  8.5260000e+002  1.1000000e-002  1.0000000e-003
  1.6908000e+004  8.5370000e+002  1.1000000e-002  1.0000000e-003
  1.6928000e+004  8.5450000e+002  1.1000000e-002  1.0000000e-003
  1.6948000e+004  8.5560000e+002  1.1000000e-002  1.0000000e-003
  1.6968000e+004  8.5680000e+002  1.0000000e-002  1.0000000e-003
  1.6988000e+004  8.5750000e+002  1.0000000e-002  1.0000000e-003
  1.7008000e+004  8.5870000e+002  1.0000000e-002  1.0000000e-003
  1.7028000e+004  8.5960000e+002  1.0000000e-002  1.0000000e-003
  1.7048000e+004  8.6070000e+002  1.0000000e-002  1.0000000e-003
  1.7068000e+004  8.6170000e+002  1.0000000e-002  1.0000000e-003
  1.7088000e+004  8.6260000e+002  1.0000000e-002  1.0000000e-003
  1.7108000e+004  8.6380000e+002  1.0000000e-002  1.0000000e-003
  1.7128000e+004  8.6480000e+002  9.0000000e-003  1.0000000e-003
  1.7148000e+004  8.6570000e+002  9.0000000e-003  1.0000000e-003
  1.7168000e+004  8.6680000e+002  9.0000000e-003  1.0000000e-003
  1.7188000e+004  8.6770000e+002  9.0000000e-003  1.0000000e-003
  1.7208000e+004  8.6890000e+002  9.0000000e-003  1.0000000e-003
  1.7228000e+004  8.6990000e+002  9.0000000e-003  1.0000000e-003
  1.7248000e+004  8.7100000e+002  9.0000000e-003  1.0000000e-003
  1.7268000e+004  8.7180000e+002  9.0000000e-003  1.0000000e-003
  1.7288000e+004  8.7310000e+002  8.0000000e-003  1.0000000e-003
  1.7308000e+004  8.7400000e+002  8.0000000e-003  1.0000000e-003
  1.7328000e+004  8.7520000e+002  8.0000000e-003  1.0000000e-003
  1.7348000e+004  8.7620000e+002  8.0000000e-003  1.0000000e-003
  1.7368000e+004  8.7690000e+002  8.0000000e-003  1.0000000e-003
  1.7388000e+004  8.7800000e+002  8.0000000e-003  1.0000000e-003
  1.7408000e+004  8.7870000e+002  8.0000000e-003  1.0000000e-003
  1.7428000e+004  8.7990000e+002  7.0000000e-003  1.0000000e-003
  1.7448000e+004  8.8080000e+002  7.0000000e-003  1.0000000e-003
  1.7468000e+004  8.8180000e+002  7.0000000e-003  1.0000000e-003
  1.7488000e+004  8.8300000e+002  7.0000000e-003  1.0000000e-003
  1.7508000e+004  8.8380000e+002  7.0000000e-003  1.0000000e-003
  1.7528000e+004  8.8500000e+002  6.0000000e-003  1.0000000e-003
  1.7548000e+004  8.8600000e+002  6.0000000e-003  1.0000000e-003
  1.7568000e+004  8.8690000e+002  6.0000000e-003  1.0000000e-003
  1.7588000e+004  8.8780000e+002  6.0000000e-003  1.0000000e-003
  1.7608000e+004  8.8900000e+002  5.0000000e-003  1.0000000e-003
  1.7628000e+004  8.8970000e+002  5.0000000e-003  1.0000000e-003
  1.7648000e+004  8.9110000e+002  5.0000000e-003  1.0000000e-003
  1.7668000e+004  8.9200000e+002  5.0000000e-003  1.0000000e-003
  1.7688000e+004  8.9300000e+002  4.0000000e-003  1.0000000e-003
  1.7708000e+004  8.9370000e+002  4.0000000e-003  1.0000000e-003
  1.7728000e+004  8.9490000e+002  4.0000000e-003  1.0000000e-003
  1.7748000e+004  8.9600000e+002  3.0000000e-003  1.0000000e-003
  1.7768000e+004  8.9700000e+002  3.0000000e-003  1.0000000e-003
  1.7788000e+004  8.9810000e+002  3.0000000e-003  1.0000000e-003
  1.7808000e+004  8.9900000e+002  2.0000000e-003  1.0000000e-003
  1.7828000e+004  9.0000000e+002  2.0000000e-003  1.0000000e-003
  1.7848000e+004  9.0090000e+002  2.0000000e-003  1.0000000e-003
  1.7868000e+004  9.0180000e+002  1.0000000e-003  1.0000000e-003
  1.7888000e+004  9.0300000e+002  1.0000000e-003  1.0000000e-003
  1.7908000e+004  9.0410000e+002  1.0000000e-003  1.0000000e-003
  1.7928000e+004  9.0480000e+002  0.0000000e+000  1.0000000e-003
  1.7948000e+004  9.0600000e+002  0.0000000e+000  1.0000000e-003
  1.7968000e+004  9.0700000e+002 -1.0000000e-003  1.0000000e-003
  1.7988000e+004  9.0810000e+002 -1.0000000e-003  1.0000000e-003
  1.8008000e+004  9.0900000e+002 -1.0000000e-003  1.0000000e-003
  1.8028000e+004  9.1000000e+002 -2.0000000e-003  1.0000000e-003
  1.8048000e+004  9.1090000e+002 -2.0000000e-003  1.0000000e-003
  1.8068000e+004  9.1190000e+002 -2.0000000e-003  1.0000000e-003
  1.8088000e+004  9.1300000e+002 -3.0000000e-003  1.0000000e-003
  1.8108000e+004  9.1400000e+002 -3.0000000e-003  1.0000000e-003
  1.8128000e+004  9.1510000e+002 -3.0000000e-003  1.0000000e-003
  1.8148000e+004  9.1600000e+002 -4.0000000e-003  1.0000000e-003
  1.8169000e+004  9.1720000e+002 -4.0000000e-003  1.0000000e-003
  1.8194000e+004  9.1840000e+002 -5.0000000e-003  1.0000000e-003
  1.8214000e+004  9.1930000e+002 -5.0000000e-003  1.0000000e-003
  1.8234000e+004  9.2010000e+002 -5.0000000e-003  1.0000000e-003
  1.8254000e+004  9.2140000e+002 -6.0000000e-003  1.0000000e-003
  1.8274000e+004  9.2230000e+002 -6.0000000e-003  1.0000000e-003
  1.8294000e+004  9.2310000e+002 -7.0000000e-003  1.0000000e-003
  1.8314000e+004  9.2420000e+002 -8.0000000e-003  1.0000000e-003
  1.8334000e+004  9.2520000e+002 -8.0000000e-003  1.0000000e-003
  1.8354000e+004  9.2630000e+002 -9.0000000e-003  1.0000000e-003
  1.8374000e+004  9.2720000e+002 -1.0000000e-002  1.0000000e-003
  1.8394000e+004  9.2820000e+002 -1.0000000e-002  1.0000000e-003
  1.8414000e+004  9.2910000e+002 -1.1000000e-002  1.0000000e-003
  1.8434000e+004  9.2990000e+002 -1.1000000e-002  1.0000000e-003
  1.8454000e+004  9.3120000e+002 -1.2000000e-002  1.0000000e-003
  1.8474000e+004  9.3200000e+002 -1.3000000e-002  1.0000000e-003
  1.8494000e+004  9.3310000e+002 -1.3000000e-002  1.0000000e-003
  1.8514000e+004  9.3420000e+002 -1.4000000e-002  1.0000000e-003
  1.8534000e+004  9.3520000e+002 -1.4000000e-002  1.0000000e-003
  1.8554000e+004  9.3630000e+002 -1.5000000e-002  1.0000000e-003
  1.8574000e+004  9.3710000e+002 -1.6000000e-002  1.0000000e-003
  1.8594000e+004  9.3830000e+002 -1.6000000e-002  1.0000000e-003
  1.8614000e+004  9.3920000e+002 -1.7000000e-002  1.0000000e-003
  1.8634000e+004  9.4030000e+002 -1.8000000e-002  1.0000000e-003
  1.8654000e+004  9.4120000e+002 -1.9000000e-002  1.0000000e-003
  1.8674000e+004  9.4220000e+002 -1.9000000e-002  1.0000000e-003
  1.8694000e+004  9.4310000e+002 -2.0000000e-002  1.0000000e-003
  1.8714000e+004  9.4430000e+002 -2.1000000e-002  1.0000000e-003
  1.8734000e+004  9.4530000e+002 -2.2000000e-002  1.0000000e-003
  1.8754000e+004  9.4640000e+002 -2.2000000e-002  1.0000000e-003
  1.8774000e+004  9.4750000e+002 -2.3000000e-002  1.0000000e-003
  1.8794000e+004  9.4820000e+002 -2.4000000e-002  1.0000000e-003
  1.8814000e+004  9.4940000e+002 -2.5000000e-002  1.0000000e-003
  1.8834000e+004  9.5060000e+002 -2.6000000e-002  1.0000000e-003
  1.8854000e+004  9.5150000e+002 -2.7000000e-002  1.0000000e-003
  1.8874000e+004  9.5230000e+002 -2.8000000e-002  1.0000000e-003
  1.8894000e+004  9.5340000e+002 -2.9000000e-002  1.0000000e-003
  1.8914000e+004  9.5450000e+002 -3.0000000e-002  1.0000000e-003
  1.8934000e+004  9.5570000e+002 -3.1000000e-002  1.0000000e-003
  1.8954000e+004  9.5640000e+002 -3.2000000e-002  1.0000000e-003
  1.8975000e+004  9.5760000e+002 -3.2000000e-002  1.0000000e-003
  1.8995000e+004  9.5880000e+002 -3.3000000e-002  1.0000000e-003
  1.9015000e+004  9.5970000e+002 -3.4000000e-002  1.0000000e-003
  1.9035000e+004  9.6060000e+002 -3.5000000e-002  1.0000000e-003
  1.9055000e+004  9.6140000e+002 -3.6000000e-002  1.0000000e-003
  1.9075000e+004  9.6250000e+002 -3.7000000e-002  1.0000000e-003
  1.9095000e+004  9.6370000e+002 -3.9000000e-002  1.0000000e-003
  1.9115000e+004  9.6460000e+002 -4.0000000e-002  1.0000000e-003
  1.9135000e+004  9.6550000e+002 -4.1000000e-002  1.0000000e-003
  1.9155000e+004  9.6650000e+002 -4.2000000e-002  1.0000000e-003
  1.9175000e+004  9.6740000e+002 -4.3000000e-002  1.0000000e-003
  1.9195000e+004  9.6840000e+002 -4.4000000e-002  1.0000000e-003
  1.9215000e+004  9.6950000e+002 -4.5000000e-002  1.0000000e-003
  1.9235000e+004  9.7050000e+002 -4.6000000e-002  1.0000000e-003
  1.9255000e+004  9.7160000e+002 -4.7000000e-002  1.0000000e-003
  1.9275000e+004  9.7250000e+002 -4.9000000e-002  1.0000000e-003
  1.9295000e+004  9.7350000e+002 -5.0000000e-002  1.0000000e-003
  1.9315000e+004  9.7460000e+002 -5.1000000e-002  1.0000000e-003
  1.9335000e+004  9.7580000e+002 -5.2000000e-002  1.0000000e-003
  1.9355000e+004  9.7680000e+002 -5.4000000e-002  1.0000000e-003
  1.9375000e+004  9.7770000e+002 -5.5000000e-002  1.0000000e-003
  1.9395000e+004  9.7890000e+002 -5.6000000e-002  1.0000000e-003
  1.9415000e+004  9.8000000e+002 -5.7000000e-002  1.0000000e-003
  1.9435000e+004  9.8090000e+002 -5.9000000e-002  1.0000000e-003
  1.9455000e+004  9.8210000e+002 -6.0000000e-002  1.0000000e-003
  1.9475000e+004  9.8300000e+002 -6.1000000e-002  1.0000000e-003
  1.9495000e+004  9.8390000e+002 -6.3000000e-002  1.0000000e-003
  1.9515000e+004  9.8490000e+002 -6.4000000e-002  1.0000000e-003
  1.9535000e+004  9.8610000e+002 -6.5000000e-002  1.0000000e-003
  1.9555000e+004  9.8700000e+002 -6.7000000e-002  1.0000000e-003
  1.9575000e+004  9.8800000e+002 -6.9000000e-002  1.0000000e-003
  1.9595000e+004  9.8890000e+002 -7.0000000e-002  1.0000000e-003
  1.9615000e+004  9.8980000e+002 -7.2000000e-002  1.0000000e-003
  1.9635000e+004  9.9090000e+002 -7.3000000e-002  1.0000000e-003
  1.9655000e+004  9.9170000e+002 -7.4000000e-002  1.0000000e-003
  1.9675000e+004  9.9300000e+002 -7.6000000e-002  1.0000000e-003
  1.9695000e+004  9.9400000e+002 -7.8000000e-002  1.0000000e-003
  1.9715000e+004  9.9500000e+002 -8.0000000e-002  1.0000000e-003
  1.9735000e+004  9.9590000e+002 -8.1000000e-002  1.0000000e-003
  1.9755000e+004  9.9700000e+002 -8.2000000e-002  1.0000000e-003
  1.9775000e+004  9.9800000e+002 -8.4000000e-002  1.0000000e-003
  1.9795000e+004  9.9910000e+002 -8.5000000e-002  1.0000000e-003
  1.9815000e+004  9.9990000e+002 -8.7000000e-002  1.0000000e-003
  1.9835000e+004  1.0010000e+003 -8.9000000e-002  1.0000000e-003
  1.9855000e+004  1.0019000e+003 -9.1000000e-002  1.0000000e-003
  1.9875000e+004  1.0031000e+003 -9.2000000e-002  1.0000000e-003
  1.9895000e+004  1.0040000e+003 -9.4000000e-002  1.0000000e-003
  1.9915000e+004  1.0052000e+003 -9.6000000e-002  1.0000000e-003
  1.9936000e+004  1.0061000e+003 -9.8000000e-002  1.0000000e-003
  1.9960000e+004  1.0075000e+003 -1.0000000e-001  1.0000000e-003
  1.9980000e+004  1.0084000e+003 -1.0200000e-001  1.0000000e-003
  2.0000000e+004  1.0094000e+003 -1.0300000e-001  1.0000000e-003
  2.0020000e+004  1.0105000e+003 -1.0500000e-001  1.0000000e-003
  2.0040000e+004  1.0113000e+003 -1.0700000e-001  1.0000000e-003
  2.0061000e+004  1.0124000e+003 -1.1000000e-001  1.0000000e-003
  2.0081000e+004  1.0133000e+003 -1.1100000e-001  1.0000000e-003
  2.0101000e+004  1.0141000e+003 -1.1300000e-001  1.0000000e-003
  2.0121000e+004  1.0152000e+003 -1.1500000e-001  1.0000000e-003
  2.0141000e+004  1.0161000e+003 -1.1700000e-001  1.0000000e-003
  2.0161000e+004  1.0173000e+003 -1.1900000e-001  1.0000000e-003
  2.0181000e+004  1.0183000e+003 -1.2100000e-001  1.0000000e-003
  2.0201000e+004  1.0192000e+003 -1.2300000e-001  1.0000000e-003
  2.0221000e+004  1.0203000e+003 -1.2500000e-001  1.0000000e-003
  2.0241000e+004  1.0213000e+003 -1.2700000e-001  1.0000000e-003
  2.0261000e+004  1.0223000e+003 -1.2900000e-001  1.0000000e-003
  2.0281000e+004  1.0232000e+003 -1.3200000e-001  1.0000000e-003
  2.0301000e+004  1.0243000e+003 -1.3400000e-001  1.0000000e-003
  2.0321000e+004  1.0253000e+003 -1.3600000e-001  1.0000000e-003
  2.0341000e+004  1.0264000e+003 -1.3800000e-001  1.0000000e-003
  2.0361000e+004  1.0274000e+003 -1.4000000e-001  1.0000000e-003
  2.0381000e+004  1.0283000e+003 -1.4200000e-001  1.0000000e-003
  2.0401000e+004  1.0297000e+003 -1.4400000e-001  1.0000000e-003
  2.0421000e+004  1.0306000e+003 -1.4700000e-001  1.0000000e-003
  2.0441000e+004  1.0314000e+003 -1.4900000e-001  1.0000000e-003
  2.0461000e+004  1.0322000e+003 -1.5200000e-001  1.0000000e-003
  2.0481000e+004  1.0330000e+003 -1.5400000e-001  1.0000000e-003
  2.0501000e+004  1.0344000e+003 -1.5600000e-001  1.0000000e-003
  2.0521000e+004  1.0353000e+003 -1.5900000e-001  1.0000000e-003
  2.0541000e+004  1.0360000e+003 -1.6100000e-001  1.0000000e-003
  2.0561000e+004  1.0372000e+003 -1.6300000e-001  1.0000000e-003
  2.0581000e+004  1.0383000e+003 -1.6500000e-001  1.0000000e-003
  2.0601000e+004  1.0395000e+003 -1.6800000e-001  1.0000000e-003
  2.0621000e+004  1.0404000e+003 -1.7100000e-001  1.0000000e-003
  2.0641000e+004  1.0414000e+003 -1.7300000e-001  1.0000000e-003
  2.0661000e+004  1.0425000e+003 -1.7600000e-001  1.0000000e-003
  2.0681000e+004  1.0433000e+003 -1.7800000e-001  1.0000000e-003
  2.0701000e+004  1.0446000e+003 -1.8100000e-001  1.0000000e-003
  2.0721000e+004  1.0455000e+003 -1.8300000e-001  1.0000000e-003
  2.0741000e+004  1.0467000e+003 -1.8600000e-001  1.0000000e-003
  2.0761000e+004  1.0476000e+003 -1.8900000e-001  1.0000000e-003
  2.0781000e+004  1.0486000e+003 -1.9200000e-001  1.0000000e-003
  2.0801000e+004  1.0497000e+003 -1.9400000e-001  1.0000000e-003
  2.0821000e+004  1.0505000e+003 -1.9700000e-001  1.0000000e-003
  2.0841000e+004  1.0516000e+003 -2.0000000e-001  1.0000000e-003
  2.0861000e+004  1.0523000e+003 -2.0200000e-001  1.0000000e-003
  2.0881000e+004  1.0533000e+003 -2.0400000e-001  1.0000000e-003
  2.0901000e+004  1.0544000e+003 -2.0700000e-001  1.0000000e-003
  2.0921000e+004  1.0554000e+003 -2.1000000e-001  1.0000000e-003
  2.0941000e+004  1.0565000e+003 -2.1300000e-001  1.0000000e-003
  2.0961000e+004  1.0577000e+003 -2.1600000e-001  1.0000000e-003
  2.0981000e+004  1.0588000e+003 -2.1900000e-001  1.0000000e-003
  2.1001000e+004  1.0598000e+003 -2.2100000e-001  1.0000000e-003
  2.1021000e+004  1.0607000e+003 -2.2400000e-001  1.0000000e-003
  2.1041000e+004  1.0617000e+003 -2.2700000e-001  1.0000000e-003
  2.1061000e+004  1.0628000e+003 -2.3100000e-001  1.0000000e-003
  2.1081000e+004  1.0638000e+003 -2.3300000e-001  1.0000000e-003
  2.1101000e+004  1.0651000e+003 -2.3600000e-001  1.0000000e-003
  2.1121000e+004  1.0659000e+003 -2.3900000e-001  1.0000000e-003
  2.1141000e+004  1.0672000e+003 -2.4200000e-001  1.0000000e-003
  2.1162000e+004  1.0682000e+003 -2.4500000e-001  1.0000000e-003
  2.1182000e+004  1.0691000e+003 -2.4800000e-001  1.0000000e-003
  2.1202000e+004  1.0701000e+003 -2.5100000e-001  1.0000000e-003
  2.1222000e+004  1.0712000e+003 -2.5400000e-001  1.0000000e-003
  2.1242000e+004  1.0720000e+003 -2.5800000e-001  1.0000000e-003
  2.1262000e+004  1.0731000e+003 -2.6100000e-001  1.0000000e-003
  2.1282000e+004  1.0742000e+003 -2.6400000e-001  1.0000000e-003
  2.1302000e+004  1.0752000e+003 -2.6700000e-001  1.0000000e-003
  2.1322000e+004  1.0761000e+003 -2.7100000e-001  1.0000000e-003
  2.1342000e+004  1.0771000e+003 -2.7300000e-001  1.0000000e-003
  2.1362000e+004  1.0780000e+003 -2.7700000e-001  1.0000000e-003
  2.1382000e+004  1.0789000e+003 -2.8100000e-001  1.0000000e-003
  2.1402000e+004  1.0799000e+003 -2.8300000e-001  1.0000000e-003
  2.1422000e+004  1.0810000e+003 -2.8600000e-001  1.0000000e-003
  2.1442000e+004  1.0818000e+003 -2.9000000e-001  1.0000000e-003
  2.1462000e+004  1.0829000e+003 -2.9300000e-001  1.0000000e-003
  2.1482000e+004  1.0839000e+003 -2.9700000e-001  1.0000000e-003
  2.1502000e+004  1.0850000e+003 -3.0000000e-001  1.0000000e-003
  2.1522000e+004  1.0864000e+003 -3.0300000e-001  1.0000000e-003
  2.1542000e+004  1.0873000e+003 -3.0700000e-001  1.0000000e-003
  2.1562000e+004  1.0883000e+003 -3.1100000e-001  1.0000000e-003
  2.1582000e+004  1.0894000e+003 -3.1400000e-001  1.0000000e-003
  2.1602000e+004  1.0903000e+003 -3.1800000e-001  1.0000000e-003
  2.1622000e+004  1.0913000e+003 -3.2100000e-001  1.0000000e-003
  2.1642000e+004  1.0922000e+003 -3.2400000e-001  1.0000000e-003
  2.1662000e+004  1.0934000e+003 -3.2800000e-001  1.0000000e-003
  2.1682000e+004  1.0943000e+003 -3.3200000e-001  1.0000000e-003
  2.1702000e+004  1.0953000e+003 -3.3600000e-001  1.0000000e-003
  2.1722000e+004  1.0964000e+003 -3.3900000e-001  1.0000000e-003
  2.1742000e+004  1.0974000e+003 -3.4300000e-001  1.0000000e-003
  2.1762000e+004  1.0985000e+003 -3.4700000e-001  1.0000000e-003
  2.1782000e+004  1.0995000e+003 -3.5100000e-001  1.0000000e-003
  2.1802000e+004  1.1004000e+003 -3.5400000e-001  1.0000000e-003
  2.1822000e+004  1.1013000e+003 -3.5800000e-001  1.0000000e-003
  2.1842000e+004  1.1023000e+003 -3.6200000e-001  1.0000000e-003
  2.1862000e+004  1.1034000e+003 -3.6500000e-001  1.0000000e-003
  2.1882000e+004  1.1043000e+003 -3.6900000e-001  1.0000000e-003
  2.1902000e+004  1.1051000e+003 -3.7300000e-001  1.0000000e-003
  2.1922000e+004  1.1062000e+003 -3.7700000e-001  1.0000000e-003
  2.1942000e+004  1.1074000e+003 -3.8100000e-001  1.0000000e-003
  2.1962000e+004  1.1083000e+003 -3.8500000e-001  1.0000000e-003
  2.1982000e+004  1.1092000e+003 -3.8900000e-001  1.0000000e-003
  2.2002000e+004  1.1104000e+003 -3.9300000e-001  1.0000000e-003
  2.2022000e+004  1.1114000e+003 -3.9800000e-001  1.0000000e-003
  2.2042000e+004  1.1127000e+003 -4.0200000e-001  1.0000000e-003
  2.2062000e+004  1.1137000e+003 -4.0500000e-001  1.0000000e-003
  2.2082000e+004  1.1146000e+003 -4.0900000e-001  1.0000000e-003
  2.2102000e+004  1.1156000e+003 -4.1400000e-001  1.0000000e-003
  2.2122000e+004  1.1167000e+003 -4.1800000e-001  1.0000000e-003
  2.2142000e+004  1.1175000e+003 -4.2200000e-001  1.0000000e-003
  2.2162000e+004  1.1188000e+003 -4.2600000e-001  1.0000000e-003
  2.2182000e+004  1.1197000e+003 -4.3100000e-001  1.0000000e-003
  2.2202000e+004  1.1207000e+003 -4.3500000e-001  1.0000000e-003
  2.2222000e+004  1.1212000e+003 -4.4000000e-001  1.0000000e-003
  2.2242000e+004  1.1223000e+003 -4.4300000e-001  1.0000000e-003
  2.2262000e+004  1.1232000e+003 -4.4700000e-001  1.0000000e-003
  2.2282000e+004  1.1244000e+003 -4.5200000e-001  1.0000000e-003
  2.2303000e+004  1.1254000e+003 -4.5600000e-001  1.0000000e-003
  2.2323000e+004  1.1265000e+003 -4.6100000e-001  1.0000000e-003
  2.2343000e+004  1.1275000e+003 -4.6500000e-001  1.0000000e-003
  2.2363000e+004  1.1286000e+003 -4.7000000e-001  1.0000000e-003
  2.2383000e+004  1.1296000e+003 -4.7400000e-001  1.0000000e-003
  2.2403000e+004  1.1307000e+003 -4.7900000e-001  1.0000000e-003
  2.2423000e+004  1.1317000e+003 -4.8300000e-001  1.0000000e-003
  2.2443000e+004  1.1329000e+003 -4.8700000e-001  1.0000000e-003
  2.2463000e+004  1.1342000e+003 -4.9200000e-001  1.0000000e-003
  2.2483000e+004  1.1350000e+003 -4.9700000e-001  1.0000000e-003
  2.2503000e+004  1.1359000e+003 -5.0200000e-001  1.0000000e-003
  2.2523000e+004  1.1372000e+003 -5.0700000e-001  1.0000000e-003
  2.2543000e+004  1.1382000e+003 -5.1100000e-001  1.0000000e-003
  2.2563000e+004  1.1392000e+003 -5.1600000e-001  1.0000000e-003
  2.2583000e+004  1.1401000e+003 -5.2100000e-001  1.0000000e-003
  2.2603000e+004  1.1412000e+003 -5.2500000e-001  1.0000000e-003
  2.2623000e+004  1.1421000e+003 -5.3100000e-001  1.0000000e-003
  2.2643000e+004  1.1431000e+003 -5.3500000e-001  1.0000000e-003
  2.2663000e+004  1.1443000e+003 -5.4000000e-001  1.0000000e-003
  2.2683000e+004  1.1450000e+003 -5.4500000e-001  1.0000000e-003
  2.2703000e+004  1.1461000e+003 -5.5000000e-001  1.0000000e-003
  2.2723000e+004  1.1471000e+003 -5.5500000e-001  1.0000000e-003
  2.2743000e+004  1.1482000e+003 -5.6000000e-001  1.0000000e-003
  2.2763000e+004  1.1492000e+003 -5.6400000e-001  1.0000000e-003
  2.2783000e+004  1.1503000e+003 -5.7000000e-001  1.0000000e-003
  2.2803000e+004  1.1513000e+003 -5.7400000e-001  1.0000000e-003
  2.2823000e+004  1.1522000e+003 -5.8000000e-001  1.0000000e-003
  2.2843000e+004  1.1531000e+003 -5.8400000e-001  1.0000000e-003
  2.2863000e+004  1.1543000e+003 -5.9000000e-001  1.0000000e-003
  2.2883000e+004  1.1553000e+003 -5.9400000e-001  1.0000000e-003
  2.2903000e+004  1.1564000e+003 -6.0000000e-001  1.0000000e-003
  2.2923000e+004  1.1575000e+003 -6.0400000e-001  1.0000000e-003
  2.2943000e+004  1.1585000e+003 -6.1000000e-001  1.0000000e-003
  2.2963000e+004  1.1596000e+003 -6.1500000e-001  1.0000000e-003
  2.2983000e+004  1.1608000e+003 -6.2000000e-001  1.0000000e-003
  2.3003000e+004  1.1617000e+003 -6.2500000e-001  1.0000000e-003
  2.3023000e+004  1.1623000e+003 -6.3000000e-001  1.0000000e-003
  2.3043000e+004  1.1636000e+003 -6.3500000e-001  1.0000000e-003
  2.3063000e+004  1.1645000e+003 -6.4100000e-001  1.0000000e-003
  2.3083000e+004  1.1655000e+003 -6.4500000e-001  1.0000000e-003
  2.3103000e+004  1.1666000e+003 -6.5100000e-001  1.0000000e-003
  2.3123000e+004  1.1676000e+003 -6.5600000e-001  1.0000000e-003
  2.3143000e+004  1.1687000e+003 -6.6100000e-001  1.0000000e-003
  2.3164000e+004  1.1693000e+003 -6.6700000e-001  1.0000000e-003
  2.3188000e+004  1.1708000e+003 -6.7300000e-001  1.0000000e-003
  2.3209000e+004  1.1718000e+003 -6.7800000e-001  1.0000000e-003
  2.3233000e+004  1.1730000e+003 -6.8400000e-001  1.0000000e-003
  2.3253000e+004  1.1741000e+003 -6.9000000e-001  1.0000000e-003
  2.3274000e+004  1.1750000e+003 -6.9500000e-001  1.0000000e-003
  2.3298000e+004  1.1764000e+003 -7.0100000e-001  1.0000000e-003
  2.3318000e+004  1.1774000e+003 -7.0700000e-001  1.0000000e-003
  2.3338000e+004  1.1786000e+003 -7.1200000e-001  1.0000000e-003
  2.3358000e+004  1.1793000e+003 -7.1800000e-001  1.0000000e-003
  2.3378000e+004  1.1804000e+003 -7.2300000e-001  1.0000000e-003
  2.3398000e+004  1.1816000e+003 -7.2800000e-001  1.0000000e-003
  2.3418000e+004  1.1825000e+003 -7.3300000e-001  1.0000000e-003
  2.3438000e+004  1.1835000e+003 -7.3900000e-001  1.0000000e-003
  2.3458000e+004  1.1846000e+003 -7.4400000e-001  1.0000000e-003
  2.3478000e+004  1.1858000e+003 -7.4900000e-001  1.0000000e-003
  2.3498000e+004  1.1868000e+003 -7.5400000e-001  1.0000000e-003
  2.3518000e+004  1.1874000e+003 -7.6000000e-001  1.0000000e-003
  2.3538000e+004  1.1883000e+003 -7.6500000e-001  1.0000000e-003
  2.3558000e+004  1.1893000e+003 -7.7000000e-001  1.0000000e-003
  2.3578000e+004  1.1905000e+003 -7.7500000e-001  1.0000000e-003
  2.3598000e+004  1.1912000e+003 -7.8100000e-001  1.0000000e-003
  2.3618000e+004  1.1926000e+003 -7.8600000e-001  1.0000000e-003
  2.3638000e+004  1.1933000e+003 -7.9200000e-001  1.0000000e-003
  2.3658000e+004  1.1946000e+003 -7.9700000e-001  1.0000000e-003
  2.3678000e+004  1.1956000e+003 -8.0200000e-001  1.0000000e-003
  2.3699000e+004  1.1967000e+003 -8.0700000e-001  1.0000000e-003
  2.3719000e+004  1.1973000e+003 -8.1300000e-001  1.0000000e-003
  2.3739000e+004  1.1988000e+003 -8.1800000e-001  1.0000000e-003
  2.3759000e+004  1.1995000e+003 -8.2300000e-001  1.0000000e-003
  2.3779000e+004  1.2009000e+003 -8.2900000e-001  1.0000000e-003
  2.3799000e+004  1.2019000e+003 -8.3400000e-001  1.0000000e-003
  2.3819000e+004  1.2029000e+003 -8.4000000e-001  1.0000000e-003
  2.3839000e+004  1.2040000e+003 -8.4500000e-001  1.0000000e-003
  2.3859000e+004  1.2051000e+003 -8.5000000e-001  1.0000000e-003
  2.3879000e+004  1.2058000e+003 -8.5500000e-001  1.0000000e-003
  2.3899000e+004  1.2072000e+003 -8.6100000e-001  1.0000000e-003
  2.3919000e+004  1.2082000e+003 -8.6600000e-001  1.0000000e-003
  2.3939000e+004  1.2091000e+003 -8.7200000e-001  1.0000000e-003
  2.3959000e+004  1.2099000e+003 -8.7700000e-001  1.0000000e-003
  2.3979000e+004  1.2110000e+003 -8.8200000e-001  1.0000000e-003
  2.3999000e+004  1.2121000e+003 -8.8700000e-001  1.0000000e-003
  2.4019000e+004  1.2129000e+003 -8.9300000e-001  1.0000000e-003
  2.4039000e+004  1.2136000e+003 -8.9800000e-001  1.0000000e-003
  2.4059000e+004  1.2150000e+003 -9.0300000e-001  1.0000000e-003
  2.4079000e+004  1.2159000e+003 -9.0900000e-001  1.0000000e-003
  2.4099000e+004  1.2169000e+003 -9.1300000e-001  1.0000000e-003
  2.4119000e+004  1.2180000e+003 -9.1900000e-001  1.0000000e-003
  2.4139000e+004  1.2191000e+003 -9.2400000e-001  1.0000000e-003
  2.4159000e+004  1.2201000e+003 -9.2900000e-001  1.0000000e-003
  2.4179000e+004  1.2212000e+003 -9.3400000e-001  1.0000000e-003
  2.4199000e+004  1.2222000e+003 -9.4000000e-001  1.0000000e-003
  2.4219000e+004  1.2233000e+003 -9.4500000e-001  1.0000000e-003
  2.4239000e+004  1.2243000e+003 -9.5100000e-001  1.0000000e-003
  2.4259000e+004  1.2253000e+003 -9.5500000e-001  1.0000000e-003
  2.4279000e+004  1.2262000e+003 -9.6100000e-001  1.0000000e-003
  2.4299000e+004  1.2273000e+003 -9.6500000e-001  1.0000000e-003
  2.4319000e+004  1.2283000e+003 -9.7100000e-001  1.0000000e-003
  2.4339000e+004  1.2294000e+003 -9.7600000e-001  1.0000000e-003
  2.4359000e+004  1.2306000e+003 -9.8100000e-001  1.0000000e-003
  2.4379000e+004  1.2315000e+003 -9.8700000e-001  1.0000000e-003
  2.4399000e+004  1.2325000e+003 -9.9200000e-001  1.0000000e-003
  2.4419000e+004  1.2334000e+003 -9.9700000e-001  1.0000000e-003
  2.4439000e+004  1.2344000e+003 -1.0020000e+000  1.0000000e-003
  2.4459000e+004  1.2355000e+003 -1.0060000e+000  1.0000000e-003
  2.4479000e+004  1.2364000e+003 -1.0120000e+000  1.0000000e-003
  2.4499000e+004  1.2376000e+003 -1.0170000e+000  1.0000000e-003
  2.4519000e+004  1.2385000e+003 -1.0220000e+000  1.0000000e-003
  2.4539000e+004  1.2395000e+003 -1.0270000e+000  1.0000000e-003
  2.4559000e+004  1.2408000e+003 -1.0320000e+000  1.0000000e-003
  2.4579000e+004  1.2416000e+003 -1.0370000e+000  1.0000000e-003
  2.4599000e+004  1.2427000e+003 -1.0420000e+000  1.0000000e-003
  2.4619000e+004  1.2437000e+003 -1.0470000e+000  1.0000000e-003
  2.4639000e+004  1.2448000e+003 -1.0520000e+000  1.0000000e-003
  2.4659000e+004  1.2455000e+003 -1.0570000e+000  1.0000000e-003
  2.4679000e+004  1.2467000e+003 -1.0620000e+000  1.0000000e-003
  2.4699000e+004  1.2476000e+003 -1.0670000e+000  1.0000000e-003
  2.4719000e+004  1.2486000e+003 -1.0720000e+000  1.0000000e-003
  2.4739000e+004  1.2497000e+003 -1.0770000e+000  1.0000000e-003
  2.4759000e+004  1.2507000e+003 -1.0820000e+000  1.0000000e-003
  2.4779000e+004  1.2518000e+003 -1.0860000e+000  1.0000000e-003
  2.4799000e+004  1.2527000e+003 -1.0910000e+000  1.0000000e-003
  2.4819000e+004  1.2535000e+003 -1.0960000e+000  1.0000000e-003
  2.4839000e+004  1.2546000e+003 -1.1010000e+000  1.0000000e-003
  2.4859000e+004  1.2556000e+003 -1.1050000e+000  1.0000000e-003
  2.4879000e+004  1.2567000e+003 -1.1110000e+000  1.0000000e-003
  2.4899000e+004  1.2579000e+003 -1.1150000e+000  1.0000000e-003
  2.4919000e+004  1.2590000e+003 -1.1200000e+000  1.0000000e-003
  2.4939000e+004  1.2598000e+003 -1.1240000e+000  1.0000000e-003
  2.4959000e+004  1.2607000e+003 -1.1290000e+000  1.0000000e-003
  2.4980000e+004  1.2619000e+003 -1.1340000e+000  1.0000000e-003
  2.5004000e+004  1.2633000e+003 -1.1390000e+000  1.0000000e-003
  2.5024000e+004  1.2642000e+003 -1.1440000e+000  1.0000000e-003
  2.5044000e+004  1.2653000e+003 -1.1490000e+000  1.0000000e-003
  2.5064000e+004  1.2663000e+003 -1.1530000e+000  1.0000000e-003
  2.5084000e+004  1.2673000e+003 -1.1580000e+000  1.0000000e-003
  2.5104000e+004  1.2684000e+003 -1.1620000e+000  1.0000000e-003
  2.5124000e+004  1.2695000e+003 -1.1660000e+000  1.0000000e-003
  2.5144000e+004  1.2703000e+003 -1.1710000e+000  1.0000000e-003
  2.5164000e+004  1.2716000e+003 -1.1750000e+000  1.0000000e-003
  2.5184000e+004  1.2726000e+003 -1.1800000e+000  1.0000000e-003
  2.5204000e+004  1.2735000e+003 -1.1840000e+000  1.0000000e-003
  2.5224000e+004  1.2745000e+003 -1.1890000e+000  1.0000000e-003
  2.5245000e+004  1.2756000e+003 -1.1930000e+000  1.0000000e-003
  2.5265000e+004  1.2766000e+003 -1.1980000e+000  1.0000000e-003
  2.5285000e+004  1.2775000e+003 -1.2020000e+000  1.0000000e-003
  2.5305000e+004  1.2786000e+003 -1.2060000e+000  1.0000000e-003
  2.5325000e+004  1.2794000e+003 -1.2110000e+000  1.0000000e-003
  2.5345000e+004  1.2805000e+003 -1.2150000e+000  1.0000000e-003
  2.5365000e+004  1.2817000e+003 -1.2190000e+000  1.0000000e-003
  2.5385000e+004  1.2826000e+003 -1.2230000e+000  1.0000000e-003
  2.5405000e+004  1.2836000e+003 -1.2280000e+000  1.0000000e-003
  2.5425000e+004  1.2845000e+003 -1.2320000e+000  1.0000000e-003
  2.5445000e+004  1.2856000e+003 -1.2360000e+000  1.0000000e-003
  2.5465000e+004  1.2866000e+003 -1.2400000e+000  1.0000000e-003
  2.5485000e+004  1.2877000e+003 -1.2440000e+000  1.0000000e-003
  2.5505000e+004  1.2887000e+003 -1.2480000e+000  1.0000000e-003
  2.5525000e+004  1.2898000e+003 -1.2520000e+000  1.0000000e-003
  2.5545000e+004  1.2908000e+003 -1.2560000e+000  1.0000000e-003
  2.5565000e+004  1.2917000e+003 -1.2600000e+000  1.0000000e-003
  2.5585000e+004  1.2926000e+003 -1.2640000e+000  1.0000000e-003
  2.5605000e+004  1.2936000e+003 -1.2680000e+000  1.0000000e-003
  2.5625000e+004  1.2948000e+003 -1.2720000e+000  1.0000000e-003
  2.5645000e+004  1.2957000e+003 -1.2760000e+000  1.0000000e-003
  2.5665000e+004  1.2968000e+003 -1.2800000e+000  1.0000000e-003
  2.5685000e+004  1.2976000e+003 -1.2830000e+000  1.0000000e-003
  2.5705000e+004  1.2987000e+003 -1.2870000e+000  1.0000000e-003
  2.5725000e+004  1.2997000e+003 -1.2910000e+000  1.0000000e-003
  2.5745000e+004  1.3008000e+003 -1.2940000e+000  1.0000000e-003
  2.5765000e+004  1.3015000e+003 -1.2980000e+000  1.0000000e-003
  2.5785000e+004  1.3025000e+003 -1.3020000e+000  1.0000000e-003
  2.5805000e+004  1.3038000e+003 -1.3050000e+000  1.0000000e-003
  2.5825000e+004  1.3048000e+003 -1.3090000e+000  1.0000000e-003
  2.5845000e+004  1.3057000e+003 -1.3130000e+000  1.0000000e-003
  2.5865000e+004  1.3067000e+003 -1.3160000e+000  1.0000000e-003
  2.5885000e+004  1.3078000e+003 -1.3200000e+000  1.0000000e-003
  2.5905000e+004  1.3090000e+003 -1.3230000e+000  1.0000000e-003
  2.5925000e+004  1.3101000e+003 -1.3260000e+000  1.0000000e-003
  2.5945000e+004  1.3109000e+003 -1.3300000e+000  1.0000000e-003
  2.5965000e+004  1.3123000e+003 -1.3340000e+000  1.0000000e-003
  2.5985000e+004  1.3132000e+003 -1.3370000e+000  1.0000000e-003
  2.6005000e+004  1.3143000e+003 -1.3400000e+000  1.0000000e-003
  2.6025000e+004  1.3151000e+003 -1.3430000e+000  1.0000000e-003
  2.6045000e+004  1.3163000e+003 -1.3470000e+000  1.0000000e-003
  2.6065000e+004  1.3174000e+003 -1.3500000e+000  1.0000000e-003
  2.6085000e+004  1.3183000e+003 -1.3530000e+000  1.0000000e-003
  2.6105000e+004  1.3193000e+003 -1.3570000e+000  1.0000000e-003
  2.6125000e+004  1.3202000e+003 -1.3600000e+000  1.0000000e-003
  2.6145000e+004  1.3213000e+003 -1.3630000e+000  1.0000000e-003
  2.6165000e+004  1.3221000e+003 -1.3660000e+000  1.0000000e-003
  2.6185000e+004  1.3233000e+003 -1.3690000e+000  1.0000000e-003
  2.6205000e+004  1.3242000e+003 -1.3720000e+000  1.0000000e-003
  2.6225000e+004  1.3253000e+003 -1.3760000e+000  1.0000000e-003
  2.6245000e+004  1.3262000e+003 -1.3790000e+000  1.0000000e-003
  2.6265000e+004  1.3272000e+003 -1.3820000e+000  1.0000000e-003
  2.6285000e+004  1.3284000e+003 -1.3840000e+000  1.0000000e-003
  2.6305000e+004  1.3293000e+003 -1.3880000e+000  1.0000000e-003
  2.6325000e+004  1.3302000e+003 -1.3910000e+000  1.0000000e-003
  2.6345000e+004  1.3314000e+003 -1.3930000e+000  1.0000000e-003
  2.6365000e+004  1.3323000e+003 -1.3960000e+000  1.0000000e-003
  2.6385000e+004  1.3333000e+003 -1.3990000e+000  1.0000000e-003
  2.6405000e+004  1.3344000e+003 -1.4020000e+000  1.0000000e-003
  2.6425000e+004  1.3353000e+003 -1.4040000e+000  1.0000000e-003
  2.6445000e+004  1.3363000e+003 -1.4070000e+000  1.0000000e-003
  2.6465000e+004  1.3373000e+003 -1.4100000e+000  1.0000000e-003
  2.6485000e+004  1.3384000e+003 -1.4120000e+000  1.0000000e-003
  2.6505000e+004  1.3393000e+003 -1.4150000e+000  1.0000000e-003
  2.6525000e+004  1.3402000e+003 -1.4180000e+000  1.0000000e-003
  2.6545000e+004  1.3414000e+003 -1.4200000e+000  1.0000000e-003
  2.6565000e+004  1.3422000e+003 -1.4230000e+000  1.0000000e-003
  2.6585000e+004  1.3435000e+003 -1.4250000e+000  1.0000000e-003
  2.6605000e+004  1.3443000e+003 -1.4280000e+000  1.0000000e-003
  2.6625000e+004  1.3454000e+003 -1.4310000e+000  1.0000000e-003
  2.6645000e+004  1.3463000e+003 -1.4330000e+000  1.0000000e-003
  2.6665000e+004  1.3473000e+003 -1.4350000e+000  1.0000000e-003
  2.6685000e+004  1.3484000e+003 -1.4380000e+000  1.0000000e-003
  2.6705000e+004  1.3494000e+003 -1.4410000e+000  1.0000000e-003
  2.6725000e+004  1.3503000e+003 -1.4430000e+000  1.0000000e-003
  2.6745000e+004  1.3515000e+003 -1.4450000e+000  1.0000000e-003
  2.6765000e+004  1.3524000e+003 -1.4470000e+000  1.0000000e-003
  2.6785000e+004  1.3536000e+003 -1.4490000e+000  1.0000000e-003
  2.6805000e+004  1.3545000e+003 -1.4520000e+000  1.0000000e-003
  2.6825000e+004  1.3557000e+003 -1.4540000e+000  1.0000000e-003
  2.6845000e+004  1.3564000e+003 -1.4560000e+000  1.0000000e-003
  2.6865000e+004  1.3575000e+003 -1.4590000e+000  1.0000000e-003
  2.6885000e+004  1.3587000e+003 -1.4610000e+000  1.0000000e-003
  2.6905000e+004  1.3597000e+003 -1.4630000e+000  1.0000000e-003
  2.6925000e+004  1.3610000e+003 -1.4650000e+000  1.0000000e-003
  2.6945000e+004  1.3618000e+003 -1.4670000e+000  1.0000000e-003
  2.6965000e+004  1.3631000e+003 -1.4690000e+000  1.0000000e-003
  2.6985000e+004  1.3638000e+003 -1.4710000e+000  1.0000000e-003
  2.7005000e+004  1.3650000e+003 -1.4730000e+000  1.0000000e-003
  2.7025000e+004  1.3659000e+003 -1.4750000e+000  1.0000000e-003
  2.7045000e+004  1.3667000e+003 -1.4770000e+000  1.0000000e-003
  2.7065000e+004  1.3676000e+003 -1.4790000e+000  1.0000000e-003
  2.7085000e+004  1.3689000e+003 -1.4810000e+000  1.0000000e-003
  2.7105000e+004  1.3697000e+003 -1.4830000e+000  1.0000000e-003
  2.7125000e+004  1.3708000e+003 -1.4840000e+000  1.0000000e-003
  2.7145000e+004  1.3718000e+003 -1.4860000e+000  1.0000000e-003
  2.7165000e+004  1.3729000e+003 -1.4880000e+000  1.0000000e-003
  2.7185000e+004  1.3739000e+003 -1.4900000e+000  1.0000000e-003
  2.7205000e+004  1.3750000e+003 -1.4920000e+000  1.0000000e-003
  2.7225000e+004  1.3759000e+003 -1.4940000e+000  1.0000000e-003
  2.7245000e+004  1.3769000e+003 -1.4950000e+000  1.0000000e-003
  2.7265000e+004  1.3778000e+003 -1.4970000e+000  1.0000000e-003
  2.7285000e+004  1.3788000e+003 -1.4990000e+000  1.0000000e-003
  2.7305000e+004  1.3799000e+003 -1.5010000e+000  1.0000000e-003
  2.7325000e+004  1.3809000e+003 -1.5020000e+000  1.0000000e-003
  2.7345000e+004  1.3818000e+003 -1.5040000e+000  1.0000000e-003
  2.7365000e+004  1.3830000e+003 -1.5050000e+000  1.0000000e-003
  2.7385000e+004  1.3839000e+003 -1.5070000e+000  1.0000000e-003
  2.7405000e+004  1.3848000e+003 -1.5090000e+000  1.0000000e-003
  2.7425000e+004  1.3858000e+003 -1.5110000e+000  1.0000000e-003
  2.7445000e+004  1.3869000e+003 -1.5120000e+000  1.0000000e-003
  2.7465000e+004  1.3878000e+003 -1.5130000e+000  1.0000000e-003
  2.7485000e+004  1.3888000e+003 -1.5150000e+000  1.0000000e-003
  2.7505000e+004  1.3898000e+003 -1.5160000e+000  1.0000000e-003
  2.7525000e+004  1.3907000e+003 -1.5180000e+000  1.0000000e-003
  2.7545000e+004  1.3918000e+003 -1.5200000e+000  1.0000000e-003
  2.7565000e+004  1.3927000e+003 -1.5210000e+000  1.0000000e-003
  2.7585000e+004  1.3937000e+003 -1.5220000e+000  1.0000000e-003
  2.7605000e+004  1.3948000e+003 -1.5230000e+000  1.0000000e-003
  2.7660000e+004  1.3883000e+003 -1.5290000e+000  1.0000000e-003
  2.7680000e+004  1.3934000e+003 -1.5280000e+000  1.0000000e-003
  2.7700000e+004  1.3948000e+003 -1.5290000e+000  1.0000000e-003
