  0.0000000e+000  2.0800000e+001  0.0000000e+000  1.0000000e-003
  2.0000000e+001  2.0100000e+001  0.0000000e+000  1.0000000e-003
  4.0000000e+001  2.0500000e+001  0.0000000e+000  1.0000000e-003
  6.0000000e+001  2.0300000e+001  0.0000000e+000  1.0000000e-003
  8.0000000e+001  2.0100000e+001  0.0000000e+000  1.0000000e-003
  1.0000000e+002  2.0600000e+001  0.0000000e+000  1.0000000e-003
  1.2000000e+002  2.0500000e+001  0.0000000e+000  1.0000000e-003
  1.4000000e+002  2.0800000e+001  0.0000000e+000  1.0000000e-003
  1.6000000e+002  2.0100000e+001  0.0000000e+000  1.0000000e-003
  1.8000000e+002  2.0800000e+001  0.0000000e+000  1.0000000e-003
  2.0000000e+002  2.0600000e+001  0.0000000e+000  1.0000000e-003
  2.2000000e+002  2.0600000e+001  0.0000000e+000  1.0000000e-003
  2.4000000e+002  2.0600000e+001 -1.0000000e-003  1.0000000e-003
  2.6000000e+002  2.0800000e+001 -1.0000000e-003  1.0000000e-003
  2.8000000e+002  2.1400000e+001 -1.0000000e-003  1.0000000e-003
  3.0000000e+002  2.1000000e+001 -1.0000000e-003  1.0000000e-003
  3.2000000e+002  2.1700000e+001 -1.0000000e-003  1.0000000e-003
  3.4000000e+002  2.1700000e+001 -1.0000000e-003  1.0000000e-003
  3.6000000e+002  2.1700000e+001 -2.0000000e-003  1.0000000e-003
  3.8000000e+002  2.2700000e+001 -2.0000000e-003  1.0000000e-003
  4.0000000e+002  2.2900000e+001 -2.0000000e-003  1.0000000e-003
  4.2000000e+002  2.3300000e+001 -2.0000000e-003  1.0000000e-003
  4.4000000e+002  2.4100000e+001 -2.0000000e-003  1.0000000e-003
  4.6000000e+002  2.4700000e+001 -3.0000000e-003  1.0000000e-003
  4.8000000e+002  2.5000000e+001 -3.0000000e-003  1.0000000e-003
  5.0000000e+002  2.5700000e+001 -3.0000000e-003  1.0000000e-003
  5.2000000e+002  2.6600000e+001 -3.0000000e-003  1.0000000e-003
  5.4000000e+002  2.7100000e+001 -4.0000000e-003  1.0000000e-003
  5.6000000e+002  2.7700000e+001 -4.0000000e-003  1.0000000e-003
  5.8000000e+002  2.9000000e+001 -4.0000000e-003  1.0000000e-003
  6.0000000e+002  2.9900000e+001 -4.0000000e-003  1.0000000e-003
  6.2000000e+002  3.1000000e+001 -5.0000000e-003  1.0000000e-003
  6.4000000e+002  3.1500000e+001 -5.0000000e-003  1.0000000e-003
  6.6000000e+002  3.2900000e+001 -5.0000000e-003  1.0000000e-003
  6.8000000e+002  3.4000000e+001 -5.0000000e-003  1.0000000e-003
  7.0000000e+002  3.5000000e+001 -6.0000000e-003  1.0000000e-003
  7.2000000e+002  3.6400000e+001 -6.0000000e-003  1.0000000e-003
  7.4000000e+002  3.7500000e+001 -6.0000000e-003  1.0000000e-003
  7.6000000e+002  3.9000000e+001 -6.0000000e-003  1.0000000e-003
  7.8000000e+002  4.0300000e+001 -7.0000000e-003  1.0000000e-003
  8.0000000e+002  4.1500000e+001 -7.0000000e-003  1.0000000e-003
  8.2000000e+002  4.3100000e+001 -7.0000000e-003  1.0000000e-003
  8.4000000e+002  4.4800000e+001 -7.0000000e-003  1.0000000e-003
  8.6000000e+002  4.6200000e+001 -8.0000000e-003  1.0000000e-003
  8.8000000e+002  4.8000000e+001 -8.0000000e-003  1.0000000e-003
  9.0000000e+002  4.9700000e+001 -8.0000000e-003  1.0000000e-003
  9.2000000e+002  5.1800000e+001 -8.0000000e-003  1.0000000e-003
  9.4000000e+002  5.3400000e+001 -8.0000000e-003  1.0000000e-003
  9.6000000e+002  5.5300000e+001 -9.0000000e-003  1.0000000e-003
  9.8000000e+002  5.6900000e+001 -9.0000000e-003  1.0000000e-003
  1.0000000e+003  5.9200000e+001 -9.0000000e-003  1.0000000e-003
  1.0200000e+003  6.1100000e+001 -9.0000000e-003  1.0000000e-003
  1.0400000e+003  6.3000000e+001 -1.0000000e-002  1.0000000e-003
  1.0600000e+003  6.4600000e+001 -1.0000000e-002  1.0000000e-003
  1.0800000e+003  6.6800000e+001 -1.0000000e-002  1.0000000e-003
  1.1000000e+003  6.8800000e+001 -1.0000000e-002  1.0000000e-003
  1.1200000e+003  7.0900000e+001 -1.0000000e-002  1.0000000e-003
  1.1400000e+003  7.3300000e+001 -1.1000000e-002  1.0000000e-003
  1.1600000e+003  7.5100000e+001 -1.1000000e-002  1.0000000e-003
  1.1800000e+003  7.7900000e+001 -1.1000000e-002  1.0000000e-003
  1.2000000e+003  8.0300000e+001 -1.1000000e-002  1.0000000e-003
  1.2200000e+003  8.2800000e+001 -1.2000000e-002  1.0000000e-003
  1.2400000e+003  8.5600000e+001 -1.2000000e-002  1.0000000e-003
  1.2600000e+003  8.7800000e+001 -1.2000000e-002  1.0000000e-003
  1.2800000e+003  9.0500000e+001 -1.2000000e-002  1.0000000e-003
  1.3000000e+003  9.2900000e+001 -1.2000000e-002  1.0000000e-003
  1.3200000e+003  9.5900000e+001 -1.2000000e-002  1.0000000e-003
  1.3400000e+003  9.8500000e+001 -1.3000000e-002  1.0000000e-003
  1.3600000e+003  1.0130000e+002 -1.3000000e-002  1.0000000e-003
  1.3800000e+003  1.0430000e+002 -1.3000000e-002  1.0000000e-003
  1.4000000e+003  1.0710000e+002 -1.3000000e-002  1.0000000e-003
  1.4200000e+003  1.0990000e+002 -1.3000000e-002  1.0000000e-003
  1.4400000e+003  1.1270000e+002 -1.3000000e-002  1.0000000e-003
  1.4600000e+003  1.1600000e+002 -1.3000000e-002  1.0000000e-003
  1.4800000e+003  1.1900000e+002 -1.4000000e-002  1.0000000e-003
  1.5000000e+003  1.2180000e+002 -1.4000000e-002  1.0000000e-003
  1.5200000e+003  1.2530000e+002 -1.4000000e-002  1.0000000e-003
  1.5400000e+003  1.2790000e+002 -1.4000000e-002  1.0000000e-003
  1.5600000e+003  1.3130000e+002 -1.4000000e-002  1.0000000e-003
  1.5800000e+003  1.3460000e+002 -1.4000000e-002  1.0000000e-003
  1.6000000e+003  1.3790000e+002 -1.4000000e-002  1.0000000e-003
  1.6200000e+003  1.4120000e+002 -1.4000000e-002  1.0000000e-003
  1.6400000e+003  1.4490000e+002 -1.5000000e-002  1.0000000e-003
  1.6600000e+003  1.4840000e+002 -1.5000000e-002  1.0000000e-003
  1.6800000e+003  1.5190000e+002 -1.5000000e-002  1.0000000e-003
  1.7000000e+003  1.5520000e+002 -1.5000000e-002  1.0000000e-003
  1.7200000e+003  1.5820000e+002 -1.5000000e-002  1.0000000e-003
  1.7400000e+003  1.6150000e+002 -1.5000000e-002  1.0000000e-003
  1.7600000e+003  1.6500000e+002 -1.5000000e-002  1.0000000e-003
  1.7800000e+003  1.6890000e+002 -1.5000000e-002  1.0000000e-003
  1.8000000e+003  1.7200000e+002 -1.5000000e-002  1.0000000e-003
  1.8200000e+003  1.7620000e+002 -1.5000000e-002  1.0000000e-003
  1.8400000e+003  1.7970000e+002 -1.5000000e-002  1.0000000e-003
  1.8600000e+003  1.8320000e+002 -1.5000000e-002  1.0000000e-003
  1.8800000e+003  1.8710000e+002 -1.5000000e-002  1.0000000e-003
  1.9000000e+003  1.9080000e+002 -1.5000000e-002  1.0000000e-003
  1.9200000e+003  1.9460000e+002 -1.5000000e-002  1.0000000e-003
  1.9400000e+003  1.9850000e+002 -1.5000000e-002  1.0000000e-003
  1.9600000e+003  2.0250000e+002 -1.5000000e-002  1.0000000e-003
  1.9800000e+003  2.0650000e+002 -1.5000000e-002  1.0000000e-003
  2.0000000e+003  2.1000000e+002 -1.5000000e-002  1.0000000e-003
  2.0200000e+003  2.1350000e+002 -1.5000000e-002  1.0000000e-003
  2.0400000e+003  2.1740000e+002 -1.5000000e-002  1.0000000e-003
  2.0600000e+003  2.2140000e+002 -1.5000000e-002  1.0000000e-003
  2.0800000e+003  2.2520000e+002 -1.4000000e-002  1.0000000e-003
  2.1000000e+003  2.2940000e+002 -1.4000000e-002  1.0000000e-003
  2.1200000e+003  2.3310000e+002 -1.4000000e-002  1.0000000e-003
  2.1400000e+003  2.3710000e+002 -1.4000000e-002  1.0000000e-003
  2.1600000e+003  2.4130000e+002 -1.4000000e-002  1.0000000e-003
  2.1800000e+003  2.4550000e+002 -1.4000000e-002  1.0000000e-003
  2.2000000e+003  2.4940000e+002 -1.4000000e-002  1.0000000e-003
  2.2200000e+003  2.5380000e+002 -1.3000000e-002  1.0000000e-003
  2.2400000e+003  2.5780000e+002 -1.3000000e-002  1.0000000e-003
  2.2600000e+003  2.6230000e+002 -1.3000000e-002  1.0000000e-003
  2.2800000e+003  2.6620000e+002 -1.3000000e-002  1.0000000e-003
  2.3000000e+003  2.7020000e+002 -1.3000000e-002  1.0000000e-003
  2.3200000e+003  2.7440000e+002 -1.3000000e-002  1.0000000e-003
  2.3400000e+003  2.7880000e+002 -1.2000000e-002  1.0000000e-003
  2.3600000e+003  2.8310000e+002 -1.2000000e-002  1.0000000e-003
  2.3800000e+003  2.8700000e+002 -1.2000000e-002  1.0000000e-003
  2.4000000e+003  2.9090000e+002 -1.2000000e-002  1.0000000e-003
  2.4200000e+003  2.9520000e+002 -1.2000000e-002  1.0000000e-003
  2.4400000e+003  2.9960000e+002 -1.2000000e-002  1.0000000e-003
  2.4600000e+003  3.0360000e+002 -1.1000000e-002  1.0000000e-003
  2.4800000e+003  3.0800000e+002 -1.1000000e-002  1.0000000e-003
  2.5000000e+003  3.1260000e+002 -1.1000000e-002  1.0000000e-003
  2.5200000e+003  3.1660000e+002 -1.1000000e-002  1.0000000e-003
  2.5400000e+003  3.2080000e+002 -1.0000000e-002  1.0000000e-003
  2.5600000e+003  3.2510000e+002 -1.0000000e-002  1.0000000e-003
  2.5800000e+003  3.2950000e+002 -1.0000000e-002  1.0000000e-003
  2.6000000e+003  3.3390000e+002 -1.0000000e-002  1.0000000e-003
  2.6200000e+003  3.3830000e+002 -1.0000000e-002  1.0000000e-003
  2.6400000e+003  3.4230000e+002 -9.0000000e-003  1.0000000e-003
  2.6600000e+003  3.4700000e+002 -9.0000000e-003  1.0000000e-003
  2.6800000e+003  3.5140000e+002 -9.0000000e-003  1.0000000e-003
  2.7000000e+003  3.5580000e+002 -9.0000000e-003  1.0000000e-003
  2.7200000e+003  3.6010000e+002 -8.0000000e-003  1.0000000e-003
  2.7400000e+003  3.6450000e+002 -8.0000000e-003  1.0000000e-003
  2.7600000e+003  3.6870000e+002 -8.0000000e-003  1.0000000e-003
  2.7800000e+003  3.7280000e+002 -8.0000000e-003  1.0000000e-003
  2.8000000e+003  3.7750000e+002 -7.0000000e-003  1.0000000e-003
  2.8200000e+003  3.8190000e+002 -7.0000000e-003  1.0000000e-003
  2.8400000e+003  3.8570000e+002 -7.0000000e-003  1.0000000e-003
  2.8600000e+003  3.9010000e+002 -6.0000000e-003  1.0000000e-003
  2.8800000e+003  3.9450000e+002 -6.0000000e-003  1.0000000e-003
  2.9000000e+003  3.9900000e+002 -6.0000000e-003  1.0000000e-003
  2.9200000e+003  4.0350000e+002 -5.0000000e-003  1.0000000e-003
  2.9400000e+003  4.0810000e+002 -5.0000000e-003  1.0000000e-003
  2.9600000e+003  4.1230000e+002 -5.0000000e-003  1.0000000e-003
  2.9800000e+003  4.1630000e+002 -4.0000000e-003  1.0000000e-003
  3.0000000e+003  4.2050000e+002 -4.0000000e-003  1.0000000e-003
  3.0200000e+003  4.2560000e+002 -4.0000000e-003  1.0000000e-003
  3.0400000e+003  4.2980000e+002 -3.0000000e-003  1.0000000e-003
  3.0600000e+003  4.3400000e+002 -3.0000000e-003  1.0000000e-003
  3.0800000e+003  4.3840000e+002 -3.0000000e-003  1.0000000e-003
  3.1000000e+003  4.4260000e+002 -2.0000000e-003  1.0000000e-003
  3.1200000e+003  4.4700000e+002 -2.0000000e-003  1.0000000e-003
  3.1400000e+003  4.5180000e+002 -2.0000000e-003  1.0000000e-003
  3.1600000e+003  4.5570000e+002 -1.0000000e-003  1.0000000e-003
  3.1800000e+003  4.6010000e+002 -1.0000000e-003  1.0000000e-003
  3.2000000e+003  4.6370000e+002 -1.0000000e-003  1.0000000e-003
  3.2200000e+003  4.6850000e+002 -1.0000000e-003  1.0000000e-003
  3.2400000e+003  4.7250000e+002  0.0000000e+000  1.0000000e-003
  3.2600000e+003  4.7690000e+002  0.0000000e+000  1.0000000e-003
  3.2800000e+003  4.8110000e+002  0.0000000e+000  1.0000000e-003
  3.3000000e+003  4.8540000e+002  1.0000000e-003  1.0000000e-003
  3.3200000e+003  4.8930000e+002  1.0000000e-003  1.0000000e-003
  3.3400000e+003  4.9370000e+002  1.0000000e-003  1.0000000e-003
  3.3600000e+003  4.9790000e+002  1.0000000e-003  1.0000000e-003
  3.3800000e+003  5.0210000e+002  2.0000000e-003  1.0000000e-003
  3.4000000e+003  5.0660000e+002  2.0000000e-003  1.0000000e-003
  3.4200000e+003  5.1080000e+002  3.0000000e-003  1.0000000e-003
  3.4400000e+003  5.1450000e+002  3.0000000e-003  1.0000000e-003
  3.4600000e+003  5.1900000e+002  3.0000000e-003  1.0000000e-003
  3.4800000e+003  5.2340000e+002  3.0000000e-003  1.0000000e-003
  3.5000000e+003  5.2780000e+002  4.0000000e-003  1.0000000e-003
  3.5200000e+003  5.3200000e+002  4.0000000e-003  1.0000000e-003
  3.5400000e+003  5.3570000e+002  5.0000000e-003  1.0000000e-003
  3.5600000e+003  5.3990000e+002  5.0000000e-003  1.0000000e-003
  3.5800000e+003  5.4430000e+002  6.0000000e-003  1.0000000e-003
  3.6000000e+003  5.4850000e+002  6.0000000e-003  1.0000000e-003
  3.6200000e+003  5.5230000e+002  6.0000000e-003  1.0000000e-003
  3.6400000e+003  5.5680000e+002  7.0000000e-003  1.0000000e-003
  3.6600000e+003  5.6070000e+002  8.0000000e-003  1.0000000e-003
  3.6800000e+003  5.6450000e+002  8.0000000e-003  1.0000000e-003
  3.7000000e+003  5.6880000e+002  8.0000000e-003  1.0000000e-003
  3.7200000e+003  5.7260000e+002  9.0000000e-003  1.0000000e-003
  3.7400000e+003  5.7680000e+002  9.0000000e-003  1.0000000e-003
  3.7600000e+003  5.8100000e+002  9.0000000e-003  1.0000000e-003
  3.7800000e+003  5.8430000e+002  9.0000000e-003  1.0000000e-003
  3.8000000e+003  5.8870000e+002  1.0000000e-002  1.0000000e-003
  3.8200000e+003  5.9250000e+002  1.0000000e-002  1.0000000e-003
  3.8400000e+003  5.9620000e+002  1.0000000e-002  1.0000000e-003
  3.8600000e+003  6.0060000e+002  1.1000000e-002  1.0000000e-003
  3.8800000e+003  6.0460000e+002  1.1000000e-002  1.0000000e-003
  3.9000000e+003  6.0830000e+002  1.1000000e-002  1.0000000e-003
  3.9200000e+003  6.1230000e+002  1.2000000e-002  1.0000000e-003
  3.9400000e+003  6.1620000e+002  1.2000000e-002  1.0000000e-003
  3.9600000e+003  6.2020000e+002  1.2000000e-002  1.0000000e-003
  3.9800000e+003  6.2440000e+002  1.3000000e-002  1.0000000e-003
  4.0000000e+003  6.2830000e+002  1.3000000e-002  1.0000000e-003
  4.0200000e+003  6.3190000e+002  1.3000000e-002  1.0000000e-003
  4.0400000e+003  6.3630000e+002  1.3000000e-002  1.0000000e-003
  4.0600000e+003  6.4000000e+002  1.4000000e-002  1.0000000e-003
  4.0800000e+003  6.4370000e+002  1.4000000e-002  1.0000000e-003
  4.1000000e+003  6.4800000e+002  1.4000000e-002  1.0000000e-003
  4.1200000e+003  6.5170000e+002  1.5000000e-002  1.0000000e-003
  4.1400000e+003  6.5540000e+002  1.5000000e-002  1.0000000e-003
  4.1600000e+003  6.5900000e+002  1.6000000e-002  1.0000000e-003
  4.1800000e+003  6.6340000e+002  1.6000000e-002  1.0000000e-003
  4.2000000e+003  6.6690000e+002  1.6000000e-002  1.0000000e-003
  4.2200000e+003  6.7110000e+002  1.7000000e-002  1.0000000e-003
  4.2400000e+003  6.7480000e+002  1.7000000e-002  1.0000000e-003
  4.2600000e+003  6.7800000e+002  1.7000000e-002  1.0000000e-003
  4.2800000e+003  6.8200000e+002  1.8000000e-002  1.0000000e-003
  4.3000000e+003  6.8570000e+002  1.8000000e-002  1.0000000e-003
  4.3200000e+003  6.8920000e+002  1.8000000e-002  1.0000000e-003
  4.3400000e+003  6.9280000e+002  1.9000000e-002  1.0000000e-003
  4.3600000e+003  6.9700000e+002  1.9000000e-002  1.0000000e-003
  4.3800000e+003  7.0040000e+002  1.9000000e-002  1.0000000e-003
  4.4000000e+003  7.0400000e+002  2.0000000e-002  1.0000000e-003
  4.4200000e+003  7.0770000e+002  2.0000000e-002  1.0000000e-003
  4.4400000e+003  7.1170000e+002  2.0000000e-002  1.0000000e-003
  4.4600000e+003  7.1520000e+002  2.1000000e-002  1.0000000e-003
  4.4800000e+003  7.1910000e+002  2.1000000e-002  1.0000000e-003
  4.5000000e+003  7.2310000e+002  2.1000000e-002  1.0000000e-003
  4.5200000e+003  7.2680000e+002  2.2000000e-002  1.0000000e-003
  4.5400000e+003  7.3030000e+002  2.2000000e-002  1.0000000e-003
  4.5600000e+003  7.3390000e+002  2.2000000e-002  1.0000000e-003
  4.5800000e+003  7.3780000e+002  2.2000000e-002  1.0000000e-003
  4.6000000e+003  7.4180000e+002  2.2000000e-002  1.0000000e-003
  4.6200000e+003  7.4550000e+002  2.3000000e-002  1.0000000e-003
  4.6400000e+003  7.4900000e+002  2.3000000e-002  1.0000000e-003
  4.6600000e+003  7.5230000e+002  2.3000000e-002  1.0000000e-003
  4.6800000e+003  7.5640000e+002  2.4000000e-002  1.0000000e-003
  4.7000000e+003  7.6000000e+002  2.4000000e-002  1.0000000e-003
  4.7200000e+003  7.6350000e+002  2.4000000e-002  1.0000000e-003
  4.7400000e+003  7.6750000e+002  2.4000000e-002  1.0000000e-003
  4.7600000e+003  7.7050000e+002  2.5000000e-002  1.0000000e-003
  4.7800000e+003  7.7420000e+002  2.5000000e-002  1.0000000e-003
  4.8000000e+003  7.7800000e+002  2.5000000e-002  1.0000000e-003
  4.8200000e+003  7.8150000e+002  2.6000000e-002  1.0000000e-003
  4.8400000e+003  7.8520000e+002  2.6000000e-002  1.0000000e-003
  4.8600000e+003  7.8870000e+002  2.6000000e-002  1.0000000e-003
  4.8800000e+003  7.9240000e+002  2.6000000e-002  1.0000000e-003
  4.9000000e+003  7.9610000e+002  2.6000000e-002  1.0000000e-003
  4.9200000e+003  7.9960000e+002  2.7000000e-002  1.0000000e-003
  4.9400000e+003  8.0290000e+002  2.7000000e-002  1.0000000e-003
  4.9600000e+003  8.0680000e+002  2.7000000e-002  1.0000000e-003
  4.9800000e+003  8.0970000e+002  2.7000000e-002  1.0000000e-003
  5.0000000e+003  8.1390000e+002  2.7000000e-002  1.0000000e-003
  5.0200000e+003  8.1690000e+002  2.7000000e-002  1.0000000e-003
  5.0400000e+003  8.2080000e+002  2.8000000e-002  1.0000000e-003
  5.0600000e+003  8.2440000e+002  2.8000000e-002  1.0000000e-003
  5.0800000e+003  8.2810000e+002  2.8000000e-002  1.0000000e-003
  5.1000000e+003  8.3090000e+002  2.8000000e-002  1.0000000e-003
  5.1200000e+003  8.3480000e+002  2.8000000e-002  1.0000000e-003
  5.1400000e+003  8.3860000e+002  2.8000000e-002  1.0000000e-003
  5.1600000e+003  8.4160000e+002  2.8000000e-002  1.0000000e-003
  5.1800000e+003  8.4520000e+002  2.8000000e-002  1.0000000e-003
  5.2000000e+003  8.4860000e+002  2.8000000e-002  1.0000000e-003
  5.2200000e+003  8.5230000e+002  2.8000000e-002  1.0000000e-003
  5.2400000e+003  8.5610000e+002  2.8000000e-002  1.0000000e-003
  5.2600000e+003  8.5960000e+002  2.8000000e-002  1.0000000e-003
  5.2800000e+003  8.6330000e+002  2.8000000e-002  1.0000000e-003
  5.3000000e+003  8.6700000e+002  2.8000000e-002  1.0000000e-003
  5.3200000e+003  8.7030000e+002  2.8000000e-002  1.0000000e-003
  5.3400000e+003  8.7380000e+002  2.8000000e-002  1.0000000e-003
  5.3600000e+003  8.7760000e+002  2.8000000e-002  1.0000000e-003
  5.3800000e+003  8.8080000e+002  2.7000000e-002  1.0000000e-003
  5.4000000e+003  8.8450000e+002  2.7000000e-002  1.0000000e-003
  5.4200000e+003  8.8740000e+002  2.7000000e-002  1.0000000e-003
  5.4400000e+003  8.9090000e+002  2.6000000e-002  1.0000000e-003
  5.4600000e+003  8.9460000e+002  2.6000000e-002  1.0000000e-003
  5.4800000e+003  8.9830000e+002  2.6000000e-002  1.0000000e-003
  5.5000000e+003  9.0200000e+002  2.5000000e-002  1.0000000e-003
  5.5200000e+003  9.0530000e+002  2.4000000e-002  1.0000000e-003
  5.5400000e+003  9.0810000e+002  2.4000000e-002  1.0000000e-003
  5.5600000e+003  9.1210000e+002  2.3000000e-002  1.0000000e-003
  5.5800000e+003  9.1540000e+002  2.2000000e-002  1.0000000e-003
  5.6000000e+003  9.1890000e+002  2.2000000e-002  1.0000000e-003
  5.6200000e+003  9.2240000e+002  2.1000000e-002  1.0000000e-003
  5.6400000e+003  9.2580000e+002  2.0000000e-002  1.0000000e-003
  5.6600000e+003  9.2890000e+002  1.9000000e-002  1.0000000e-003
  5.6800000e+003  9.3260000e+002  1.8000000e-002  1.0000000e-003
  5.7000000e+003  9.3570000e+002  1.6000000e-002  1.0000000e-003
  5.7200000e+003  9.3920000e+002  1.5000000e-002  1.0000000e-003
  5.7400000e+003  9.4330000e+002  1.4000000e-002  1.0000000e-003
  5.7600000e+003  9.4640000e+002  1.2000000e-002  1.0000000e-003
  5.7800000e+003  9.4990000e+002  1.1000000e-002  1.0000000e-003
  5.8000000e+003  9.5360000e+002  1.0000000e-002  1.0000000e-003
  5.8200000e+003  9.5670000e+002  9.0000000e-003  1.0000000e-003
  5.8400000e+003  9.6020000e+002  7.0000000e-003  1.0000000e-003
  5.8600000e+003  9.6430000e+002  5.0000000e-003  1.0000000e-003
  5.8800000e+003  9.6740000e+002  3.0000000e-003  1.0000000e-003
  5.9000000e+003  9.7110000e+002  1.0000000e-003  1.0000000e-003
  5.9200000e+003  9.7420000e+002  0.0000000e+000  1.0000000e-003
  5.9400000e+003  9.7790000e+002 -2.0000000e-003  1.0000000e-003
  5.9600000e+003  9.8120000e+002 -4.0000000e-003  1.0000000e-003
  5.9800000e+003  9.8490000e+002 -6.0000000e-003  1.0000000e-003
  6.0000000e+003  9.8860000e+002 -8.0000000e-003  1.0000000e-003
  6.0200000e+003  9.9260000e+002 -9.0000000e-003  1.0000000e-003
  6.0400000e+003  9.9560000e+002 -1.2000000e-002  1.0000000e-003
  6.0600000e+003  9.9870000e+002 -1.4000000e-002  1.0000000e-003
  6.0800000e+003  1.0024000e+003 -1.6000000e-002  1.0000000e-003
  6.1000000e+003  1.0054000e+003 -1.8000000e-002  1.0000000e-003
  6.1200000e+003  1.0094000e+003 -2.1000000e-002  1.0000000e-003
  6.1400000e+003  1.0124000e+003 -2.4000000e-002  1.0000000e-003
  6.1600000e+003  1.0161000e+003 -2.6000000e-002  1.0000000e-003
  6.1800000e+003  1.0195000e+003 -2.9000000e-002  1.0000000e-003
  6.2000000e+003  1.0230000e+003 -3.2000000e-002  1.0000000e-003
  6.2200000e+003  1.0264000e+003 -3.5000000e-002  1.0000000e-003
  6.2400000e+003  1.0299000e+003 -3.9000000e-002  1.0000000e-003
  6.2600000e+003  1.0332000e+003 -4.1000000e-002  1.0000000e-003
  6.2800000e+003  1.0369000e+003 -4.5000000e-002  1.0000000e-003
  6.3000000e+003  1.0400000e+003 -4.9000000e-002  1.0000000e-003
  6.3200000e+003  1.0437000e+003 -5.2000000e-002  1.0000000e-003
  6.3400000e+003  1.0472000e+003 -5.6000000e-002  1.0000000e-003
  6.3600000e+003  1.0511000e+003 -5.9000000e-002  1.0000000e-003
  6.3800000e+003  1.0540000e+003 -6.4000000e-002  1.0000000e-003
  6.4000000e+003  1.0575000e+003 -6.8000000e-002  1.0000000e-003
  6.4200000e+003  1.0610000e+003 -7.2000000e-002  1.0000000e-003
  6.4400000e+003  1.0645000e+003 -7.7000000e-002  1.0000000e-003
  6.4600000e+003  1.0680000e+003 -8.1000000e-002  1.0000000e-003
  6.4800000e+003  1.0714000e+003 -8.6000000e-002  1.0000000e-003
  6.5000000e+003  1.0748000e+003 -9.0000000e-002  1.0000000e-003
  6.5200000e+003  1.0785000e+003 -9.5000000e-002  1.0000000e-003
  6.5400000e+003  1.0824000e+003 -1.0000000e-001  1.0000000e-003
  6.5600000e+003  1.0857000e+003 -1.0500000e-001  1.0000000e-003
  6.5800000e+003  1.0888000e+003 -1.1000000e-001  1.0000000e-003
  6.6000000e+003  1.0923000e+003 -1.1600000e-001  1.0000000e-003
  6.6200000e+003  1.0962000e+003 -1.2100000e-001  1.0000000e-003
  6.6400000e+003  1.0999000e+003 -1.2600000e-001  1.0000000e-003
  6.6600000e+003  1.1030000e+003 -1.3100000e-001  1.0000000e-003
  6.6800000e+003  1.1069000e+003 -1.3700000e-001  1.0000000e-003
  6.7000000e+003  1.1104000e+003 -1.4200000e-001  1.0000000e-003
  6.7200000e+003  1.1137000e+003 -1.4800000e-001  1.0000000e-003
  6.7400000e+003  1.1177000e+003 -1.5400000e-001  1.0000000e-003
  6.7600000e+003  1.1209000e+003 -1.6000000e-001  1.0000000e-003
  6.7800000e+003  1.1249000e+003 -1.6500000e-001  1.0000000e-003
  6.8000000e+003  1.1280000e+003 -1.7100000e-001  1.0000000e-003
  6.8200000e+003  1.1316000e+003 -1.7700000e-001  1.0000000e-003
  6.8400000e+003  1.1347000e+003 -1.8300000e-001  1.0000000e-003
  6.8600000e+003  1.1382000e+003 -1.8900000e-001  1.0000000e-003
  6.8800000e+003  1.1419000e+003 -1.9600000e-001  1.0000000e-003
  6.9000000e+003  1.1457000e+003 -2.0100000e-001  1.0000000e-003
  6.9200000e+003  1.1491000e+003 -2.0800000e-001  1.0000000e-003
  6.9400000e+003  1.1526000e+003 -2.1400000e-001  1.0000000e-003
  6.9600000e+003  1.1557000e+003 -2.2000000e-001  1.0000000e-003
  6.9800000e+003  1.1596000e+003 -2.2700000e-001  1.0000000e-003
  7.0000000e+003  1.1631000e+003 -2.3400000e-001  1.0000000e-003
  7.0200000e+003  1.1669000e+003 -2.4100000e-001  1.0000000e-003
  7.0400000e+003  1.1702000e+003 -2.4700000e-001  1.0000000e-003
  7.0600000e+003  1.1737000e+003 -2.5400000e-001  1.0000000e-003
  7.0800000e+003  1.1772000e+003 -2.6100000e-001  1.0000000e-003
  7.1000000e+003  1.1806000e+003 -2.6800000e-001  1.0000000e-003
  7.1200000e+003  1.1844000e+003 -2.7600000e-001  1.0000000e-003
  7.1400000e+003  1.1881000e+003 -2.8200000e-001  1.0000000e-003
  7.1600000e+003  1.1912000e+003 -2.9000000e-001  1.0000000e-003
  7.1800000e+003  1.1949000e+003 -2.9600000e-001  1.0000000e-003
  7.2000000e+003  1.1979000e+003 -3.0400000e-001  1.0000000e-003
  7.2200000e+003  1.2019000e+003 -3.1100000e-001  1.0000000e-003
  7.2400000e+003  1.2052000e+003 -3.1800000e-001  1.0000000e-003
  7.2600000e+003  1.2093000e+003 -3.2500000e-001  1.0000000e-003
  7.2800000e+003  1.2124000e+003 -3.3300000e-001  1.0000000e-003
  7.3000000e+003  1.2161000e+003 -3.4000000e-001  1.0000000e-003
  7.3200000e+003  1.2196000e+003 -3.4900000e-001  1.0000000e-003
  7.3400000e+003  1.2229000e+003 -3.5700000e-001  1.0000000e-003
  7.3600000e+003  1.2266000e+003 -3.6500000e-001  1.0000000e-003
  7.3800000e+003  1.2303000e+003 -3.7400000e-001  1.0000000e-003
  7.4000000e+003  1.2338000e+003 -3.8300000e-001  1.0000000e-003
  7.4200000e+003  1.2374000e+003 -3.9200000e-001  1.0000000e-003
  7.4400000e+003  1.2408000e+003 -4.0200000e-001  1.0000000e-003
  7.4600000e+003  1.2439000e+003 -4.1300000e-001  1.0000000e-003
  7.4800000e+003  1.2478000e+003 -4.2500000e-001  1.0000000e-003
  7.5000000e+003  1.2513000e+003 -4.3800000e-001  1.0000000e-003
  7.5200000e+003  1.2549000e+003 -4.5100000e-001  1.0000000e-003
  7.5400000e+003  1.2586000e+003 -4.6600000e-001  1.0000000e-003
  7.5600000e+003  1.2619000e+003 -4.8100000e-001  1.0000000e-003
  7.5800000e+003  1.2654000e+003 -4.9700000e-001  1.0000000e-003
  7.6000000e+003  1.2686000e+003 -5.1600000e-001  1.0000000e-003
  7.6200000e+003  1.2726000e+003 -5.3500000e-001  1.0000000e-003
  7.6400000e+003  1.2761000e+003 -5.6000000e-001  1.0000000e-003
  7.6600000e+003  1.2796000e+003 -5.9000000e-001  1.0000000e-003
  7.6800000e+003  1.2833000e+003 -6.3100000e-001  1.0000000e-003
  7.7000000e+003  1.2866000e+003 -6.8600000e-001  1.0000000e-003
  7.7200000e+003  1.2899000e+003 -7.5500000e-001  1.0000000e-003
  7.7400000e+003  1.2936000e+003 -8.4000000e-001  1.0000000e-003
  7.7600000e+003  1.2973000e+003 -9.4900000e-001  1.0000000e-003
  7.7800000e+003  1.3006000e+003 -1.0780000e+000  1.0000000e-003
  7.8000000e+003  1.3041000e+003 -1.2110000e+000  1.0000000e-003
  7.8200000e+003  1.3079000e+003 -1.3320000e+000  1.0000000e-003
  7.8400000e+003  1.3113000e+003 -1.4300000e+000  1.0000000e-003
  7.8600000e+003  1.3149000e+003 -1.5090000e+000  1.0000000e-003
  7.8800000e+003  1.3181000e+003 -1.5870000e+000  1.0000000e-003
  7.9000000e+003  1.3218000e+003 -1.6710000e+000  1.0000000e-003
  7.9200000e+003  1.3253000e+003 -1.7810000e+000  1.0000000e-003
  7.9400000e+003  1.3291000e+003 -1.8930000e+000  1.0000000e-003
  7.9600000e+003  1.3324000e+003 -2.0290000e+000  1.0000000e-003
  7.9800000e+003  1.3358000e+003 -2.1640000e+000  1.0000000e-003
  8.0000000e+003  1.3393000e+003 -2.2950000e+000  1.0000000e-003
  8.0200000e+003  1.3429000e+003 -2.4210000e+000  1.0000000e-003
  8.0400000e+003  1.3464000e+003 -2.5230000e+000  1.0000000e-003
  8.0600000e+003  1.3498000e+003 -2.6460000e+000  1.0000000e-003
  8.0800000e+003  1.3534000e+003 -2.7260000e+000  1.0000000e-003
  8.1000000e+003  1.3569000e+003 -2.8180000e+000  1.0000000e-003
  8.1200000e+003  1.3603000e+003 -2.8940000e+000  1.0000000e-003
  8.1400000e+003  1.3638000e+003 -2.9820000e+000  1.0000000e-003
  8.1600000e+003  1.3674000e+003 -3.0600000e+000  1.0000000e-003
  8.1800000e+003  1.3709000e+003 -3.1260000e+000  1.0000000e-003
  8.2000000e+003  1.3745000e+003 -3.1970000e+000  1.0000000e-003
  8.2200000e+003  1.3780000e+003 -3.2500000e+000  1.0000000e-003
  8.2400000e+003  1.3813000e+003 -3.3110000e+000  1.0000000e-003
  8.2600000e+003  1.3848000e+003 -3.3660000e+000  1.0000000e-003
  8.3000000e+003  1.3764000e+003 -3.4480000e+000  1.0000000e-003
  8.3200000e+003  1.3853000e+003 -3.5010000e+000  1.0000000e-003
  8.3400000e+003  1.3893000e+003 -3.5600000e+000  1.0000000e-003
  8.3600000e+003  1.3909000e+003 -3.6000000e+000  1.0000000e-003
