  0.0000000e+000  1.3600000e+001  0.0000000e+000  1.0000000e-003
  2.0000000e+001  1.3600000e+001  0.0000000e+000  1.0000000e-003
  4.0000000e+001  1.3300000e+001  0.0000000e+000  1.0000000e-003
  6.0000000e+001  1.3600000e+001  0.0000000e+000  1.0000000e-003
  8.0000000e+001  1.3600000e+001  0.0000000e+000  1.0000000e-003
  1.0000000e+002  1.3800000e+001  0.0000000e+000  1.0000000e-003
  1.2000000e+002  1.3600000e+001  0.0000000e+000  1.0000000e-003
  1.4000000e+002  1.3600000e+001  0.0000000e+000  1.0000000e-003
  1.6000000e+002  1.3600000e+001  0.0000000e+000  1.0000000e-003
  1.8000000e+002  1.3600000e+001  0.0000000e+000  1.0000000e-003
  2.0000000e+002  1.3600000e+001  0.0000000e+000  1.0000000e-003
  2.2000000e+002  1.3500000e+001  0.0000000e+000  1.0000000e-003
  2.4000000e+002  1.3300000e+001  0.0000000e+000  1.0000000e-003
  2.6000000e+002  1.3300000e+001  0.0000000e+000  1.0000000e-003
  2.8000000e+002  1.3800000e+001  0.0000000e+000  1.0000000e-003
  3.0000000e+002  1.3600000e+001  0.0000000e+000  1.0000000e-003
  3.2000000e+002  1.3300000e+001 -1.0000000e-003  1.0000000e-003
  3.4100000e+002  1.3500000e+001 -1.0000000e-003  1.0000000e-003
  3.6500000e+002  1.3300000e+001 -1.0000000e-003  1.0000000e-003
  3.8500000e+002  1.3300000e+001 -1.0000000e-003  1.0000000e-003
  4.0500000e+002  1.3600000e+001 -1.0000000e-003  1.0000000e-003
  4.2500000e+002  1.3600000e+001 -1.0000000e-003  1.0000000e-003
  4.4500000e+002  1.3600000e+001 -1.0000000e-003  1.0000000e-003
  4.6500000e+002  1.3600000e+001 -1.0000000e-003  1.0000000e-003
  4.8500000e+002  1.4400000e+001 -1.0000000e-003  1.0000000e-003
  5.0500000e+002  1.3600000e+001 -1.0000000e-003  1.0000000e-003
  5.2500000e+002  1.4200000e+001 -1.0000000e-003  1.0000000e-003
  5.4600000e+002  1.4400000e+001 -1.0000000e-003  1.0000000e-003
  5.7000000e+002  1.4400000e+001 -1.0000000e-003  1.0000000e-003
  5.9000000e+002  1.5100000e+001 -1.0000000e-003  1.0000000e-003
  6.1000000e+002  1.5100000e+001 -1.0000000e-003  1.0000000e-003
  6.3100000e+002  1.5200000e+001 -1.0000000e-003  1.0000000e-003
  6.5100000e+002  1.5400000e+001 -1.0000000e-003  1.0000000e-003
  6.7100000e+002  1.5200000e+001 -2.0000000e-003  1.0000000e-003
  6.9100000e+002  1.6300000e+001 -2.0000000e-003  1.0000000e-003
  7.1200000e+002  1.6400000e+001 -2.0000000e-003  1.0000000e-003
  7.3200000e+002  1.6400000e+001 -2.0000000e-003  1.0000000e-003
  7.5300000e+002  1.6800000e+001 -2.0000000e-003  1.0000000e-003
  7.7300000e+002  1.6800000e+001 -2.0000000e-003  1.0000000e-003
  7.9300000e+002  1.7300000e+001 -2.0000000e-003  1.0000000e-003
  8.1300000e+002  1.7300000e+001 -2.0000000e-003  1.0000000e-003
  8.3300000e+002  1.7500000e+001 -2.0000000e-003  1.0000000e-003
  8.5300000e+002  1.8200000e+001 -2.0000000e-003  1.0000000e-003
  8.7300000e+002  1.8500000e+001 -2.0000000e-003  1.0000000e-003
  8.9300000e+002  1.8900000e+001 -2.0000000e-003  1.0000000e-003
  9.1300000e+002  1.8900000e+001 -2.0000000e-003  1.0000000e-003
  9.3400000e+002  1.9600000e+001 -2.0000000e-003  1.0000000e-003
  9.5800000e+002  2.0100000e+001 -2.0000000e-003  1.0000000e-003
  9.7800000e+002  2.0300000e+001 -2.0000000e-003  1.0000000e-003
  9.9800000e+002  2.0800000e+001 -2.0000000e-003  1.0000000e-003
  1.0180000e+003  2.1400000e+001 -2.0000000e-003  1.0000000e-003
  1.0380000e+003  2.1700000e+001 -3.0000000e-003  1.0000000e-003
  1.0580000e+003  2.2000000e+001 -3.0000000e-003  1.0000000e-003
  1.0780000e+003  2.2400000e+001 -3.0000000e-003  1.0000000e-003
  1.0980000e+003  2.2900000e+001 -3.0000000e-003  1.0000000e-003
  1.1180000e+003  2.3600000e+001 -3.0000000e-003  1.0000000e-003
  1.1380000e+003  2.3800000e+001 -3.0000000e-003  1.0000000e-003
  1.1580000e+003  2.4500000e+001 -3.0000000e-003  1.0000000e-003
  1.1780000e+003  2.4700000e+001 -3.0000000e-003  1.0000000e-003
  1.2000000e+003  2.5200000e+001 -3.0000000e-003  1.0000000e-003
  1.2230000e+003  2.5900000e+001 -3.0000000e-003  1.0000000e-003
  1.2430000e+003  2.6400000e+001 -3.0000000e-003  1.0000000e-003
  1.2630000e+003  2.7100000e+001 -3.0000000e-003  1.0000000e-003
  1.2840000e+003  2.7300000e+001 -3.0000000e-003  1.0000000e-003
  1.3040000e+003  2.7800000e+001 -3.0000000e-003  1.0000000e-003
  1.3250000e+003  2.8500000e+001 -3.0000000e-003  1.0000000e-003
  1.3450000e+003  2.8900000e+001 -3.0000000e-003  1.0000000e-003
  1.3650000e+003  2.9000000e+001 -3.0000000e-003  1.0000000e-003
  1.3850000e+003  2.9800000e+001 -4.0000000e-003  1.0000000e-003
  1.4050000e+003  3.0300000e+001 -4.0000000e-003  1.0000000e-003
  1.4250000e+003  3.0500000e+001 -4.0000000e-003  1.0000000e-003
  1.4450000e+003  3.1300000e+001 -4.0000000e-003  1.0000000e-003
  1.4650000e+003  3.1700000e+001 -4.0000000e-003  1.0000000e-003
  1.4850000e+003  3.2200000e+001 -4.0000000e-003  1.0000000e-003
  1.5050000e+003  3.2700000e+001 -4.0000000e-003  1.0000000e-003
  1.5250000e+003  3.3300000e+001 -4.0000000e-003  1.0000000e-003
  1.5450000e+003  3.4000000e+001 -4.0000000e-003  1.0000000e-003
  1.5650000e+003  3.4300000e+001 -4.0000000e-003  1.0000000e-003
  1.5850000e+003  3.5000000e+001 -4.0000000e-003  1.0000000e-003
  1.6050000e+003  3.5900000e+001 -4.0000000e-003  1.0000000e-003
  1.6250000e+003  3.6200000e+001 -4.0000000e-003  1.0000000e-003
  1.6450000e+003  3.6600000e+001 -4.0000000e-003  1.0000000e-003
  1.6650000e+003  3.7500000e+001 -4.0000000e-003  1.0000000e-003
  1.6860000e+003  3.8000000e+001 -4.0000000e-003  1.0000000e-003
  1.7060000e+003  3.8300000e+001 -5.0000000e-003  1.0000000e-003
  1.7260000e+003  3.9200000e+001 -5.0000000e-003  1.0000000e-003
  1.7460000e+003  3.9900000e+001 -5.0000000e-003  1.0000000e-003
  1.7660000e+003  4.0600000e+001 -5.0000000e-003  1.0000000e-003
  1.7860000e+003  4.1100000e+001 -5.0000000e-003  1.0000000e-003
  1.8060000e+003  4.1800000e+001 -5.0000000e-003  1.0000000e-003
  1.8260000e+003  4.2500000e+001 -5.0000000e-003  1.0000000e-003
  1.8460000e+003  4.3100000e+001 -5.0000000e-003  1.0000000e-003
  1.8660000e+003  4.3900000e+001 -5.0000000e-003  1.0000000e-003
  1.8860000e+003  4.4500000e+001 -5.0000000e-003  1.0000000e-003
  1.9060000e+003  4.5100000e+001 -5.0000000e-003  1.0000000e-003
  1.9260000e+003  4.5700000e+001 -5.0000000e-003  1.0000000e-003
  1.9460000e+003  4.6400000e+001 -5.0000000e-003  1.0000000e-003
  1.9660000e+003  4.7300000e+001 -5.0000000e-003  1.0000000e-003
  1.9860000e+003  4.7800000e+001 -5.0000000e-003  1.0000000e-003
  2.0060000e+003  4.8600000e+001 -5.0000000e-003  1.0000000e-003
  2.0260000e+003  4.9500000e+001 -5.0000000e-003  1.0000000e-003
  2.0460000e+003  5.0200000e+001 -5.0000000e-003  1.0000000e-003
  2.0660000e+003  5.1100000e+001 -6.0000000e-003  1.0000000e-003
  2.0860000e+003  5.1600000e+001 -6.0000000e-003  1.0000000e-003
  2.1060000e+003  5.2500000e+001 -6.0000000e-003  1.0000000e-003
  2.1260000e+003  5.2800000e+001 -6.0000000e-003  1.0000000e-003
  2.1460000e+003  5.3900000e+001 -6.0000000e-003  1.0000000e-003
  2.1660000e+003  5.4600000e+001 -6.0000000e-003  1.0000000e-003
  2.1860000e+003  5.5300000e+001 -6.0000000e-003  1.0000000e-003
  2.2060000e+003  5.6200000e+001 -6.0000000e-003  1.0000000e-003
  2.2260000e+003  5.7000000e+001 -6.0000000e-003  1.0000000e-003
  2.2460000e+003  5.7800000e+001 -7.0000000e-003  1.0000000e-003
  2.2660000e+003  5.8600000e+001 -7.0000000e-003  1.0000000e-003
  2.2860000e+003  5.9700000e+001 -7.0000000e-003  1.0000000e-003
  2.3060000e+003  6.0400000e+001 -7.0000000e-003  1.0000000e-003
  2.3260000e+003  6.1100000e+001 -7.0000000e-003  1.0000000e-003
  2.3460000e+003  6.1800000e+001 -7.0000000e-003  1.0000000e-003
  2.3660000e+003  6.2600000e+001 -8.0000000e-003  1.0000000e-003
  2.3860000e+003  6.3300000e+001 -8.0000000e-003  1.0000000e-003
  2.4060000e+003  6.3900000e+001 -8.0000000e-003  1.0000000e-003
  2.4260000e+003  6.4600000e+001 -8.0000000e-003  1.0000000e-003
  2.4460000e+003  6.5400000e+001 -9.0000000e-003  1.0000000e-003
  2.4660000e+003  6.6200000e+001 -9.0000000e-003  1.0000000e-003
  2.4860000e+003  6.6800000e+001 -9.0000000e-003  1.0000000e-003
  2.5060000e+003  6.7500000e+001 -1.0000000e-002  1.0000000e-003
  2.5260000e+003  6.8400000e+001 -1.0000000e-002  1.0000000e-003
  2.5460000e+003  6.9300000e+001 -1.0000000e-002  1.0000000e-003
  2.5660000e+003  7.0200000e+001 -1.1000000e-002  1.0000000e-003
  2.5860000e+003  7.0900000e+001 -1.1000000e-002  1.0000000e-003
  2.6060000e+003  7.1900000e+001 -1.1000000e-002  1.0000000e-003
  2.6260000e+003  7.2600000e+001 -1.2000000e-002  1.0000000e-003
  2.6460000e+003  7.3300000e+001 -1.2000000e-002  1.0000000e-003
  2.6660000e+003  7.4000000e+001 -1.3000000e-002  1.0000000e-003
  2.6860000e+003  7.4900000e+001 -1.3000000e-002  1.0000000e-003
  2.7060000e+003  7.6000000e+001 -1.3000000e-002  1.0000000e-003
  2.7260000e+003  7.6800000e+001 -1.4000000e-002  1.0000000e-003
  2.7460000e+003  7.7500000e+001 -1.4000000e-002  1.0000000e-003
  2.7660000e+003  7.8400000e+001 -1.5000000e-002  1.0000000e-003
  2.7860000e+003  7.9500000e+001 -1.5000000e-002  1.0000000e-003
  2.8060000e+003  8.0300000e+001 -1.6000000e-002  1.0000000e-003
  2.8260000e+003  8.1200000e+001 -1.6000000e-002  1.0000000e-003
  2.8460000e+003  8.2100000e+001 -1.7000000e-002  1.0000000e-003
  2.8660000e+003  8.2900000e+001 -1.8000000e-002  1.0000000e-003
  2.8860000e+003  8.4000000e+001 -1.8000000e-002  1.0000000e-003
  2.9060000e+003  8.4900000e+001 -1.9000000e-002  1.0000000e-003
  2.9260000e+003  8.5800000e+001 -2.0000000e-002  1.0000000e-003
  2.9460000e+003  8.6600000e+001 -2.1000000e-002  1.0000000e-003
  2.9660000e+003  8.7300000e+001 -2.1000000e-002  1.0000000e-003
  2.9860000e+003  8.8600000e+001 -2.2000000e-002  1.0000000e-003
  3.0060000e+003  8.9300000e+001 -2.3000000e-002  1.0000000e-003
  3.0260000e+003  9.0300000e+001 -2.4000000e-002  1.0000000e-003
  3.0460000e+003  9.1500000e+001 -2.5000000e-002  1.0000000e-003
  3.0660000e+003  9.2200000e+001 -2.6000000e-002  1.0000000e-003
  3.0860000e+003  9.3100000e+001 -2.7000000e-002  1.0000000e-003
  3.1060000e+003  9.4200000e+001 -2.8000000e-002  1.0000000e-003
  3.1260000e+003  9.5000000e+001 -3.0000000e-002  1.0000000e-003
  3.1460000e+003  9.5900000e+001 -3.1000000e-002  1.0000000e-003
  3.1660000e+003  9.6900000e+001 -3.2000000e-002  1.0000000e-003
  3.1860000e+003  9.7800000e+001 -3.4000000e-002  1.0000000e-003
  3.2060000e+003  9.8900000e+001 -3.5000000e-002  1.0000000e-003
  3.2260000e+003  9.9700000e+001 -3.6000000e-002  1.0000000e-003
  3.2460000e+003  1.0080000e+002 -3.8000000e-002  1.0000000e-003
  3.2660000e+003  1.0200000e+002 -4.0000000e-002  1.0000000e-003
  3.2860000e+003  1.0310000e+002 -4.2000000e-002  1.0000000e-003
  3.3060000e+003  1.0390000e+002 -4.4000000e-002  1.0000000e-003
  3.3260000e+003  1.0480000e+002 -4.5000000e-002  1.0000000e-003
  3.3460000e+003  1.0590000e+002 -4.6000000e-002  1.0000000e-003
  3.3660000e+003  1.0690000e+002 -4.8000000e-002  1.0000000e-003
  3.3860000e+003  1.0780000e+002 -5.0000000e-002  1.0000000e-003
  3.4060000e+003  1.0880000e+002 -5.2000000e-002  1.0000000e-003
  3.4260000e+003  1.1010000e+002 -5.3000000e-002  1.0000000e-003
  3.4460000e+003  1.1090000e+002 -5.5000000e-002  1.0000000e-003
  3.4660000e+003  1.1200000e+002 -5.6000000e-002  1.0000000e-003
  3.4860000e+003  1.1290000e+002 -5.8000000e-002  1.0000000e-003
  3.5060000e+003  1.1390000e+002 -5.9000000e-002  1.0000000e-003
  3.5260000e+003  1.1510000e+002 -6.1000000e-002  1.0000000e-003
  3.5460000e+003  1.1580000e+002 -6.2000000e-002  1.0000000e-003
  3.5660000e+003  1.1710000e+002 -6.4000000e-002  1.0000000e-003
  3.5860000e+003  1.1810000e+002 -6.6000000e-002  1.0000000e-003
  3.6060000e+003  1.1920000e+002 -6.8000000e-002  1.0000000e-003
  3.6260000e+003  1.2020000e+002 -7.0000000e-002  1.0000000e-003
  3.6460000e+003  1.2110000e+002 -7.2000000e-002  1.0000000e-003
  3.6660000e+003  1.2250000e+002 -7.4000000e-002  1.0000000e-003
  3.6860000e+003  1.2340000e+002 -7.6000000e-002  1.0000000e-003
  3.7060000e+003  1.2460000e+002 -7.8000000e-002  1.0000000e-003
  3.7260000e+003  1.2580000e+002 -8.1000000e-002  1.0000000e-003
  3.7460000e+003  1.2630000e+002 -8.3000000e-002  1.0000000e-003
  3.7660000e+003  1.2760000e+002 -8.5000000e-002  1.0000000e-003
  3.7860000e+003  1.2880000e+002 -8.7000000e-002  1.0000000e-003
  3.8060000e+003  1.2950000e+002 -8.9000000e-002  1.0000000e-003
  3.8260000e+003  1.3070000e+002 -9.1000000e-002  1.0000000e-003
  3.8460000e+003  1.3180000e+002 -9.4000000e-002  1.0000000e-003
  3.8660000e+003  1.3270000e+002 -9.5000000e-002  1.0000000e-003
  3.8860000e+003  1.3410000e+002 -9.7000000e-002  1.0000000e-003
  3.9060000e+003  1.3510000e+002 -9.9000000e-002  1.0000000e-003
  3.9260000e+003  1.3630000e+002 -1.0100000e-001  1.0000000e-003
  3.9460000e+003  1.3770000e+002 -1.0300000e-001  1.0000000e-003
  3.9660000e+003  1.3880000e+002 -1.0500000e-001  1.0000000e-003
  3.9860000e+003  1.3970000e+002 -1.0700000e-001  1.0000000e-003
  4.0060000e+003  1.4120000e+002 -1.1000000e-001  1.0000000e-003
  4.0260000e+003  1.4210000e+002 -1.1300000e-001  1.0000000e-003
  4.0460000e+003  1.4350000e+002 -1.1600000e-001  1.0000000e-003
  4.0660000e+003  1.4470000e+002 -1.1900000e-001  1.0000000e-003
  4.0860000e+003  1.4580000e+002 -1.2300000e-001  1.0000000e-003
  4.1060000e+003  1.4680000e+002 -1.2600000e-001  1.0000000e-003
  4.1260000e+003  1.4820000e+002 -1.2900000e-001  1.0000000e-003
  4.1460000e+003  1.4940000e+002 -1.3200000e-001  1.0000000e-003
  4.1660000e+003  1.5080000e+002 -1.3400000e-001  1.0000000e-003
  4.1860000e+003  1.5190000e+002 -1.3700000e-001  1.0000000e-003
  4.2060000e+003  1.5310000e+002 -1.3900000e-001  1.0000000e-003
  4.2260000e+003  1.5380000e+002 -1.4000000e-001  1.0000000e-003
  4.2460000e+003  1.5490000e+002 -1.4200000e-001  1.0000000e-003
  4.2660000e+003  1.5590000e+002 -1.4400000e-001  1.0000000e-003
  4.2860000e+003  1.5700000e+002 -1.4500000e-001  1.0000000e-003
  4.3060000e+003  1.5820000e+002 -1.4600000e-001  1.0000000e-003
  4.3260000e+003  1.5940000e+002 -1.4800000e-001  1.0000000e-003
  4.3460000e+003  1.6030000e+002 -1.5000000e-001  1.0000000e-003
  4.3660000e+003  1.6150000e+002 -1.5100000e-001  1.0000000e-003
  4.3860000e+003  1.6260000e+002 -1.5200000e-001  1.0000000e-003
  4.4060000e+003  1.6360000e+002 -1.5400000e-001  1.0000000e-003
  4.4260000e+003  1.6490000e+002 -1.5500000e-001  1.0000000e-003
  4.4460000e+003  1.6610000e+002 -1.5600000e-001  1.0000000e-003
  4.4660000e+003  1.6710000e+002 -1.5800000e-001  1.0000000e-003
  4.4860000e+003  1.6800000e+002 -1.5900000e-001  1.0000000e-003
  4.5060000e+003  1.6940000e+002 -1.6100000e-001  1.0000000e-003
  4.5260000e+003  1.7040000e+002 -1.6300000e-001  1.0000000e-003
  4.5460000e+003  1.7130000e+002 -1.6400000e-001  1.0000000e-003
  4.5660000e+003  1.7270000e+002 -1.6500000e-001  1.0000000e-003
  4.5860000e+003  1.7410000e+002 -1.6600000e-001  1.0000000e-003
  4.6060000e+003  1.7500000e+002 -1.6700000e-001  1.0000000e-003
  4.6260000e+003  1.7620000e+002 -1.6900000e-001  1.0000000e-003
  4.6460000e+003  1.7750000e+002 -1.7000000e-001  1.0000000e-003
  4.6660000e+003  1.7870000e+002 -1.7200000e-001  1.0000000e-003
  4.6860000e+003  1.7960000e+002 -1.7300000e-001  1.0000000e-003
  4.7060000e+003  1.8090000e+002 -1.7400000e-001  1.0000000e-003
  4.7260000e+003  1.8180000e+002 -1.7500000e-001  1.0000000e-003
  4.7460000e+003  1.8310000e+002 -1.7700000e-001  1.0000000e-003
  4.7660000e+003  1.8380000e+002 -1.7800000e-001  1.0000000e-003
  4.7860000e+003  1.8530000e+002 -1.7900000e-001  1.0000000e-003
  4.8060000e+003  1.8600000e+002 -1.8100000e-001  1.0000000e-003
  4.8260000e+003  1.8740000e+002 -1.8200000e-001  1.0000000e-003
  4.8460000e+003  1.8830000e+002 -1.8300000e-001  1.0000000e-003
  4.8660000e+003  1.9010000e+002 -1.8500000e-001  1.0000000e-003
  4.8860000e+003  1.9080000e+002 -1.8600000e-001  1.0000000e-003
  4.9060000e+003  1.9210000e+002 -1.8800000e-001  1.0000000e-003
  4.9260000e+003  1.9340000e+002 -1.9000000e-001  1.0000000e-003
  4.9460000e+003  1.9430000e+002 -1.9200000e-001  1.0000000e-003
  4.9660000e+003  1.9550000e+002 -1.9300000e-001  1.0000000e-003
  4.9860000e+003  1.9670000e+002 -1.9500000e-001  1.0000000e-003
  5.0060000e+003  1.9780000e+002 -1.9700000e-001  1.0000000e-003
  5.0260000e+003  1.9880000e+002 -1.9900000e-001  1.0000000e-003
  5.0460000e+003  2.0040000e+002 -2.0200000e-001  1.0000000e-003
  5.0660000e+003  2.0130000e+002 -2.0400000e-001  1.0000000e-003
  5.0860000e+003  2.0250000e+002 -2.0500000e-001  1.0000000e-003
  5.1060000e+003  2.0350000e+002 -2.0700000e-001  1.0000000e-003
  5.1260000e+003  2.0480000e+002 -2.0900000e-001  1.0000000e-003
  5.1460000e+003  2.0610000e+002 -2.1100000e-001  1.0000000e-003
  5.1660000e+003  2.0740000e+002 -2.1300000e-001  1.0000000e-003
  5.1860000e+003  2.0810000e+002 -2.1500000e-001  1.0000000e-003
  5.2060000e+003  2.0910000e+002 -2.1700000e-001  1.0000000e-003
  5.2260000e+003  2.1020000e+002 -2.1800000e-001  1.0000000e-003
  5.2460000e+003  2.1110000e+002 -2.2000000e-001  1.0000000e-003
  5.2660000e+003  2.1230000e+002 -2.2200000e-001  1.0000000e-003
  5.2860000e+003  2.1330000e+002 -2.2400000e-001  1.0000000e-003
  5.3060000e+003  2.1470000e+002 -2.2600000e-001  1.0000000e-003
  5.3260000e+003  2.1580000e+002 -2.2800000e-001  1.0000000e-003
  5.3460000e+003  2.1680000e+002 -2.3100000e-001  1.0000000e-003
  5.3660000e+003  2.1790000e+002 -2.3300000e-001  1.0000000e-003
  5.3860000e+003  2.1930000e+002 -2.3500000e-001  1.0000000e-003
  5.4060000e+003  2.2010000e+002 -2.3800000e-001  1.0000000e-003
  5.4260000e+003  2.2140000e+002 -2.4100000e-001  1.0000000e-003
  5.4460000e+003  2.2240000e+002 -2.4400000e-001  1.0000000e-003
  5.4660000e+003  2.2370000e+002 -2.4600000e-001  1.0000000e-003
  5.4860000e+003  2.2510000e+002 -2.4800000e-001  1.0000000e-003
  5.5060000e+003  2.2630000e+002 -2.5100000e-001  1.0000000e-003
  5.5260000e+003  2.2730000e+002 -2.5400000e-001  1.0000000e-003
  5.5460000e+003  2.2860000e+002 -2.5600000e-001  1.0000000e-003
  5.5660000e+003  2.2960000e+002 -2.5800000e-001  1.0000000e-003
  5.5860000e+003  2.3060000e+002 -2.6100000e-001  1.0000000e-003
  5.6060000e+003  2.3220000e+002 -2.6300000e-001  1.0000000e-003
  5.6260000e+003  2.3310000e+002 -2.6500000e-001  1.0000000e-003
  5.6460000e+003  2.3410000e+002 -2.6800000e-001  1.0000000e-003
  5.6660000e+003  2.3520000e+002 -2.7100000e-001  1.0000000e-003
  5.6860000e+003  2.3640000e+002 -2.7300000e-001  1.0000000e-003
  5.7060000e+003  2.3750000e+002 -2.7600000e-001  1.0000000e-003
  5.7260000e+003  2.3870000e+002 -2.7900000e-001  1.0000000e-003
  5.7460000e+003  2.4010000e+002 -2.8300000e-001  1.0000000e-003
  5.7660000e+003  2.4100000e+002 -2.8500000e-001  1.0000000e-003
  5.7860000e+003  2.4190000e+002 -2.8700000e-001  1.0000000e-003
  5.8060000e+003  2.4330000e+002 -2.9000000e-001  1.0000000e-003
  5.8260000e+003  2.4450000e+002 -2.9200000e-001  1.0000000e-003
  5.8460000e+003  2.4570000e+002 -2.9500000e-001  1.0000000e-003
  5.8660000e+003  2.4680000e+002 -2.9700000e-001  1.0000000e-003
  5.8860000e+003  2.4800000e+002 -2.9900000e-001  1.0000000e-003
  5.9060000e+003  2.4920000e+002 -3.0100000e-001  1.0000000e-003
  5.9260000e+003  2.5040000e+002 -3.0400000e-001  1.0000000e-003
  5.9460000e+003  2.5150000e+002 -3.0600000e-001  1.0000000e-003
  5.9660000e+003  2.5290000e+002 -3.0800000e-001  1.0000000e-003
  5.9860000e+003  2.5390000e+002 -3.1100000e-001  1.0000000e-003
  6.0210000e+003  2.5620000e+002 -3.1500000e-001  1.0000000e-003
  6.0510000e+003  2.5790000e+002 -3.2000000e-001  1.0000000e-003
  6.0710000e+003  2.5920000e+002 -3.2300000e-001  1.0000000e-003
  6.0910000e+003  2.6040000e+002 -3.2500000e-001  1.0000000e-003
  6.1110000e+003  2.6160000e+002 -3.2700000e-001  1.0000000e-003
  6.1310000e+003  2.6250000e+002 -3.3000000e-001  1.0000000e-003
  6.1510000e+003  2.6370000e+002 -3.3300000e-001  1.0000000e-003
  6.1710000e+003  2.6480000e+002 -3.3500000e-001  1.0000000e-003
  6.1910000e+003  2.6600000e+002 -3.3700000e-001  1.0000000e-003
  6.2110000e+003  2.6710000e+002 -3.4000000e-001  1.0000000e-003
  6.2310000e+003  2.6850000e+002 -3.4200000e-001  1.0000000e-003
  6.2510000e+003  2.6930000e+002 -3.4400000e-001  1.0000000e-003
  6.2710000e+003  2.7070000e+002 -3.4600000e-001  1.0000000e-003
  6.2910000e+003  2.7180000e+002 -3.4900000e-001  1.0000000e-003
  6.3110000e+003  2.7260000e+002 -3.5200000e-001  1.0000000e-003
  6.3310000e+003  2.7370000e+002 -3.5400000e-001  1.0000000e-003
  6.3510000e+003  2.7460000e+002 -3.5600000e-001  1.0000000e-003
  6.3710000e+003  2.7560000e+002 -3.5900000e-001  1.0000000e-003
  6.3910000e+003  2.7670000e+002 -3.6200000e-001  1.0000000e-003
  6.4110000e+003  2.7760000e+002 -3.6400000e-001  1.0000000e-003
  6.4310000e+003  2.7840000e+002 -3.6600000e-001  1.0000000e-003
  6.4510000e+003  2.7930000e+002 -3.6800000e-001  1.0000000e-003
  6.4710000e+003  2.8020000e+002 -3.7000000e-001  1.0000000e-003
  6.4910000e+003  2.8100000e+002 -3.7200000e-001  1.0000000e-003
  6.5110000e+003  2.8180000e+002 -3.7400000e-001  1.0000000e-003
  6.5310000e+003  2.8260000e+002 -3.7600000e-001  1.0000000e-003
  6.5510000e+003  2.8350000e+002 -3.7800000e-001  1.0000000e-003
  6.5710000e+003  2.8400000e+002 -3.8000000e-001  1.0000000e-003
  6.5910000e+003  2.8490000e+002 -3.8100000e-001  1.0000000e-003
  6.6360000e+003  2.8650000e+002 -3.8500000e-001  1.0000000e-003
  6.6560000e+003  2.8750000e+002 -3.8600000e-001  1.0000000e-003
  6.6760000e+003  2.8820000e+002 -3.8800000e-001  1.0000000e-003
  6.6960000e+003  2.8890000e+002 -3.9100000e-001  1.0000000e-003
  6.7160000e+003  2.8980000e+002 -3.9300000e-001  1.0000000e-003
  6.7360000e+003  2.9070000e+002 -3.9600000e-001  1.0000000e-003
  6.7560000e+003  2.9140000e+002 -3.9900000e-001  1.0000000e-003
  6.7760000e+003  2.9230000e+002 -4.0200000e-001  1.0000000e-003
  6.7960000e+003  2.9370000e+002 -4.0500000e-001  1.0000000e-003
  6.8160000e+003  2.9450000e+002 -4.0700000e-001  1.0000000e-003
  6.8360000e+003  2.9560000e+002 -4.1000000e-001  1.0000000e-003
  6.8560000e+003  2.9680000e+002 -4.1300000e-001  1.0000000e-003
  6.8760000e+003  2.9770000e+002 -4.1600000e-001  1.0000000e-003
  6.8960000e+003  2.9910000e+002 -4.1900000e-001  1.0000000e-003
  6.9160000e+003  3.0010000e+002 -4.2200000e-001  1.0000000e-003
  6.9360000e+003  3.0150000e+002 -4.2500000e-001  1.0000000e-003
  6.9560000e+003  3.0260000e+002 -4.2800000e-001  1.0000000e-003
  6.9760000e+003  3.0400000e+002 -4.3200000e-001  1.0000000e-003
  6.9960000e+003  3.0500000e+002 -4.3600000e-001  1.0000000e-003
  7.0160000e+003  3.0660000e+002 -4.4100000e-001  1.0000000e-003
  7.0360000e+003  3.0800000e+002 -4.4500000e-001  1.0000000e-003
  7.0560000e+003  3.0960000e+002 -4.4900000e-001  1.0000000e-003
  7.0760000e+003  3.1080000e+002 -4.5300000e-001  1.0000000e-003
  7.0960000e+003  3.1240000e+002 -4.5700000e-001  1.0000000e-003
  7.1160000e+003  3.1400000e+002 -4.6000000e-001  1.0000000e-003
  7.1360000e+003  3.1540000e+002 -4.6400000e-001  1.0000000e-003
  7.1560000e+003  3.1690000e+002 -4.6800000e-001  1.0000000e-003
  7.1760000e+003  3.1870000e+002 -4.7300000e-001  1.0000000e-003
  7.1960000e+003  3.2010000e+002 -4.7800000e-001  1.0000000e-003
  7.2160000e+003  3.2200000e+002 -4.8400000e-001  1.0000000e-003
  7.2360000e+003  3.2360000e+002 -4.8800000e-001  1.0000000e-003
  7.2560000e+003  3.2530000e+002 -4.9300000e-001  1.0000000e-003
  7.2760000e+003  3.2710000e+002 -4.9800000e-001  1.0000000e-003
  7.2960000e+003  3.2900000e+002 -5.0200000e-001  1.0000000e-003
  7.3160000e+003  3.3080000e+002 -5.0700000e-001  1.0000000e-003
  7.3360000e+003  3.3250000e+002 -5.1300000e-001  1.0000000e-003
  7.3560000e+003  3.3460000e+002 -5.1900000e-001  1.0000000e-003
  7.3760000e+003  3.3630000e+002 -5.2500000e-001  1.0000000e-003
  7.3960000e+003  3.3810000e+002 -5.3100000e-001  1.0000000e-003
  7.4160000e+003  3.4000000e+002 -5.3600000e-001  1.0000000e-003
  7.4360000e+003  3.4180000e+002 -5.4100000e-001  1.0000000e-003
  7.4560000e+003  3.4390000e+002 -5.4700000e-001  1.0000000e-003
  7.4760000e+003  3.4620000e+002 -5.5300000e-001  1.0000000e-003
  7.4960000e+003  3.4790000e+002 -5.6000000e-001  1.0000000e-003
  7.5160000e+003  3.5000000e+002 -5.6600000e-001  1.0000000e-003
  7.5360000e+003  3.5190000e+002 -5.7300000e-001  1.0000000e-003
  7.5560000e+003  3.5400000e+002 -5.7800000e-001  1.0000000e-003
  7.5760000e+003  3.5610000e+002 -5.8400000e-001  1.0000000e-003
  7.5960000e+003  3.5800000e+002 -5.9000000e-001  1.0000000e-003
  7.6160000e+003  3.6030000e+002 -5.9700000e-001  1.0000000e-003
  7.6360000e+003  3.6210000e+002 -6.0500000e-001  1.0000000e-003
  7.6560000e+003  3.6420000e+002 -6.1100000e-001  1.0000000e-003
  7.6760000e+003  3.6610000e+002 -6.1700000e-001  1.0000000e-003
  7.6960000e+003  3.6820000e+002 -6.2300000e-001  1.0000000e-003
  7.7160000e+003  3.7030000e+002 -6.3000000e-001  1.0000000e-003
  7.7360000e+003  3.7260000e+002 -6.3800000e-001  1.0000000e-003
  7.7560000e+003  3.7470000e+002 -6.4600000e-001  1.0000000e-003
  7.7760000e+003  3.7680000e+002 -6.5300000e-001  1.0000000e-003
  7.7960000e+003  3.7900000e+002 -6.6000000e-001  1.0000000e-003
  7.8160000e+003  3.8100000e+002 -6.6700000e-001  1.0000000e-003
  7.8360000e+003  3.8340000e+002 -6.7500000e-001  1.0000000e-003
  7.8560000e+003  3.8570000e+002 -6.8400000e-001  1.0000000e-003
  7.8760000e+003  3.8780000e+002 -6.9200000e-001  1.0000000e-003
  7.8960000e+003  3.8990000e+002 -6.9900000e-001  1.0000000e-003
  7.9160000e+003  3.9200000e+002 -7.0700000e-001  1.0000000e-003
  7.9360000e+003  3.9450000e+002 -7.1500000e-001  1.0000000e-003
  7.9560000e+003  3.9650000e+002 -7.2500000e-001  1.0000000e-003
  7.9760000e+003  3.9900000e+002 -7.3300000e-001  1.0000000e-003
  7.9960000e+003  4.0110000e+002 -7.4100000e-001  1.0000000e-003
  8.0160000e+003  4.0340000e+002 -7.5000000e-001  1.0000000e-003
  8.0360000e+003  4.0600000e+002 -7.5900000e-001  1.0000000e-003
  8.0560000e+003  4.0830000e+002 -7.6800000e-001  1.0000000e-003
  8.0760000e+003  4.1050000e+002 -7.7700000e-001  1.0000000e-003
  8.0960000e+003  4.1260000e+002 -7.8500000e-001  1.0000000e-003
  8.1160000e+003  4.1510000e+002 -7.9500000e-001  1.0000000e-003
  8.1360000e+003  4.1740000e+002 -8.0500000e-001  1.0000000e-003
  8.1560000e+003  4.1980000e+002 -8.1400000e-001  1.0000000e-003
  8.1760000e+003  4.2190000e+002 -8.2300000e-001  1.0000000e-003
  8.1960000e+003  4.2440000e+002 -8.3200000e-001  1.0000000e-003
  8.2160000e+003  4.2660000e+002 -8.4400000e-001  1.0000000e-003
  8.2360000e+003  4.2890000e+002 -8.5300000e-001  1.0000000e-003
  8.2560000e+003  4.3160000e+002 -8.6200000e-001  1.0000000e-003
  8.2760000e+003  4.3400000e+002 -8.7300000e-001  1.0000000e-003
  8.2960000e+003  4.3650000e+002 -8.8400000e-001  1.0000000e-003
  8.3160000e+003  4.3850000e+002 -8.9400000e-001  1.0000000e-003
  8.3360000e+003  4.4060000e+002 -9.0300000e-001  1.0000000e-003
  8.3560000e+003  4.4290000e+002 -9.1400000e-001  1.0000000e-003
  8.3770000e+003  4.4550000e+002 -9.2500000e-001  1.0000000e-003
  8.4010000e+003  4.4850000e+002 -9.3800000e-001  1.0000000e-003
  8.4210000e+003  4.5060000e+002 -9.4700000e-001  1.0000000e-003
  8.4420000e+003  4.5310000e+002 -9.5900000e-001  1.0000000e-003
  8.4660000e+003  4.5620000e+002 -9.7300000e-001  1.0000000e-003
  8.4860000e+003  4.5870000e+002 -9.8300000e-001  1.0000000e-003
  8.5060000e+003  4.6090000e+002 -9.9400000e-001  1.0000000e-003
  8.5260000e+003  4.6270000e+002 -1.0060000e+000  1.0000000e-003
  8.5460000e+003  4.6500000e+002 -1.0170000e+000  1.0000000e-003
  8.5660000e+003  4.6730000e+002 -1.0270000e+000  1.0000000e-003
  8.5860000e+003  4.6970000e+002 -1.0390000e+000  1.0000000e-003
  8.6060000e+003  4.7180000e+002 -1.0500000e+000  1.0000000e-003
  8.6260000e+003  4.7440000e+002 -1.0610000e+000  1.0000000e-003
  8.6460000e+003  4.7670000e+002 -1.0720000e+000  1.0000000e-003
  8.6660000e+003  4.7900000e+002 -1.0840000e+000  1.0000000e-003
  8.6860000e+003  4.8140000e+002 -1.0950000e+000  1.0000000e-003
  8.7060000e+003  4.8370000e+002 -1.1050000e+000  1.0000000e-003
  8.7260000e+003  4.8610000e+002 -1.1170000e+000  1.0000000e-003
  8.7460000e+003  4.8840000e+002 -1.1290000e+000  1.0000000e-003
  8.7660000e+003  4.9040000e+002 -1.1390000e+000  1.0000000e-003
  8.7860000e+003  4.9260000e+002 -1.1500000e+000  1.0000000e-003
  8.8070000e+003  4.9510000e+002 -1.1630000e+000  1.0000000e-003
  8.8310000e+003  4.9820000e+002 -1.1760000e+000  1.0000000e-003
  8.8510000e+003  5.0030000e+002 -1.1860000e+000  1.0000000e-003
  8.8710000e+003  5.0280000e+002 -1.1970000e+000  1.0000000e-003
  8.8910000e+003  5.0500000e+002 -1.2090000e+000  1.0000000e-003
  8.9110000e+003  5.0750000e+002 -1.2190000e+000  1.0000000e-003
  8.9310000e+003  5.0960000e+002 -1.2300000e+000  1.0000000e-003
  8.9510000e+003  5.1190000e+002 -1.2420000e+000  1.0000000e-003
  8.9710000e+003  5.1400000e+002 -1.2530000e+000  1.0000000e-003
  8.9910000e+003  5.1660000e+002 -1.2630000e+000  1.0000000e-003
  9.0110000e+003  5.1890000e+002 -1.2740000e+000  1.0000000e-003
  9.0310000e+003  5.2120000e+002 -1.2860000e+000  1.0000000e-003
  9.0510000e+003  5.2360000e+002 -1.2960000e+000  1.0000000e-003
  9.0710000e+003  5.2600000e+002 -1.3060000e+000  1.0000000e-003
  9.0910000e+003  5.2820000e+002 -1.3170000e+000  1.0000000e-003
  9.1110000e+003  5.3040000e+002 -1.3280000e+000  1.0000000e-003
  9.1310000e+003  5.3290000e+002 -1.3390000e+000  1.0000000e-003
  9.1510000e+003  5.3510000e+002 -1.3480000e+000  1.0000000e-003
  9.1710000e+003  5.3710000e+002 -1.3600000e+000  1.0000000e-003
  9.1910000e+003  5.3970000e+002 -1.3700000e+000  1.0000000e-003
  9.2110000e+003  5.4180000e+002 -1.3800000e+000  1.0000000e-003
  9.2310000e+003  5.4430000e+002 -1.3900000e+000  1.0000000e-003
  9.2510000e+003  5.4650000e+002 -1.4010000e+000  1.0000000e-003
  9.2710000e+003  5.4900000e+002 -1.4110000e+000  1.0000000e-003
  9.2910000e+003  5.5130000e+002 -1.4210000e+000  1.0000000e-003
  9.3110000e+003  5.5350000e+002 -1.4300000e+000  1.0000000e-003
  9.3310000e+003  5.5600000e+002 -1.4410000e+000  1.0000000e-003
  9.3510000e+003  5.5810000e+002 -1.4510000e+000  1.0000000e-003
  9.3710000e+003  5.6020000e+002 -1.4600000e+000  1.0000000e-003
  9.3910000e+003  5.6240000e+002 -1.4690000e+000  1.0000000e-003
  9.4110000e+003  5.6450000e+002 -1.4800000e+000  1.0000000e-003
  9.4310000e+003  5.6680000e+002 -1.4900000e+000  1.0000000e-003
  9.4510000e+003  5.6910000e+002 -1.4990000e+000  1.0000000e-003
  9.4710000e+003  5.7140000e+002 -1.5080000e+000  1.0000000e-003
  9.4910000e+003  5.7360000e+002 -1.5180000e+000  1.0000000e-003
  9.5110000e+003  5.7590000e+002 -1.5280000e+000  1.0000000e-003
  9.5310000e+003  5.7800000e+002 -1.5370000e+000  1.0000000e-003
  9.5510000e+003  5.8050000e+002 -1.5460000e+000  1.0000000e-003
  9.5710000e+003  5.8240000e+002 -1.5550000e+000  1.0000000e-003
  9.5910000e+003  5.8470000e+002 -1.5660000e+000  1.0000000e-003
  9.6120000e+003  5.8680000e+002 -1.5750000e+000  1.0000000e-003
  9.6360000e+003  5.8960000e+002 -1.5850000e+000  1.0000000e-003
  9.6560000e+003  5.9180000e+002 -1.5950000e+000  1.0000000e-003
  9.6760000e+003  5.9410000e+002 -1.6050000e+000  1.0000000e-003
  9.6960000e+003  5.9590000e+002 -1.6140000e+000  1.0000000e-003
  9.7160000e+003  5.9850000e+002 -1.6220000e+000  1.0000000e-003
  9.7360000e+003  6.0060000e+002 -1.6310000e+000  1.0000000e-003
  9.7560000e+003  6.0290000e+002 -1.6410000e+000  1.0000000e-003
  9.7760000e+003  6.0520000e+002 -1.6500000e+000  1.0000000e-003
  9.7970000e+003  6.0730000e+002 -1.6590000e+000  1.0000000e-003
  9.8170000e+003  6.0920000e+002 -1.6670000e+000  1.0000000e-003
  9.8370000e+003  6.1140000e+002 -1.6770000e+000  1.0000000e-003
  9.8570000e+003  6.1350000e+002 -1.6860000e+000  1.0000000e-003
  9.8770000e+003  6.1600000e+002 -1.6950000e+000  1.0000000e-003
  9.8970000e+003  6.1830000e+002 -1.7030000e+000  1.0000000e-003
  9.9170000e+003  6.2020000e+002 -1.7130000e+000  1.0000000e-003
  9.9370000e+003  6.2280000e+002 -1.7230000e+000  1.0000000e-003
  9.9570000e+003  6.2510000e+002 -1.7320000e+000  1.0000000e-003
  9.9770000e+003  6.2740000e+002 -1.7400000e+000  1.0000000e-003
  9.9970000e+003  6.2930000e+002 -1.7490000e+000  1.0000000e-003
  1.0017000e+004  6.3140000e+002 -1.7580000e+000  1.0000000e-003
  1.0037000e+004  6.3370000e+002 -1.7680000e+000  1.0000000e-003
  1.0057000e+004  6.3580000e+002 -1.7770000e+000  1.0000000e-003
  1.0077000e+004  6.3790000e+002 -1.7850000e+000  1.0000000e-003
  1.0097000e+004  6.4030000e+002 -1.7950000e+000  1.0000000e-003
  1.0117000e+004  6.4260000e+002 -1.8050000e+000  1.0000000e-003
  1.0137000e+004  6.4490000e+002 -1.8140000e+000  1.0000000e-003
  1.0157000e+004  6.4730000e+002 -1.8220000e+000  1.0000000e-003
  1.0177000e+004  6.4940000e+002 -1.8310000e+000  1.0000000e-003
  1.0197000e+004  6.5150000e+002 -1.8420000e+000  1.0000000e-003
  1.0217000e+004  6.5360000e+002 -1.8510000e+000  1.0000000e-003
  1.0237000e+004  6.5590000e+002 -1.8600000e+000  1.0000000e-003
  1.0257000e+004  6.5780000e+002 -1.8690000e+000  1.0000000e-003
  1.0277000e+004  6.6010000e+002 -1.8790000e+000  1.0000000e-003
  1.0297000e+004  6.6220000e+002 -1.8880000e+000  1.0000000e-003
  1.0317000e+004  6.6430000e+002 -1.8970000e+000  1.0000000e-003
  1.0337000e+004  6.6660000e+002 -1.9060000e+000  1.0000000e-003
  1.0357000e+004  6.6880000e+002 -1.9160000e+000  1.0000000e-003
  1.0377000e+004  6.7100000e+002 -1.9260000e+000  1.0000000e-003
  1.0397000e+004  6.7290000e+002 -1.9350000e+000  1.0000000e-003
  1.0417000e+004  6.7520000e+002 -1.9430000e+000  1.0000000e-003
  1.0437000e+004  6.7710000e+002 -1.9530000e+000  1.0000000e-003
  1.0457000e+004  6.7920000e+002 -1.9640000e+000  1.0000000e-003
  1.0477000e+004  6.8140000e+002 -1.9730000e+000  1.0000000e-003
  1.0497000e+004  6.8360000e+002 -1.9810000e+000  1.0000000e-003
  1.0517000e+004  6.8570000e+002 -1.9900000e+000  1.0000000e-003
  1.0537000e+004  6.8780000e+002 -2.0000000e+000  1.0000000e-003
  1.0557000e+004  6.8980000e+002 -2.0100000e+000  1.0000000e-003
  1.0577000e+004  6.9210000e+002 -2.0180000e+000  1.0000000e-003
  1.0597000e+004  6.9420000e+002 -2.0270000e+000  1.0000000e-003
  1.0617000e+004  6.9630000e+002 -2.0360000e+000  1.0000000e-003
  1.0637000e+004  6.9840000e+002 -2.0470000e+000  1.0000000e-003
  1.0657000e+004  7.0050000e+002 -2.0560000e+000  1.0000000e-003
  1.0677000e+004  7.0260000e+002 -2.0640000e+000  1.0000000e-003
  1.0697000e+004  7.0450000e+002 -2.0730000e+000  1.0000000e-003
  1.0717000e+004  7.0670000e+002 -2.0840000e+000  1.0000000e-003
  1.0737000e+004  7.0890000e+002 -2.0930000e+000  1.0000000e-003
  1.0757000e+004  7.1080000e+002 -2.1010000e+000  1.0000000e-003
  1.0777000e+004  7.1310000e+002 -2.1110000e+000  1.0000000e-003
  1.0797000e+004  7.1500000e+002 -2.1210000e+000  1.0000000e-003
  1.0817000e+004  7.1710000e+002 -2.1300000e+000  1.0000000e-003
  1.0837000e+004  7.1940000e+002 -2.1380000e+000  1.0000000e-003
  1.0857000e+004  7.2140000e+002 -2.1470000e+000  1.0000000e-003
  1.0877000e+004  7.2350000e+002 -2.1560000e+000  1.0000000e-003
  1.0897000e+004  7.2520000e+002 -2.1660000e+000  1.0000000e-003
  1.0917000e+004  7.2750000e+002 -2.1750000e+000  1.0000000e-003
  1.0937000e+004  7.2980000e+002 -2.1830000e+000  1.0000000e-003
  1.0957000e+004  7.3180000e+002 -2.1920000e+000  1.0000000e-003
  1.0977000e+004  7.3390000e+002 -2.2020000e+000  1.0000000e-003
  1.0997000e+004  7.3610000e+002 -2.2110000e+000  1.0000000e-003
  1.1017000e+004  7.3820000e+002 -2.2190000e+000  1.0000000e-003
  1.1037000e+004  7.4020000e+002 -2.2280000e+000  1.0000000e-003
  1.1057000e+004  7.4230000e+002 -2.2370000e+000  1.0000000e-003
  1.1077000e+004  7.4460000e+002 -2.2470000e+000  1.0000000e-003
  1.1097000e+004  7.4670000e+002 -2.2560000e+000  1.0000000e-003
  1.1117000e+004  7.4870000e+002 -2.2630000e+000  1.0000000e-003
  1.1137000e+004  7.5060000e+002 -2.2730000e+000  1.0000000e-003
  1.1157000e+004  7.5270000e+002 -2.2830000e+000  1.0000000e-003
  1.1177000e+004  7.5500000e+002 -2.2920000e+000  1.0000000e-003
  1.1197000e+004  7.5700000e+002 -2.3000000e+000  1.0000000e-003
  1.1217000e+004  7.5930000e+002 -2.3080000e+000  1.0000000e-003
  1.1237000e+004  7.6140000e+002 -2.3180000e+000  1.0000000e-003
  1.1257000e+004  7.6330000e+002 -2.3270000e+000  1.0000000e-003
  1.1277000e+004  7.6550000e+002 -2.3360000e+000  1.0000000e-003
  1.1297000e+004  7.6750000e+002 -2.3440000e+000  1.0000000e-003
  1.1317000e+004  7.6950000e+002 -2.3530000e+000  1.0000000e-003
  1.1337000e+004  7.7160000e+002 -2.3630000e+000  1.0000000e-003
  1.1357000e+004  7.7330000e+002 -2.3720000e+000  1.0000000e-003
  1.1377000e+004  7.7560000e+002 -2.3810000e+000  1.0000000e-003
  1.1397000e+004  7.7750000e+002 -2.3890000e+000  1.0000000e-003
  1.1417000e+004  7.7980000e+002 -2.3980000e+000  1.0000000e-003
  1.1437000e+004  7.8170000e+002 -2.4080000e+000  1.0000000e-003
  1.1457000e+004  7.8400000e+002 -2.4170000e+000  1.0000000e-003
  1.1477000e+004  7.8610000e+002 -2.4250000e+000  1.0000000e-003
  1.1497000e+004  7.8800000e+002 -2.4340000e+000  1.0000000e-003
  1.1517000e+004  7.8990000e+002 -2.4440000e+000  1.0000000e-003
  1.1537000e+004  7.9190000e+002 -2.4530000e+000  1.0000000e-003
  1.1557000e+004  7.9400000e+002 -2.4610000e+000  1.0000000e-003
  1.1577000e+004  7.9610000e+002 -2.4700000e+000  1.0000000e-003
  1.1597000e+004  7.9780000e+002 -2.4800000e+000  1.0000000e-003
  1.1617000e+004  8.0030000e+002 -2.4890000e+000  1.0000000e-003
  1.1637000e+004  8.0220000e+002 -2.4980000e+000  1.0000000e-003
  1.1657000e+004  8.0410000e+002 -2.5060000e+000  1.0000000e-003
  1.1677000e+004  8.0620000e+002 -2.5150000e+000  1.0000000e-003
  1.1697000e+004  8.0830000e+002 -2.5260000e+000  1.0000000e-003
  1.1717000e+004  8.1040000e+002 -2.5350000e+000  1.0000000e-003
  1.1737000e+004  8.1250000e+002 -2.5430000e+000  1.0000000e-003
  1.1757000e+004  8.1450000e+002 -2.5520000e+000  1.0000000e-003
  1.1777000e+004  8.1640000e+002 -2.5630000e+000  1.0000000e-003
  1.1797000e+004  8.1850000e+002 -2.5720000e+000  1.0000000e-003
  1.1817000e+004  8.2040000e+002 -2.5810000e+000  1.0000000e-003
  1.1837000e+004  8.2250000e+002 -2.5890000e+000  1.0000000e-003
  1.1857000e+004  8.2440000e+002 -2.5990000e+000  1.0000000e-003
  1.1877000e+004  8.2690000e+002 -2.6090000e+000  1.0000000e-003
  1.1897000e+004  8.2860000e+002 -2.6180000e+000  1.0000000e-003
  1.1917000e+004  8.3110000e+002 -2.6260000e+000  1.0000000e-003
  1.1937000e+004  8.3280000e+002 -2.6360000e+000  1.0000000e-003
  1.1957000e+004  8.3510000e+002 -2.6460000e+000  1.0000000e-003
  1.1977000e+004  8.3720000e+002 -2.6560000e+000  1.0000000e-003
  1.1997000e+004  8.3890000e+002 -2.6640000e+000  1.0000000e-003
  1.2017000e+004  8.4090000e+002 -2.6720000e+000  1.0000000e-003
  1.2037000e+004  8.4280000e+002 -2.6850000e+000  1.0000000e-003
  1.2057000e+004  8.4510000e+002 -2.6940000e+000  1.0000000e-003
  1.2077000e+004  8.4720000e+002 -2.7020000e+000  1.0000000e-003
  1.2097000e+004  8.4930000e+002 -2.7120000e+000  1.0000000e-003
  1.2117000e+004  8.5120000e+002 -2.7220000e+000  1.0000000e-003
  1.2137000e+004  8.5350000e+002 -2.7320000e+000  1.0000000e-003
  1.2157000e+004  8.5540000e+002 -2.7400000e+000  1.0000000e-003
  1.2177000e+004  8.5730000e+002 -2.7490000e+000  1.0000000e-003
  1.2197000e+004  8.5960000e+002 -2.7590000e+000  1.0000000e-003
  1.2217000e+004  8.6190000e+002 -2.7690000e+000  1.0000000e-003
  1.2237000e+004  8.6350000e+002 -2.7780000e+000  1.0000000e-003
  1.2257000e+004  8.6570000e+002 -2.7860000e+000  1.0000000e-003
  1.2277000e+004  8.6770000e+002 -2.7960000e+000  1.0000000e-003
  1.2297000e+004  8.6960000e+002 -2.8060000e+000  1.0000000e-003
  1.2317000e+004  8.7170000e+002 -2.8150000e+000  1.0000000e-003
  1.2337000e+004  8.7360000e+002 -2.8230000e+000  1.0000000e-003
  1.2357000e+004  8.7590000e+002 -2.8320000e+000  1.0000000e-003
  1.2377000e+004  8.7800000e+002 -2.8420000e+000  1.0000000e-003
  1.2397000e+004  8.8010000e+002 -2.8510000e+000  1.0000000e-003
  1.2417000e+004  8.8230000e+002 -2.8590000e+000  1.0000000e-003
  1.2437000e+004  8.8450000e+002 -2.8670000e+000  1.0000000e-003
  1.2457000e+004  8.8640000e+002 -2.8760000e+000  1.0000000e-003
  1.2477000e+004  8.8810000e+002 -2.8850000e+000  1.0000000e-003
  1.2497000e+004  8.9020000e+002 -2.8940000e+000  1.0000000e-003
  1.2517000e+004  8.9220000e+002 -2.9010000e+000  1.0000000e-003
  1.2537000e+004  8.9440000e+002 -2.9090000e+000  1.0000000e-003
  1.2557000e+004  8.9630000e+002 -2.9180000e+000  1.0000000e-003
  1.2577000e+004  8.9850000e+002 -2.9260000e+000  1.0000000e-003
  1.2597000e+004  9.0050000e+002 -2.9350000e+000  1.0000000e-003
  1.2617000e+004  9.0230000e+002 -2.9420000e+000  1.0000000e-003
  1.2637000e+004  9.0440000e+002 -2.9490000e+000  1.0000000e-003
  1.2657000e+004  9.0670000e+002 -2.9570000e+000  1.0000000e-003
  1.2677000e+004  9.0840000e+002 -2.9650000e+000  1.0000000e-003
  1.2697000e+004  9.1050000e+002 -2.9730000e+000  1.0000000e-003
  1.2717000e+004  9.1240000e+002 -2.9800000e+000  1.0000000e-003
  1.2737000e+004  9.1440000e+002 -2.9860000e+000  1.0000000e-003
  1.2757000e+004  9.1650000e+002 -2.9940000e+000  1.0000000e-003
  1.2777000e+004  9.1870000e+002 -3.0020000e+000  1.0000000e-003
  1.2797000e+004  9.2050000e+002 -3.0080000e+000  1.0000000e-003
  1.2817000e+004  9.2260000e+002 -3.0150000e+000  1.0000000e-003
  1.2837000e+004  9.2470000e+002 -3.0210000e+000  1.0000000e-003
  1.2857000e+004  9.2680000e+002 -3.0270000e+000  1.0000000e-003
  1.2877000e+004  9.2870000e+002 -3.0340000e+000  1.0000000e-003
  1.2897000e+004  9.3080000e+002 -3.0410000e+000  1.0000000e-003
  1.2917000e+004  9.3260000e+002 -3.0470000e+000  1.0000000e-003
  1.2937000e+004  9.3480000e+002 -3.0530000e+000  1.0000000e-003
  1.2957000e+004  9.3700000e+002 -3.0590000e+000  1.0000000e-003
  1.2977000e+004  9.3870000e+002 -3.0640000e+000  1.0000000e-003
  1.2997000e+004  9.4120000e+002 -3.0700000e+000  1.0000000e-003
  1.3017000e+004  9.4290000e+002 -3.0750000e+000  1.0000000e-003
  1.3037000e+004  9.4530000e+002 -3.0820000e+000  1.0000000e-003
  1.3057000e+004  9.4710000e+002 -3.0870000e+000  1.0000000e-003
  1.3077000e+004  9.4900000e+002 -3.0930000e+000  1.0000000e-003
  1.3097000e+004  9.5100000e+002 -3.0980000e+000  1.0000000e-003
  1.3117000e+004  9.5300000e+002 -3.1020000e+000  1.0000000e-003
  1.3137000e+004  9.5500000e+002 -3.1070000e+000  1.0000000e-003
  1.3157000e+004  9.5730000e+002 -3.1120000e+000  1.0000000e-003
  1.3177000e+004  9.5920000e+002 -3.1170000e+000  1.0000000e-003
  1.3197000e+004  9.6090000e+002 -3.1230000e+000  1.0000000e-003
  1.3217000e+004  9.6320000e+002 -3.1270000e+000  1.0000000e-003
  1.3237000e+004  9.6530000e+002 -3.1320000e+000  1.0000000e-003
  1.3257000e+004  9.6720000e+002 -3.1360000e+000  1.0000000e-003
  1.3277000e+004  9.6930000e+002 -3.1400000e+000  1.0000000e-003
  1.3297000e+004  9.7160000e+002 -3.1440000e+000  1.0000000e-003
  1.3317000e+004  9.7350000e+002 -3.1480000e+000  1.0000000e-003
  1.3337000e+004  9.7560000e+002 -3.1530000e+000  1.0000000e-003
  1.3357000e+004  9.7740000e+002 -3.1560000e+000  1.0000000e-003
  1.3377000e+004  9.7950000e+002 -3.1610000e+000  1.0000000e-003
  1.3397000e+004  9.8160000e+002 -3.1650000e+000  1.0000000e-003
  1.3417000e+004  9.8370000e+002 -3.1690000e+000  1.0000000e-003
  1.3437000e+004  9.8600000e+002 -3.1730000e+000  1.0000000e-003
  1.3457000e+004  9.8790000e+002 -3.1760000e+000  1.0000000e-003
  1.3477000e+004  9.9000000e+002 -3.1790000e+000  1.0000000e-003
  1.3497000e+004  9.9210000e+002 -3.1830000e+000  1.0000000e-003
  1.3517000e+004  9.9420000e+002 -3.1850000e+000  1.0000000e-003
  1.3537000e+004  9.9590000e+002 -3.1890000e+000  1.0000000e-003
  1.3557000e+004  9.9790000e+002 -3.1930000e+000  1.0000000e-003
  1.3577000e+004  9.9980000e+002 -3.1960000e+000  1.0000000e-003
  1.3597000e+004  1.0019000e+003 -3.2000000e+000  1.0000000e-003
  1.3617000e+004  1.0040000e+003 -3.2030000e+000  1.0000000e-003
  1.3637000e+004  1.0059000e+003 -3.2060000e+000  1.0000000e-003
  1.3657000e+004  1.0082000e+003 -3.2090000e+000  1.0000000e-003
  1.3677000e+004  1.0101000e+003 -3.2120000e+000  1.0000000e-003
  1.3697000e+004  1.0122000e+003 -3.2150000e+000  1.0000000e-003
  1.3718000e+004  1.0143000e+003 -3.2170000e+000  1.0000000e-003
  1.3740000e+004  1.0164000e+003 -3.2200000e+000  1.0000000e-003
  1.3761000e+004  1.0188000e+003 -3.2230000e+000  1.0000000e-003
  1.3781000e+004  1.0206000e+003 -3.2250000e+000  1.0000000e-003
  1.3802000e+004  1.0225000e+003 -3.2280000e+000  1.0000000e-003
  1.3824000e+004  1.0250000e+003 -3.2310000e+000  1.0000000e-003
  1.3848000e+004  1.0274000e+003 -3.2340000e+000  1.0000000e-003
  1.3868000e+004  1.0295000e+003 -3.2360000e+000  1.0000000e-003
  1.3888000e+004  1.0316000e+003 -3.2390000e+000  1.0000000e-003
  1.3908000e+004  1.0336000e+003 -3.2420000e+000  1.0000000e-003
  1.3929000e+004  1.0358000e+003 -3.2440000e+000  1.0000000e-003
  1.3949000e+004  1.0378000e+003 -3.2460000e+000  1.0000000e-003
  1.3969000e+004  1.0398000e+003 -3.2480000e+000  1.0000000e-003
  1.3989000e+004  1.0416000e+003 -3.2510000e+000  1.0000000e-003
  1.4009000e+004  1.0435000e+003 -3.2530000e+000  1.0000000e-003
  1.4029000e+004  1.0458000e+003 -3.2550000e+000  1.0000000e-003
  1.4049000e+004  1.0479000e+003 -3.2570000e+000  1.0000000e-003
  1.4069000e+004  1.0498000e+003 -3.2580000e+000  1.0000000e-003
  1.4089000e+004  1.0519000e+003 -3.2600000e+000  1.0000000e-003
  1.4109000e+004  1.0540000e+003 -3.2620000e+000  1.0000000e-003
  1.4129000e+004  1.0561000e+003 -3.2630000e+000  1.0000000e-003
  1.4149000e+004  1.0581000e+003 -3.2650000e+000  1.0000000e-003
  1.4169000e+004  1.0600000e+003 -3.2670000e+000  1.0000000e-003
  1.4189000e+004  1.0623000e+003 -3.2690000e+000  1.0000000e-003
  1.4209000e+004  1.0643000e+003 -3.2700000e+000  1.0000000e-003
  1.4229000e+004  1.0659000e+003 -3.2720000e+000  1.0000000e-003
  1.4249000e+004  1.0682000e+003 -3.2740000e+000  1.0000000e-003
  1.4269000e+004  1.0703000e+003 -3.2750000e+000  1.0000000e-003
  1.4289000e+004  1.0722000e+003 -3.2770000e+000  1.0000000e-003
  1.4309000e+004  1.0743000e+003 -3.2790000e+000  1.0000000e-003
  1.4329000e+004  1.0763000e+003 -3.2810000e+000  1.0000000e-003
  1.4349000e+004  1.0785000e+003 -3.2820000e+000  1.0000000e-003
  1.4369000e+004  1.0806000e+003 -3.2840000e+000  1.0000000e-003
  1.4389000e+004  1.0824000e+003 -3.2850000e+000  1.0000000e-003
  1.4409000e+004  1.0846000e+003 -3.2860000e+000  1.0000000e-003
  1.4429000e+004  1.0868000e+003 -3.2880000e+000  1.0000000e-003
  1.4449000e+004  1.0887000e+003 -3.2890000e+000  1.0000000e-003
  1.4469000e+004  1.0908000e+003 -3.2900000e+000  1.0000000e-003
  1.4489000e+004  1.0925000e+003 -3.2920000e+000  1.0000000e-003
  1.4509000e+004  1.0950000e+003 -3.2930000e+000  1.0000000e-003
  1.4529000e+004  1.0971000e+003 -3.2940000e+000  1.0000000e-003
  1.4549000e+004  1.0990000e+003 -3.2950000e+000  1.0000000e-003
  1.4569000e+004  1.1013000e+003 -3.2960000e+000  1.0000000e-003
  1.4589000e+004  1.1032000e+003 -3.2970000e+000  1.0000000e-003
  1.4609000e+004  1.1053000e+003 -3.2980000e+000  1.0000000e-003
  1.4629000e+004  1.1074000e+003 -3.2990000e+000  1.0000000e-003
  1.4649000e+004  1.1093000e+003 -3.3000000e+000  1.0000000e-003
  1.4669000e+004  1.1114000e+003 -3.3010000e+000  1.0000000e-003
  1.4689000e+004  1.1135000e+003 -3.3020000e+000  1.0000000e-003
  1.4709000e+004  1.1156000e+003 -3.3030000e+000  1.0000000e-003
  1.4729000e+004  1.1177000e+003 -3.3040000e+000  1.0000000e-003
  1.4749000e+004  1.1200000e+003 -3.3050000e+000  1.0000000e-003
  1.4769000e+004  1.1218000e+003 -3.3060000e+000  1.0000000e-003
  1.4789000e+004  1.1238000e+003 -3.3070000e+000  1.0000000e-003
  1.4809000e+004  1.1259000e+003 -3.3080000e+000  1.0000000e-003
  1.4829000e+004  1.1279000e+003 -3.3090000e+000  1.0000000e-003
  1.4849000e+004  1.1300000e+003 -3.3100000e+000  1.0000000e-003
  1.4869000e+004  1.1321000e+003 -3.3110000e+000  1.0000000e-003
  1.4889000e+004  1.1338000e+003 -3.3120000e+000  1.0000000e-003
  1.4909000e+004  1.1361000e+003 -3.3130000e+000  1.0000000e-003
  1.4929000e+004  1.1382000e+003 -3.3130000e+000  1.0000000e-003
  1.4949000e+004  1.1405000e+003 -3.3140000e+000  1.0000000e-003
  1.4969000e+004  1.1424000e+003 -3.3150000e+000  1.0000000e-003
  1.4989000e+004  1.1445000e+003 -3.3150000e+000  1.0000000e-003
  1.5009000e+004  1.1466000e+003 -3.3160000e+000  1.0000000e-003
  1.5029000e+004  1.1487000e+003 -3.3170000e+000  1.0000000e-003
  1.5049000e+004  1.1504000e+003 -3.3180000e+000  1.0000000e-003
  1.5069000e+004  1.1527000e+003 -3.3190000e+000  1.0000000e-003
  1.5089000e+004  1.1545000e+003 -3.3200000e+000  1.0000000e-003
  1.5109000e+004  1.1564000e+003 -3.3210000e+000  1.0000000e-003
  1.5129000e+004  1.1587000e+003 -3.3220000e+000  1.0000000e-003
  1.5149000e+004  1.1608000e+003 -3.3220000e+000  1.0000000e-003
  1.5169000e+004  1.1629000e+003 -3.3230000e+000  1.0000000e-003
  1.5189000e+004  1.1652000e+003 -3.3240000e+000  1.0000000e-003
  1.5209000e+004  1.1673000e+003 -3.3240000e+000  1.0000000e-003
  1.5229000e+004  1.1692000e+003 -3.3250000e+000  1.0000000e-003
  1.5249000e+004  1.1715000e+003 -3.3250000e+000  1.0000000e-003
  1.5269000e+004  1.1734000e+003 -3.3260000e+000  1.0000000e-003
  1.5289000e+004  1.1755000e+003 -3.3260000e+000  1.0000000e-003
  1.5309000e+004  1.1774000e+003 -3.3270000e+000  1.0000000e-003
  1.5329000e+004  1.1797000e+003 -3.3280000e+000  1.0000000e-003
  1.5349000e+004  1.1816000e+003 -3.3280000e+000  1.0000000e-003
  1.5369000e+004  1.1837000e+003 -3.3290000e+000  1.0000000e-003
  1.5389000e+004  1.1858000e+003 -3.3290000e+000  1.0000000e-003
  1.5409000e+004  1.1877000e+003 -3.3300000e+000  1.0000000e-003
  1.5429000e+004  1.1902000e+003 -3.3310000e+000  1.0000000e-003
  1.5449000e+004  1.1921000e+003 -3.3310000e+000  1.0000000e-003
  1.5469000e+004  1.1944000e+003 -3.3320000e+000  1.0000000e-003
  1.5489000e+004  1.1963000e+003 -3.3320000e+000  1.0000000e-003
  1.5509000e+004  1.1982000e+003 -3.3330000e+000  1.0000000e-003
  1.5529000e+004  1.2002000e+003 -3.3330000e+000  1.0000000e-003
  1.5549000e+004  1.2026000e+003 -3.3340000e+000  1.0000000e-003
  1.5571000e+004  1.2045000e+003 -3.3340000e+000  1.0000000e-003
  1.5595000e+004  1.2072000e+003 -3.3350000e+000  1.0000000e-003
  1.5616000e+004  1.2094000e+003 -3.3350000e+000  1.0000000e-003
  1.5636000e+004  1.2115000e+003 -3.3350000e+000  1.0000000e-003
  1.5656000e+004  1.2136000e+003 -3.3360000e+000  1.0000000e-003
  1.5676000e+004  1.2157000e+003 -3.3360000e+000  1.0000000e-003
  1.5696000e+004  1.2178000e+003 -3.3360000e+000  1.0000000e-003
  1.5716000e+004  1.2198000e+003 -3.3370000e+000  1.0000000e-003
  1.5736000e+004  1.2217000e+003 -3.3370000e+000  1.0000000e-003
  1.5756000e+004  1.2240000e+003 -3.3380000e+000  1.0000000e-003
  1.5776000e+004  1.2259000e+003 -3.3380000e+000  1.0000000e-003
  1.5796000e+004  1.2280000e+003 -3.3380000e+000  1.0000000e-003
  1.5816000e+004  1.2301000e+003 -3.3390000e+000  1.0000000e-003
  1.5836000e+004  1.2322000e+003 -3.3390000e+000  1.0000000e-003
  1.5856000e+004  1.2344000e+003 -3.3390000e+000  1.0000000e-003
  1.5876000e+004  1.2366000e+003 -3.3400000e+000  1.0000000e-003
  1.5896000e+004  1.2385000e+003 -3.3400000e+000  1.0000000e-003
  1.5916000e+004  1.2406000e+003 -3.3400000e+000  1.0000000e-003
  1.5936000e+004  1.2423000e+003 -3.3410000e+000  1.0000000e-003
  1.5956000e+004  1.2446000e+003 -3.3410000e+000  1.0000000e-003
  1.5976000e+004  1.2467000e+003 -3.3410000e+000  1.0000000e-003
  1.5997000e+004  1.2486000e+003 -3.3420000e+000  1.0000000e-003
  1.6021000e+004  1.2511000e+003 -3.3420000e+000  1.0000000e-003
  1.6041000e+004  1.2534000e+003 -3.3420000e+000  1.0000000e-003
  1.6061000e+004  1.2554000e+003 -3.3420000e+000  1.0000000e-003
  1.6082000e+004  1.2576000e+003 -3.3430000e+000  1.0000000e-003
  1.6106000e+004  1.2602000e+003 -3.3430000e+000  1.0000000e-003
  1.6126000e+004  1.2625000e+003 -3.3430000e+000  1.0000000e-003
  1.6146000e+004  1.2644000e+003 -3.3440000e+000  1.0000000e-003
  1.6166000e+004  1.2665000e+003 -3.3440000e+000  1.0000000e-003
  1.6186000e+004  1.2686000e+003 -3.3440000e+000  1.0000000e-003
  1.6206000e+004  1.2707000e+003 -3.3440000e+000  1.0000000e-003
  1.6226000e+004  1.2728000e+003 -3.3440000e+000  1.0000000e-003
  1.6246000e+004  1.2747000e+003 -3.3450000e+000  1.0000000e-003
  1.6266000e+004  1.2768000e+003 -3.3450000e+000  1.0000000e-003
  1.6286000e+004  1.2791000e+003 -3.3450000e+000  1.0000000e-003
  1.6306000e+004  1.2810000e+003 -3.3450000e+000  1.0000000e-003
  1.6326000e+004  1.2829000e+003 -3.3460000e+000  1.0000000e-003
  1.6346000e+004  1.2848000e+003 -3.3460000e+000  1.0000000e-003
  1.6366000e+004  1.2870000e+003 -3.3460000e+000  1.0000000e-003
  1.6386000e+004  1.2889000e+003 -3.3460000e+000  1.0000000e-003
  1.6406000e+004  1.2910000e+003 -3.3470000e+000  1.0000000e-003
  1.6426000e+004  1.2931000e+003 -3.3470000e+000  1.0000000e-003
  1.6446000e+004  1.2952000e+003 -3.3470000e+000  1.0000000e-003
  1.6466000e+004  1.2973000e+003 -3.3480000e+000  1.0000000e-003
  1.6486000e+004  1.2994000e+003 -3.3480000e+000  1.0000000e-003
  1.6506000e+004  1.3015000e+003 -3.3480000e+000  1.0000000e-003
  1.6526000e+004  1.3036000e+003 -3.3490000e+000  1.0000000e-003
  1.6546000e+004  1.3057000e+003 -3.3490000e+000  1.0000000e-003
  1.6566000e+004  1.3076000e+003 -3.3490000e+000  1.0000000e-003
  1.6586000e+004  1.3097000e+003 -3.3500000e+000  1.0000000e-003
  1.6606000e+004  1.3118000e+003 -3.3500000e+000  1.0000000e-003
  1.6626000e+004  1.3137000e+003 -3.3500000e+000  1.0000000e-003
  1.6646000e+004  1.3158000e+003 -3.3500000e+000  1.0000000e-003
  1.6666000e+004  1.3178000e+003 -3.3510000e+000  1.0000000e-003
  1.6686000e+004  1.3200000e+003 -3.3510000e+000  1.0000000e-003
  1.6706000e+004  1.3221000e+003 -3.3510000e+000  1.0000000e-003
  1.6727000e+004  1.3244000e+003 -3.3510000e+000  1.0000000e-003
  1.6747000e+004  1.3263000e+003 -3.3520000e+000  1.0000000e-003
  1.6767000e+004  1.3286000e+003 -3.3520000e+000  1.0000000e-003
  1.6787000e+004  1.3305000e+003 -3.3520000e+000  1.0000000e-003
  1.6807000e+004  1.3324000e+003 -3.3520000e+000  1.0000000e-003
  1.6827000e+004  1.3346000e+003 -3.3530000e+000  1.0000000e-003
  1.6847000e+004  1.3365000e+003 -3.3530000e+000  1.0000000e-003
  1.6867000e+004  1.3386000e+003 -3.3530000e+000  1.0000000e-003
  1.6887000e+004  1.3407000e+003 -3.3530000e+000  1.0000000e-003
  1.6907000e+004  1.3424000e+003 -3.3540000e+000  1.0000000e-003
  1.6927000e+004  1.3438000e+003 -3.3540000e+000  1.0000000e-003
  1.6947000e+004  1.3450000e+003 -3.3540000e+000  1.0000000e-003
  1.6967000e+004  1.3461000e+003 -3.3540000e+000  1.0000000e-003
