  0.0000000e+000  1.7100000e+001  0.0000000e+000  1.0000000e-003
  2.0000000e+001  1.7100000e+001  0.0000000e+000  1.0000000e-003
  4.0000000e+001  1.7100000e+001  0.0000000e+000  1.0000000e-003
  6.0000000e+001  1.7000000e+001  0.0000000e+000  1.0000000e-003
  8.0000000e+001  1.7500000e+001  0.0000000e+000  1.0000000e-003
  1.0000000e+002  1.7300000e+001  0.0000000e+000  1.0000000e-003
  1.2000000e+002  1.7300000e+001  0.0000000e+000  1.0000000e-003
  1.4000000e+002  1.7300000e+001  0.0000000e+000  1.0000000e-003
  1.6000000e+002  1.7100000e+001  0.0000000e+000  1.0000000e-003
  1.8000000e+002  1.7300000e+001  0.0000000e+000  1.0000000e-003
  2.0000000e+002  1.7300000e+001  0.0000000e+000  1.0000000e-003
  2.2000000e+002  1.7300000e+001  0.0000000e+000  1.0000000e-003
  2.4000000e+002  1.7100000e+001  0.0000000e+000  1.0000000e-003
  2.6000000e+002  1.7100000e+001  0.0000000e+000  1.0000000e-003
  2.8000000e+002  1.7300000e+001  0.0000000e+000  1.0000000e-003
  3.0000000e+002  1.7300000e+001  0.0000000e+000  1.0000000e-003
  3.2000000e+002  1.7500000e+001  0.0000000e+000  1.0000000e-003
  3.4000000e+002  1.7500000e+001  0.0000000e+000  1.0000000e-003
  3.6000000e+002  1.7000000e+001  0.0000000e+000  1.0000000e-003
  3.8000000e+002  1.7300000e+001  0.0000000e+000  1.0000000e-003
  4.0000000e+002  1.7100000e+001 -1.0000000e-003  1.0000000e-003
  4.2000000e+002  1.7500000e+001 -1.0000000e-003  1.0000000e-003
  4.4000000e+002  1.7300000e+001 -1.0000000e-003  1.0000000e-003
  4.6000000e+002  1.7700000e+001 -1.0000000e-003  1.0000000e-003
  4.8000000e+002  1.7700000e+001 -1.0000000e-003  1.0000000e-003
  5.0000000e+002  1.7700000e+001 -1.0000000e-003  1.0000000e-003
  5.2000000e+002  1.7800000e+001 -1.0000000e-003  1.0000000e-003
  5.4000000e+002  1.8000000e+001 -1.0000000e-003  1.0000000e-003
  5.6000000e+002  1.8200000e+001 -1.0000000e-003  1.0000000e-003
  5.8100000e+002  1.8500000e+001 -2.0000000e-003  1.0000000e-003
  6.0100000e+002  1.8700000e+001 -2.0000000e-003  1.0000000e-003
  6.2100000e+002  1.9100000e+001 -2.0000000e-003  1.0000000e-003
  6.4100000e+002  1.9100000e+001 -2.0000000e-003  1.0000000e-003
  6.6100000e+002  1.9600000e+001 -2.0000000e-003  1.0000000e-003
  6.8100000e+002  1.9400000e+001 -2.0000000e-003  1.0000000e-003
  7.0100000e+002  1.9800000e+001 -2.0000000e-003  1.0000000e-003
  7.2100000e+002  2.0000000e+001 -2.0000000e-003  1.0000000e-003
  7.4100000e+002  2.0300000e+001 -2.0000000e-003  1.0000000e-003
  7.6100000e+002  2.0500000e+001 -2.0000000e-003  1.0000000e-003
  7.8100000e+002  2.1000000e+001 -2.0000000e-003  1.0000000e-003
  8.0100000e+002  2.1200000e+001 -2.0000000e-003  1.0000000e-003
  8.2100000e+002  2.1500000e+001 -3.0000000e-003  1.0000000e-003
  8.4100000e+002  2.1700000e+001 -3.0000000e-003  1.0000000e-003
  8.6100000e+002  2.2200000e+001 -3.0000000e-003  1.0000000e-003
  8.8100000e+002  2.2400000e+001 -3.0000000e-003  1.0000000e-003
  9.0100000e+002  2.3100000e+001 -3.0000000e-003  1.0000000e-003
  9.2100000e+002  2.3100000e+001 -3.0000000e-003  1.0000000e-003
  9.4100000e+002  2.3800000e+001 -3.0000000e-003  1.0000000e-003
  9.6100000e+002  2.4000000e+001 -3.0000000e-003  1.0000000e-003
  9.8100000e+002  2.4100000e+001 -3.0000000e-003  1.0000000e-003
  1.0010000e+003  2.4500000e+001 -3.0000000e-003  1.0000000e-003
  1.0210000e+003  2.5200000e+001 -3.0000000e-003  1.0000000e-003
  1.0410000e+003  2.5700000e+001 -3.0000000e-003  1.0000000e-003
  1.0610000e+003  2.6100000e+001 -3.0000000e-003  1.0000000e-003
  1.0810000e+003  2.6400000e+001 -3.0000000e-003  1.0000000e-003
  1.1010000e+003  2.6800000e+001 -3.0000000e-003  1.0000000e-003
  1.1210000e+003  2.7300000e+001 -3.0000000e-003  1.0000000e-003
  1.1420000e+003  2.7800000e+001 -3.0000000e-003  1.0000000e-003
  1.1620000e+003  2.8200000e+001 -4.0000000e-003  1.0000000e-003
  1.1820000e+003  2.8900000e+001 -4.0000000e-003  1.0000000e-003
  1.2020000e+003  2.9200000e+001 -4.0000000e-003  1.0000000e-003
  1.2220000e+003  2.9400000e+001 -4.0000000e-003  1.0000000e-003
  1.2420000e+003  2.9900000e+001 -4.0000000e-003  1.0000000e-003
  1.2620000e+003  3.0500000e+001 -4.0000000e-003  1.0000000e-003
  1.2820000e+003  3.1300000e+001 -4.0000000e-003  1.0000000e-003
  1.3020000e+003  3.1500000e+001 -4.0000000e-003  1.0000000e-003
  1.3220000e+003  3.2000000e+001 -4.0000000e-003  1.0000000e-003
  1.3420000e+003  3.2500000e+001 -4.0000000e-003  1.0000000e-003
  1.3620000e+003  3.2700000e+001 -4.0000000e-003  1.0000000e-003
  1.3820000e+003  3.3600000e+001 -5.0000000e-003  1.0000000e-003
  1.4020000e+003  3.4100000e+001 -5.0000000e-003  1.0000000e-003
  1.4220000e+003  3.4700000e+001 -5.0000000e-003  1.0000000e-003
  1.4420000e+003  3.5200000e+001 -5.0000000e-003  1.0000000e-003
  1.4620000e+003  3.5700000e+001 -5.0000000e-003  1.0000000e-003
  1.4820000e+003  3.6400000e+001 -5.0000000e-003  1.0000000e-003
  1.5020000e+003  3.6900000e+001 -5.0000000e-003  1.0000000e-003
  1.5220000e+003  3.7600000e+001 -5.0000000e-003  1.0000000e-003
  1.5420000e+003  3.8200000e+001 -5.0000000e-003  1.0000000e-003
  1.5620000e+003  3.8500000e+001 -5.0000000e-003  1.0000000e-003
  1.5820000e+003  3.9000000e+001 -5.0000000e-003  1.0000000e-003
  1.6020000e+003  3.9900000e+001 -5.0000000e-003  1.0000000e-003
  1.6220000e+003  4.0600000e+001 -6.0000000e-003  1.0000000e-003
  1.6420000e+003  4.1100000e+001 -6.0000000e-003  1.0000000e-003
  1.6620000e+003  4.1700000e+001 -6.0000000e-003  1.0000000e-003
  1.6820000e+003  4.2200000e+001 -6.0000000e-003  1.0000000e-003
  1.7020000e+003  4.2700000e+001 -6.0000000e-003  1.0000000e-003
  1.7220000e+003  4.3600000e+001 -6.0000000e-003  1.0000000e-003
  1.7420000e+003  4.3800000e+001 -6.0000000e-003  1.0000000e-003
  1.7620000e+003  4.4300000e+001 -7.0000000e-003  1.0000000e-003
  1.7820000e+003  4.5100000e+001 -7.0000000e-003  1.0000000e-003
  1.8020000e+003  4.6000000e+001 -7.0000000e-003  1.0000000e-003
  1.8220000e+003  4.6200000e+001 -7.0000000e-003  1.0000000e-003
  1.8420000e+003  4.7100000e+001 -7.0000000e-003  1.0000000e-003
  1.8620000e+003  4.7600000e+001 -7.0000000e-003  1.0000000e-003
  1.8820000e+003  4.8500000e+001 -7.0000000e-003  1.0000000e-003
  1.9020000e+003  4.9300000e+001 -8.0000000e-003  1.0000000e-003
  1.9220000e+003  5.0000000e+001 -8.0000000e-003  1.0000000e-003
  1.9420000e+003  5.0600000e+001 -8.0000000e-003  1.0000000e-003
  1.9630000e+003  5.1100000e+001 -8.0000000e-003  1.0000000e-003
  1.9830000e+003  5.1800000e+001 -8.0000000e-003  1.0000000e-003
  2.0030000e+003  5.2800000e+001 -9.0000000e-003  1.0000000e-003
  2.0230000e+003  5.3500000e+001 -9.0000000e-003  1.0000000e-003
  2.0430000e+003  5.4400000e+001 -9.0000000e-003  1.0000000e-003
  2.0630000e+003  5.5100000e+001 -9.0000000e-003  1.0000000e-003
  2.0830000e+003  5.6000000e+001 -9.0000000e-003  1.0000000e-003
  2.1030000e+003  5.6700000e+001 -9.0000000e-003  1.0000000e-003
  2.1230000e+003  5.7600000e+001 -1.0000000e-002  1.0000000e-003
  2.1430000e+003  5.8100000e+001 -1.0000000e-002  1.0000000e-003
  2.1630000e+003  5.9000000e+001 -1.0000000e-002  1.0000000e-003
  2.1830000e+003  5.9900000e+001 -1.0000000e-002  1.0000000e-003
  2.2030000e+003  6.0600000e+001 -1.1000000e-002  1.0000000e-003
  2.2230000e+003  6.1400000e+001 -1.1000000e-002  1.0000000e-003
  2.2430000e+003  6.2300000e+001 -1.1000000e-002  1.0000000e-003
  2.2630000e+003  6.3200000e+001 -1.1000000e-002  1.0000000e-003
  2.2830000e+003  6.4200000e+001 -1.1000000e-002  1.0000000e-003
  2.3030000e+003  6.4400000e+001 -1.2000000e-002  1.0000000e-003
  2.3230000e+003  6.5300000e+001 -1.2000000e-002  1.0000000e-003
  2.3430000e+003  6.5800000e+001 -1.2000000e-002  1.0000000e-003
  2.3630000e+003  6.7200000e+001 -1.2000000e-002  1.0000000e-003
  2.3830000e+003  6.7500000e+001 -1.3000000e-002  1.0000000e-003
  2.4030000e+003  6.8400000e+001 -1.3000000e-002  1.0000000e-003
  2.4230000e+003  6.9300000e+001 -1.3000000e-002  1.0000000e-003
  2.4430000e+003  7.0200000e+001 -1.3000000e-002  1.0000000e-003
  2.4630000e+003  7.0900000e+001 -1.4000000e-002  1.0000000e-003
  2.4830000e+003  7.1700000e+001 -1.4000000e-002  1.0000000e-003
  2.5030000e+003  7.2500000e+001 -1.4000000e-002  1.0000000e-003
  2.5230000e+003  7.3500000e+001 -1.5000000e-002  1.0000000e-003
  2.5430000e+003  7.4200000e+001 -1.5000000e-002  1.0000000e-003
  2.5630000e+003  7.5300000e+001 -1.6000000e-002  1.0000000e-003
  2.5830000e+003  7.5600000e+001 -1.6000000e-002  1.0000000e-003
  2.6030000e+003  7.6700000e+001 -1.7000000e-002  1.0000000e-003
  2.6230000e+003  7.7200000e+001 -1.7000000e-002  1.0000000e-003
  2.6430000e+003  7.7900000e+001 -1.8000000e-002  1.0000000e-003
  2.6630000e+003  7.8900000e+001 -1.8000000e-002  1.0000000e-003
  2.6830000e+003  7.9800000e+001 -1.9000000e-002  1.0000000e-003
  2.7030000e+003  8.0700000e+001 -2.0000000e-002  1.0000000e-003
  2.7230000e+003  8.1400000e+001 -2.1000000e-002  1.0000000e-003
  2.7430000e+003  8.2400000e+001 -2.1000000e-002  1.0000000e-003
  2.7630000e+003  8.3300000e+001 -2.2000000e-002  1.0000000e-003
  2.7830000e+003  8.4500000e+001 -2.2000000e-002  1.0000000e-003
  2.8030000e+003  8.5100000e+001 -2.3000000e-002  1.0000000e-003
  2.8230000e+003  8.6100000e+001 -2.4000000e-002  1.0000000e-003
  2.8440000e+003  8.6800000e+001 -2.4000000e-002  1.0000000e-003
  2.8640000e+003  8.7800000e+001 -2.5000000e-002  1.0000000e-003
  2.8840000e+003  8.8700000e+001 -2.6000000e-002  1.0000000e-003
  2.9040000e+003  9.0100000e+001 -2.7000000e-002  1.0000000e-003
  2.9240000e+003  9.0800000e+001 -2.8000000e-002  1.0000000e-003
  2.9440000e+003  9.1700000e+001 -2.9000000e-002  1.0000000e-003
  2.9640000e+003  9.2600000e+001 -3.0000000e-002  1.0000000e-003
  2.9840000e+003  9.3500000e+001 -3.1000000e-002  1.0000000e-003
  3.0040000e+003  9.4700000e+001 -3.2000000e-002  1.0000000e-003
  3.0240000e+003  9.5600000e+001 -3.3000000e-002  1.0000000e-003
  3.0440000e+003  9.6400000e+001 -3.4000000e-002  1.0000000e-003
  3.0640000e+003  9.7300000e+001 -3.5000000e-002  1.0000000e-003
  3.0840000e+003  9.8500000e+001 -3.6000000e-002  1.0000000e-003
  3.1040000e+003  9.9700000e+001 -3.7000000e-002  1.0000000e-003
  3.1240000e+003  1.0040000e+002 -3.9000000e-002  1.0000000e-003
  3.1440000e+003  1.0170000e+002 -4.0000000e-002  1.0000000e-003
  3.1640000e+003  1.0260000e+002 -4.1000000e-002  1.0000000e-003
  3.1840000e+003  1.0360000e+002 -4.2000000e-002  1.0000000e-003
  3.2040000e+003  1.0480000e+002 -4.3000000e-002  1.0000000e-003
  3.2240000e+003  1.0570000e+002 -4.5000000e-002  1.0000000e-003
  3.2440000e+003  1.0640000e+002 -4.7000000e-002  1.0000000e-003
  3.2640000e+003  1.0760000e+002 -4.8000000e-002  1.0000000e-003
  3.2840000e+003  1.0850000e+002 -5.0000000e-002  1.0000000e-003
  3.3040000e+003  1.0960000e+002 -5.2000000e-002  1.0000000e-003
  3.3240000e+003  1.1010000e+002 -5.3000000e-002  1.0000000e-003
  3.3440000e+003  1.1110000e+002 -5.5000000e-002  1.0000000e-003
  3.3640000e+003  1.1220000e+002 -5.7000000e-002  1.0000000e-003
  3.3850000e+003  1.1340000e+002 -5.9000000e-002  1.0000000e-003
  3.4090000e+003  1.1440000e+002 -6.2000000e-002  1.0000000e-003
  3.4290000e+003  1.1570000e+002 -6.3000000e-002  1.0000000e-003
  3.4490000e+003  1.1690000e+002 -6.5000000e-002  1.0000000e-003
  3.4700000e+003  1.1800000e+002 -6.6000000e-002  1.0000000e-003
  3.4940000e+003  1.1920000e+002 -6.9000000e-002  1.0000000e-003
  3.5140000e+003  1.1990000e+002 -7.1000000e-002  1.0000000e-003
  3.5340000e+003  1.2130000e+002 -7.3000000e-002  1.0000000e-003
  3.5540000e+003  1.2200000e+002 -7.5000000e-002  1.0000000e-003
  3.5750000e+003  1.2340000e+002 -7.7000000e-002  1.0000000e-003
  3.5950000e+003  1.2440000e+002 -7.8000000e-002  1.0000000e-003
  3.6150000e+003  1.2570000e+002 -8.0000000e-002  1.0000000e-003
  3.6350000e+003  1.2650000e+002 -8.2000000e-002  1.0000000e-003
  3.6550000e+003  1.2780000e+002 -8.3000000e-002  1.0000000e-003
  3.6750000e+003  1.2900000e+002 -8.6000000e-002  1.0000000e-003
  3.6950000e+003  1.2990000e+002 -8.8000000e-002  1.0000000e-003
  3.7150000e+003  1.3110000e+002 -9.0000000e-002  1.0000000e-003
  3.7350000e+003  1.3210000e+002 -9.2000000e-002  1.0000000e-003
  3.7550000e+003  1.3340000e+002 -9.4000000e-002  1.0000000e-003
  3.7750000e+003  1.3420000e+002 -9.6000000e-002  1.0000000e-003
  3.7950000e+003  1.3540000e+002 -9.9000000e-002  1.0000000e-003
  3.8150000e+003  1.3650000e+002 -1.0100000e-001  1.0000000e-003
  3.8350000e+003  1.3770000e+002 -1.0400000e-001  1.0000000e-003
  3.8550000e+003  1.3860000e+002 -1.0500000e-001  1.0000000e-003
  3.8750000e+003  1.3980000e+002 -1.0700000e-001  1.0000000e-003
  3.8950000e+003  1.4110000e+002 -1.1000000e-001  1.0000000e-003
  3.9150000e+003  1.4210000e+002 -1.1200000e-001  1.0000000e-003
  3.9350000e+003  1.4300000e+002 -1.1400000e-001  1.0000000e-003
  3.9550000e+003  1.4440000e+002 -1.1700000e-001  1.0000000e-003
  3.9750000e+003  1.4560000e+002 -1.1900000e-001  1.0000000e-003
  3.9950000e+003  1.4680000e+002 -1.2200000e-001  1.0000000e-003
  4.0150000e+003  1.4790000e+002 -1.2400000e-001  1.0000000e-003
  4.0350000e+003  1.4910000e+002 -1.2700000e-001  1.0000000e-003
  4.0550000e+003  1.5050000e+002 -1.3000000e-001  1.0000000e-003
  4.0750000e+003  1.5140000e+002 -1.3200000e-001  1.0000000e-003
  4.0950000e+003  1.5260000e+002 -1.3500000e-001  1.0000000e-003
  4.1150000e+003  1.5380000e+002 -1.3700000e-001  1.0000000e-003
  4.1350000e+003  1.5470000e+002 -1.4000000e-001  1.0000000e-003
  4.1550000e+003  1.5610000e+002 -1.4200000e-001  1.0000000e-003
  4.1750000e+003  1.5730000e+002 -1.4300000e-001  1.0000000e-003
  4.1950000e+003  1.5840000e+002 -1.4500000e-001  1.0000000e-003
  4.2150000e+003  1.5930000e+002 -1.4600000e-001  1.0000000e-003
  4.2350000e+003  1.6080000e+002 -1.4800000e-001  1.0000000e-003
  4.2550000e+003  1.6190000e+002 -1.4900000e-001  1.0000000e-003
  4.2750000e+003  1.6280000e+002 -1.5100000e-001  1.0000000e-003
  4.2950000e+003  1.6400000e+002 -1.5200000e-001  1.0000000e-003
  4.3150000e+003  1.6520000e+002 -1.5300000e-001  1.0000000e-003
  4.3350000e+003  1.6590000e+002 -1.5500000e-001  1.0000000e-003
  4.3550000e+003  1.6710000e+002 -1.5600000e-001  1.0000000e-003
  4.3750000e+003  1.6820000e+002 -1.5700000e-001  1.0000000e-003
  4.3950000e+003  1.6920000e+002 -1.5900000e-001  1.0000000e-003
  4.4150000e+003  1.7030000e+002 -1.6000000e-001  1.0000000e-003
  4.4350000e+003  1.7170000e+002 -1.6100000e-001  1.0000000e-003
  4.4560000e+003  1.7240000e+002 -1.6200000e-001  1.0000000e-003
  4.4760000e+003  1.7380000e+002 -1.6300000e-001  1.0000000e-003
  4.4960000e+003  1.7480000e+002 -1.6400000e-001  1.0000000e-003
  4.5160000e+003  1.7590000e+002 -1.6600000e-001  1.0000000e-003
  4.5360000e+003  1.7730000e+002 -1.6700000e-001  1.0000000e-003
  4.5560000e+003  1.7800000e+002 -1.6900000e-001  1.0000000e-003
  4.5760000e+003  1.7970000e+002 -1.7100000e-001  1.0000000e-003
  4.5960000e+003  1.8080000e+002 -1.7200000e-001  1.0000000e-003
  4.6160000e+003  1.8180000e+002 -1.7300000e-001  1.0000000e-003
  4.6360000e+003  1.8290000e+002 -1.7500000e-001  1.0000000e-003
  4.6560000e+003  1.8430000e+002 -1.7700000e-001  1.0000000e-003
  4.6760000e+003  1.8570000e+002 -1.7900000e-001  1.0000000e-003
  4.6960000e+003  1.8640000e+002 -1.8100000e-001  1.0000000e-003
  4.7160000e+003  1.8760000e+002 -1.8200000e-001  1.0000000e-003
  4.7360000e+003  1.8880000e+002 -1.8400000e-001  1.0000000e-003
  4.7560000e+003  1.9010000e+002 -1.8500000e-001  1.0000000e-003
  4.7760000e+003  1.9110000e+002 -1.8700000e-001  1.0000000e-003
  4.7960000e+003  1.9230000e+002 -1.8900000e-001  1.0000000e-003
  4.8160000e+003  1.9360000e+002 -1.9100000e-001  1.0000000e-003
  4.8360000e+003  1.9460000e+002 -1.9200000e-001  1.0000000e-003
  4.8560000e+003  1.9560000e+002 -1.9400000e-001  1.0000000e-003
  4.8760000e+003  1.9650000e+002 -1.9600000e-001  1.0000000e-003
  4.8960000e+003  1.9790000e+002 -1.9800000e-001  1.0000000e-003
  4.9160000e+003  1.9900000e+002 -2.0000000e-001  1.0000000e-003
  4.9360000e+003  2.0000000e+002 -2.0100000e-001  1.0000000e-003
  4.9560000e+003  2.0110000e+002 -2.0300000e-001  1.0000000e-003
  4.9760000e+003  2.0250000e+002 -2.0500000e-001  1.0000000e-003
  4.9960000e+003  2.0350000e+002 -2.0700000e-001  1.0000000e-003
  5.0160000e+003  2.0480000e+002 -2.0900000e-001  1.0000000e-003
  5.0360000e+003  2.0580000e+002 -2.1100000e-001  1.0000000e-003
  5.0560000e+003  2.0720000e+002 -2.1300000e-001  1.0000000e-003
  5.0760000e+003  2.0810000e+002 -2.1500000e-001  1.0000000e-003
  5.0960000e+003  2.0910000e+002 -2.1800000e-001  1.0000000e-003
  5.1160000e+003  2.1040000e+002 -2.2000000e-001  1.0000000e-003
  5.1360000e+003  2.1160000e+002 -2.2200000e-001  1.0000000e-003
  5.1560000e+003  2.1260000e+002 -2.2400000e-001  1.0000000e-003
  5.1760000e+003  2.1390000e+002 -2.2600000e-001  1.0000000e-003
  5.1960000e+003  2.1510000e+002 -2.2900000e-001  1.0000000e-003
  5.2160000e+003  2.1610000e+002 -2.3100000e-001  1.0000000e-003
  5.2360000e+003  2.1740000e+002 -2.3300000e-001  1.0000000e-003
  5.2560000e+003  2.1840000e+002 -2.3500000e-001  1.0000000e-003
  5.2760000e+003  2.1960000e+002 -2.3800000e-001  1.0000000e-003
  5.2960000e+003  2.2090000e+002 -2.4000000e-001  1.0000000e-003
  5.3160000e+003  2.2190000e+002 -2.4200000e-001  1.0000000e-003
  5.3370000e+003  2.2290000e+002 -2.4400000e-001  1.0000000e-003
  5.3570000e+003  2.2400000e+002 -2.4700000e-001  1.0000000e-003
  5.3770000e+003  2.2510000e+002 -2.5000000e-001  1.0000000e-003
  5.3970000e+003  2.2610000e+002 -2.5200000e-001  1.0000000e-003
  5.4170000e+003  2.2710000e+002 -2.5400000e-001  1.0000000e-003
  5.4370000e+003  2.2840000e+002 -2.5700000e-001  1.0000000e-003
  5.4570000e+003  2.2960000e+002 -2.6000000e-001  1.0000000e-003
  5.4770000e+003  2.3080000e+002 -2.6300000e-001  1.0000000e-003
  5.4970000e+003  2.3210000e+002 -2.6500000e-001  1.0000000e-003
  5.5170000e+003  2.3310000e+002 -2.6800000e-001  1.0000000e-003
  5.5370000e+003  2.3430000e+002 -2.7000000e-001  1.0000000e-003
  5.5570000e+003  2.3560000e+002 -2.7300000e-001  1.0000000e-003
  5.5770000e+003  2.3660000e+002 -2.7500000e-001  1.0000000e-003
  5.5970000e+003  2.3780000e+002 -2.7800000e-001  1.0000000e-003
  5.6170000e+003  2.3910000e+002 -2.8000000e-001  1.0000000e-003
  5.6370000e+003  2.4030000e+002 -2.8200000e-001  1.0000000e-003
  5.6570000e+003  2.4150000e+002 -2.8400000e-001  1.0000000e-003
  5.6770000e+003  2.4270000e+002 -2.8700000e-001  1.0000000e-003
  5.6970000e+003  2.4390000e+002 -2.9000000e-001  1.0000000e-003
  5.7170000e+003  2.4520000e+002 -2.9200000e-001  1.0000000e-003
  5.7370000e+003  2.4640000e+002 -2.9500000e-001  1.0000000e-003
  5.7570000e+003  2.4750000e+002 -2.9800000e-001  1.0000000e-003
  5.7770000e+003  2.4850000e+002 -3.0100000e-001  1.0000000e-003
  5.7970000e+003  2.4940000e+002 -3.0300000e-001  1.0000000e-003
  5.8170000e+003  2.5080000e+002 -3.0500000e-001  1.0000000e-003
  5.8370000e+003  2.5180000e+002 -3.0800000e-001  1.0000000e-003
  5.8570000e+003  2.5310000e+002 -3.1100000e-001  1.0000000e-003
  5.8770000e+003  2.5430000e+002 -3.1300000e-001  1.0000000e-003
  5.8970000e+003  2.5550000e+002 -3.1500000e-001  1.0000000e-003
  5.9170000e+003  2.5650000e+002 -3.1800000e-001  1.0000000e-003
  5.9370000e+003  2.5760000e+002 -3.2000000e-001  1.0000000e-003
  5.9570000e+003  2.5900000e+002 -3.2200000e-001  1.0000000e-003
  5.9780000e+003  2.6020000e+002 -3.2500000e-001  1.0000000e-003
  6.0180000e+003  2.6290000e+002 -3.3000000e-001  1.0000000e-003
  6.0480000e+003  2.6480000e+002 -3.3400000e-001  1.0000000e-003
  6.0680000e+003  2.6570000e+002 -3.3700000e-001  1.0000000e-003
  6.0880000e+003  2.6690000e+002 -3.4000000e-001  1.0000000e-003
  6.1080000e+003  2.6810000e+002 -3.4300000e-001  1.0000000e-003
  6.1280000e+003  2.6910000e+002 -3.4500000e-001  1.0000000e-003
  6.1480000e+003  2.7050000e+002 -3.4800000e-001  1.0000000e-003
  6.1680000e+003  2.7140000e+002 -3.5100000e-001  1.0000000e-003
  6.1880000e+003  2.7260000e+002 -3.5300000e-001  1.0000000e-003
  6.2080000e+003  2.7390000e+002 -3.5500000e-001  1.0000000e-003
  6.2280000e+003  2.7440000e+002 -3.5700000e-001  1.0000000e-003
  6.2480000e+003  2.7540000e+002 -3.5900000e-001  1.0000000e-003
  6.2680000e+003  2.7610000e+002 -3.6100000e-001  1.0000000e-003
  6.2880000e+003  2.7720000e+002 -3.6300000e-001  1.0000000e-003
  6.3080000e+003  2.7810000e+002 -3.6500000e-001  1.0000000e-003
  6.3280000e+003  2.7880000e+002 -3.6800000e-001  1.0000000e-003
  6.3480000e+003  2.7950000e+002 -3.7000000e-001  1.0000000e-003
  6.3680000e+003  2.8040000e+002 -3.7200000e-001  1.0000000e-003
  6.3880000e+003  2.8160000e+002 -3.7400000e-001  1.0000000e-003
  6.4080000e+003  2.8230000e+002 -3.7600000e-001  1.0000000e-003
  6.4280000e+003  2.8280000e+002 -3.7900000e-001  1.0000000e-003
  6.4480000e+003  2.8380000e+002 -3.8100000e-001  1.0000000e-003
  6.4680000e+003  2.8440000e+002 -3.8300000e-001  1.0000000e-003
  6.4880000e+003  2.8520000e+002 -3.8500000e-001  1.0000000e-003
  6.5080000e+003  2.8580000e+002 -3.8600000e-001  1.0000000e-003
  6.5280000e+003  2.8660000e+002 -3.8800000e-001  1.0000000e-003
  6.5480000e+003  2.8750000e+002 -3.9000000e-001  1.0000000e-003
  6.5680000e+003  2.8790000e+002 -3.9200000e-001  1.0000000e-003
  6.5880000e+003  2.8860000e+002 -3.9400000e-001  1.0000000e-003
  6.6340000e+003  2.8980000e+002 -3.9700000e-001  1.0000000e-003
  6.6580000e+003  2.9100000e+002 -3.9900000e-001  1.0000000e-003
  6.6790000e+003  2.9170000e+002 -4.0100000e-001  1.0000000e-003
  6.6990000e+003  2.9300000e+002 -4.0300000e-001  1.0000000e-003
  6.7190000e+003  2.9400000e+002 -4.0600000e-001  1.0000000e-003
  6.7390000e+003  2.9520000e+002 -4.0900000e-001  1.0000000e-003
  6.7590000e+003  2.9650000e+002 -4.1300000e-001  1.0000000e-003
  6.7790000e+003  2.9730000e+002 -4.1600000e-001  1.0000000e-003
  6.7990000e+003  2.9890000e+002 -4.2100000e-001  1.0000000e-003
  6.8190000e+003  3.0010000e+002 -4.2400000e-001  1.0000000e-003
  6.8390000e+003  3.0150000e+002 -4.2800000e-001  1.0000000e-003
  6.8590000e+003  3.0290000e+002 -4.3300000e-001  1.0000000e-003
  6.8790000e+003  3.0430000e+002 -4.3800000e-001  1.0000000e-003
  6.8990000e+003  3.0570000e+002 -4.4200000e-001  1.0000000e-003
  6.9190000e+003  3.0730000e+002 -4.4700000e-001  1.0000000e-003
  6.9390000e+003  3.0920000e+002 -4.5300000e-001  1.0000000e-003
  6.9590000e+003  3.1130000e+002 -4.5900000e-001  1.0000000e-003
  6.9790000e+003  3.1340000e+002 -4.6500000e-001  1.0000000e-003
  6.9990000e+003  3.1540000e+002 -4.7200000e-001  1.0000000e-003
  7.0190000e+003  3.1730000e+002 -4.7800000e-001  1.0000000e-003
  7.0390000e+003  3.1960000e+002 -4.8400000e-001  1.0000000e-003
  7.0590000e+003  3.2180000e+002 -4.9200000e-001  1.0000000e-003
  7.0790000e+003  3.2390000e+002 -4.9900000e-001  1.0000000e-003
  7.0990000e+003  3.2640000e+002 -5.0700000e-001  1.0000000e-003
  7.1190000e+003  3.2860000e+002 -5.1400000e-001  1.0000000e-003
  7.1390000e+003  3.3110000e+002 -5.2200000e-001  1.0000000e-003
  7.1590000e+003  3.3390000e+002 -5.3000000e-001  1.0000000e-003
  7.1790000e+003  3.3630000e+002 -5.3900000e-001  1.0000000e-003
  7.1990000e+003  3.3900000e+002 -5.4800000e-001  1.0000000e-003
  7.2190000e+003  3.4160000e+002 -5.5700000e-001  1.0000000e-003
  7.2390000e+003  3.4480000e+002 -5.6500000e-001  1.0000000e-003
  7.2590000e+003  3.4770000e+002 -5.7500000e-001  1.0000000e-003
  7.2790000e+003  3.5040000e+002 -5.8500000e-001  1.0000000e-003
  7.3000000e+003  3.5330000e+002 -5.9500000e-001  1.0000000e-003
  7.3200000e+003  3.5610000e+002 -6.0400000e-001  1.0000000e-003
  7.3400000e+003  3.5910000e+002 -6.1500000e-001  1.0000000e-003
  7.3600000e+003  3.6210000e+002 -6.2600000e-001  1.0000000e-003
  7.3800000e+003  3.6540000e+002 -6.3600000e-001  1.0000000e-003
  7.4000000e+003  3.6850000e+002 -6.4700000e-001  1.0000000e-003
  7.4200000e+003  3.7170000e+002 -6.5900000e-001  1.0000000e-003
  7.4400000e+003  3.7490000e+002 -6.7100000e-001  1.0000000e-003
  7.4600000e+003  3.7820000e+002 -6.8200000e-001  1.0000000e-003
  7.4800000e+003  3.8150000e+002 -6.9400000e-001  1.0000000e-003
  7.5000000e+003  3.8480000e+002 -7.0700000e-001  1.0000000e-003
  7.5200000e+003  3.8810000e+002 -7.2000000e-001  1.0000000e-003
  7.5400000e+003  3.9160000e+002 -7.3300000e-001  1.0000000e-003
  7.5600000e+003  3.9510000e+002 -7.4700000e-001  1.0000000e-003
  7.5800000e+003  3.9870000e+002 -7.6100000e-001  1.0000000e-003
  7.6000000e+003  4.0210000e+002 -7.7500000e-001  1.0000000e-003
  7.6200000e+003  4.0560000e+002 -7.8900000e-001  1.0000000e-003
  7.6400000e+003  4.0930000e+002 -8.0300000e-001  1.0000000e-003
  7.6600000e+003  4.1300000e+002 -8.1900000e-001  1.0000000e-003
  7.6800000e+003  4.1670000e+002 -8.3400000e-001  1.0000000e-003
  7.7000000e+003  4.2050000e+002 -8.4900000e-001  1.0000000e-003
  7.7200000e+003  4.2420000e+002 -8.6500000e-001  1.0000000e-003
  7.7400000e+003  4.2790000e+002 -8.8100000e-001  1.0000000e-003
  7.7600000e+003  4.3160000e+002 -8.9700000e-001  1.0000000e-003
  7.7800000e+003  4.3540000e+002 -9.1400000e-001  1.0000000e-003
  7.8000000e+003  4.3940000e+002 -9.3000000e-001  1.0000000e-003
  7.8200000e+003  4.4310000e+002 -9.4700000e-001  1.0000000e-003
  7.8400000e+003  4.4710000e+002 -9.6400000e-001  1.0000000e-003
  7.8600000e+003  4.5080000e+002 -9.8300000e-001  1.0000000e-003
  7.8800000e+003  4.5430000e+002 -1.0000000e+000  1.0000000e-003
  7.9010000e+003  4.5810000e+002 -1.0180000e+000  1.0000000e-003
  7.9250000e+003  4.6300000e+002 -1.0400000e+000  1.0000000e-003
  7.9450000e+003  4.6690000e+002 -1.0590000e+000  1.0000000e-003
  7.9660000e+003  4.7060000e+002 -1.0770000e+000  1.0000000e-003
  7.9860000e+003  4.7430000e+002 -1.0940000e+000  1.0000000e-003
  8.0060000e+003  4.7850000e+002 -1.1130000e+000  1.0000000e-003
  8.0260000e+003  4.8230000e+002 -1.1320000e+000  1.0000000e-003
  8.0460000e+003  4.8610000e+002 -1.1500000e+000  1.0000000e-003
  8.0660000e+003  4.9020000e+002 -1.1770000e+000  1.0000000e-003
  8.0860000e+003  4.9400000e+002 -1.1960000e+000  1.0000000e-003
  8.1060000e+003  4.9800000e+002 -1.2140000e+000  1.0000000e-003
  8.1260000e+003  5.0170000e+002 -1.2320000e+000  1.0000000e-003
  8.1460000e+003  5.0560000e+002 -1.2500000e+000  1.0000000e-003
  8.1660000e+003  5.0960000e+002 -1.2690000e+000  1.0000000e-003
  8.1860000e+003  5.1360000e+002 -1.2870000e+000  1.0000000e-003
  8.2060000e+003  5.1770000e+002 -1.3060000e+000  1.0000000e-003
  8.2260000e+003  5.2150000e+002 -1.3240000e+000  1.0000000e-003
  8.2460000e+003  5.2570000e+002 -1.3430000e+000  1.0000000e-003
  8.2660000e+003  5.2940000e+002 -1.3600000e+000  1.0000000e-003
  8.2860000e+003  5.3340000e+002 -1.3770000e+000  1.0000000e-003
  8.3060000e+003  5.3760000e+002 -1.3940000e+000  1.0000000e-003
  8.3260000e+003  5.4180000e+002 -1.4110000e+000  1.0000000e-003
  8.3460000e+003  5.4570000e+002 -1.4290000e+000  1.0000000e-003
  8.3660000e+003  5.4910000e+002 -1.4450000e+000  1.0000000e-003
  8.3860000e+003  5.5320000e+002 -1.4630000e+000  1.0000000e-003
  8.4060000e+003  5.5740000e+002 -1.4780000e+000  1.0000000e-003
  8.4260000e+003  5.6120000e+002 -1.4940000e+000  1.0000000e-003
  8.4460000e+003  5.6530000e+002 -1.5110000e+000  1.0000000e-003
  8.4660000e+003  5.6910000e+002 -1.5260000e+000  1.0000000e-003
  8.4860000e+003  5.7280000e+002 -1.5430000e+000  1.0000000e-003
  8.5060000e+003  5.7660000e+002 -1.5580000e+000  1.0000000e-003
  8.5260000e+003  5.8050000e+002 -1.5740000e+000  1.0000000e-003
  8.5460000e+003  5.8470000e+002 -1.5900000e+000  1.0000000e-003
  8.5660000e+003  5.8800000e+002 -1.6040000e+000  1.0000000e-003
  8.5860000e+003  5.9220000e+002 -1.6210000e+000  1.0000000e-003
  8.6060000e+003  5.9590000e+002 -1.6360000e+000  1.0000000e-003
  8.6260000e+003  5.9970000e+002 -1.6510000e+000  1.0000000e-003
  8.6460000e+003  6.0380000e+002 -1.6670000e+000  1.0000000e-003
  8.6660000e+003  6.0760000e+002 -1.6820000e+000  1.0000000e-003
  8.6860000e+003  6.1130000e+002 -1.6980000e+000  1.0000000e-003
  8.7060000e+003  6.1530000e+002 -1.7130000e+000  1.0000000e-003
  8.7260000e+003  6.1920000e+002 -1.7280000e+000  1.0000000e-003
  8.7460000e+003  6.2300000e+002 -1.7440000e+000  1.0000000e-003
  8.7660000e+003  6.2700000e+002 -1.7590000e+000  1.0000000e-003
  8.7860000e+003  6.3090000e+002 -1.7740000e+000  1.0000000e-003
  8.8060000e+003  6.3490000e+002 -1.7900000e+000  1.0000000e-003
  8.8260000e+003  6.3890000e+002 -1.8050000e+000  1.0000000e-003
  8.8460000e+003  6.4240000e+002 -1.8220000e+000  1.0000000e-003
  8.8660000e+003  6.4630000e+002 -1.8370000e+000  1.0000000e-003
  8.8860000e+003  6.5010000e+002 -1.8530000e+000  1.0000000e-003
  8.9060000e+003  6.5420000e+002 -1.8690000e+000  1.0000000e-003
  8.9260000e+003  6.5820000e+002 -1.8840000e+000  1.0000000e-003
  8.9460000e+003  6.6180000e+002 -1.9010000e+000  1.0000000e-003
  8.9670000e+003  6.6530000e+002 -1.9170000e+000  1.0000000e-003
  8.9870000e+003  6.6900000e+002 -1.9320000e+000  1.0000000e-003
  9.0070000e+003  6.7270000e+002 -1.9480000e+000  1.0000000e-003
  9.0270000e+003  6.7640000e+002 -1.9640000e+000  1.0000000e-003
  9.0470000e+003  6.8020000e+002 -1.9810000e+000  1.0000000e-003
  9.0670000e+003  6.8390000e+002 -1.9960000e+000  1.0000000e-003
  9.0870000e+003  6.8760000e+002 -2.0120000e+000  1.0000000e-003
  9.1070000e+003  6.9130000e+002 -2.0280000e+000  1.0000000e-003
  9.1270000e+003  6.9490000e+002 -2.0440000e+000  1.0000000e-003
  9.1470000e+003  6.9880000e+002 -2.0610000e+000  1.0000000e-003
  9.1670000e+003  7.0250000e+002 -2.0770000e+000  1.0000000e-003
  9.1870000e+003  7.0650000e+002 -2.0920000e+000  1.0000000e-003
  9.2070000e+003  7.1000000e+002 -2.1080000e+000  1.0000000e-003
  9.2270000e+003  7.1360000e+002 -2.1230000e+000  1.0000000e-003
  9.2470000e+003  7.1710000e+002 -2.1400000e+000  1.0000000e-003
  9.2670000e+003  7.2100000e+002 -2.1550000e+000  1.0000000e-003
  9.2870000e+003  7.2470000e+002 -2.1710000e+000  1.0000000e-003
  9.3070000e+003  7.2830000e+002 -2.1870000e+000  1.0000000e-003
  9.3270000e+003  7.3220000e+002 -2.2020000e+000  1.0000000e-003
  9.3470000e+003  7.3570000e+002 -2.2180000e+000  1.0000000e-003
  9.3670000e+003  7.3940000e+002 -2.2340000e+000  1.0000000e-003
  9.3870000e+003  7.4320000e+002 -2.2500000e+000  1.0000000e-003
  9.4070000e+003  7.4690000e+002 -2.2660000e+000  1.0000000e-003
  9.4270000e+003  7.5060000e+002 -2.2820000e+000  1.0000000e-003
  9.4470000e+003  7.5440000e+002 -2.2980000e+000  1.0000000e-003
  9.4670000e+003  7.5790000e+002 -2.3140000e+000  1.0000000e-003
  9.4870000e+003  7.6160000e+002 -2.3290000e+000  1.0000000e-003
  9.5070000e+003  7.6550000e+002 -2.3450000e+000  1.0000000e-003
  9.5270000e+003  7.6890000e+002 -2.3600000e+000  1.0000000e-003
  9.5470000e+003  7.7260000e+002 -2.3750000e+000  1.0000000e-003
  9.5670000e+003  7.7610000e+002 -2.3910000e+000  1.0000000e-003
  9.5870000e+003  7.7980000e+002 -2.4050000e+000  1.0000000e-003
  9.6070000e+003  7.8310000e+002 -2.4220000e+000  1.0000000e-003
  9.6270000e+003  7.8660000e+002 -2.4370000e+000  1.0000000e-003
  9.6470000e+003  7.9010000e+002 -2.4520000e+000  1.0000000e-003
  9.6670000e+003  7.9380000e+002 -2.4680000e+000  1.0000000e-003
  9.6880000e+003  7.9750000e+002 -2.4830000e+000  1.0000000e-003
  9.7080000e+003  8.0100000e+002 -2.5000000e+000  1.0000000e-003
  9.7280000e+003  8.0470000e+002 -2.5150000e+000  1.0000000e-003
  9.7480000e+003  8.0780000e+002 -2.5310000e+000  1.0000000e-003
  9.7680000e+003  8.1150000e+002 -2.5470000e+000  1.0000000e-003
  9.7880000e+003  8.1520000e+002 -2.5630000e+000  1.0000000e-003
  9.8080000e+003  8.1880000e+002 -2.5790000e+000  1.0000000e-003
  9.8280000e+003  8.2250000e+002 -2.5950000e+000  1.0000000e-003
  9.8480000e+003  8.2580000e+002 -2.6110000e+000  1.0000000e-003
  9.8680000e+003  8.2920000e+002 -2.6270000e+000  1.0000000e-003
  9.8880000e+003  8.3270000e+002 -2.6430000e+000  1.0000000e-003
  9.9080000e+003  8.3630000e+002 -2.6600000e+000  1.0000000e-003
  9.9280000e+003  8.4000000e+002 -2.6770000e+000  1.0000000e-003
  9.9480000e+003  8.4390000e+002 -2.6930000e+000  1.0000000e-003
  9.9680000e+003  8.4720000e+002 -2.7100000e+000  1.0000000e-003
  9.9880000e+003  8.5050000e+002 -2.7260000e+000  1.0000000e-003
  1.0008000e+004  8.5400000e+002 -2.7440000e+000  1.0000000e-003
  1.0028000e+004  8.5770000e+002 -2.7600000e+000  1.0000000e-003
  1.0048000e+004  8.6140000e+002 -2.7770000e+000  1.0000000e-003
  1.0068000e+004  8.6480000e+002 -2.7940000e+000  1.0000000e-003
  1.0088000e+004  8.6870000e+002 -2.8100000e+000  1.0000000e-003
  1.0108000e+004  8.7200000e+002 -2.8270000e+000  1.0000000e-003
  1.0128000e+004  8.7550000e+002 -2.8430000e+000  1.0000000e-003
  1.0148000e+004  8.7940000e+002 -2.8600000e+000  1.0000000e-003
  1.0168000e+004  8.8250000e+002 -2.8760000e+000  1.0000000e-003
  1.0188000e+004  8.8620000e+002 -2.8920000e+000  1.0000000e-003
  1.0208000e+004  8.8950000e+002 -2.9070000e+000  1.0000000e-003
  1.0228000e+004  8.9300000e+002 -2.9220000e+000  1.0000000e-003
  1.0248000e+004  8.9650000e+002 -2.9380000e+000  1.0000000e-003
  1.0269000e+004  8.9970000e+002 -2.9530000e+000  1.0000000e-003
  1.0289000e+004  9.0300000e+002 -2.9670000e+000  1.0000000e-003
  1.0309000e+004  9.0650000e+002 -2.9820000e+000  1.0000000e-003
  1.0329000e+004  9.1020000e+002 -2.9950000e+000  1.0000000e-003
  1.0349000e+004  9.1380000e+002 -3.0090000e+000  1.0000000e-003
  1.0369000e+004  9.1750000e+002 -3.0230000e+000  1.0000000e-003
  1.0389000e+004  9.2070000e+002 -3.0360000e+000  1.0000000e-003
  1.0409000e+004  9.2400000e+002 -3.0490000e+000  1.0000000e-003
  1.0429000e+004  9.2750000e+002 -3.0620000e+000  1.0000000e-003
  1.0449000e+004  9.3120000e+002 -3.0740000e+000  1.0000000e-003
  1.0469000e+004  9.3470000e+002 -3.0850000e+000  1.0000000e-003
  1.0489000e+004  9.3820000e+002 -3.0960000e+000  1.0000000e-003
  1.0509000e+004  9.4150000e+002 -3.1080000e+000  1.0000000e-003
  1.0529000e+004  9.4480000e+002 -3.1190000e+000  1.0000000e-003
  1.0549000e+004  9.4830000e+002 -3.1290000e+000  1.0000000e-003
  1.0569000e+004  9.5200000e+002 -3.1400000e+000  1.0000000e-003
  1.0589000e+004  9.5550000e+002 -3.1490000e+000  1.0000000e-003
  1.0609000e+004  9.5900000e+002 -3.1590000e+000  1.0000000e-003
  1.0629000e+004  9.6250000e+002 -3.1680000e+000  1.0000000e-003
  1.0649000e+004  9.6570000e+002 -3.1770000e+000  1.0000000e-003
  1.0669000e+004  9.6930000e+002 -3.1860000e+000  1.0000000e-003
  1.0689000e+004  9.7300000e+002 -3.1950000e+000  1.0000000e-003
  1.0709000e+004  9.7650000e+002 -3.2020000e+000  1.0000000e-003
  1.0729000e+004  9.8000000e+002 -3.2110000e+000  1.0000000e-003
  1.0749000e+004  9.8390000e+002 -3.2180000e+000  1.0000000e-003
  1.0769000e+004  9.8730000e+002 -3.2260000e+000  1.0000000e-003
  1.0789000e+004  9.9070000e+002 -3.2330000e+000  1.0000000e-003
  1.0809000e+004  9.9420000e+002 -3.2400000e+000  1.0000000e-003
  1.0829000e+004  9.9750000e+002 -3.2460000e+000  1.0000000e-003
  1.0849000e+004  1.0010000e+003 -3.2530000e+000  1.0000000e-003
  1.0870000e+004  1.0048000e+003 -3.2600000e+000  1.0000000e-003
  1.0890000e+004  1.0082000e+003 -3.2650000e+000  1.0000000e-003
  1.0910000e+004  1.0113000e+003 -3.2720000e+000  1.0000000e-003
  1.0930000e+004  1.0148000e+003 -3.2770000e+000  1.0000000e-003
  1.0950000e+004  1.0181000e+003 -3.2820000e+000  1.0000000e-003
  1.0970000e+004  1.0218000e+003 -3.2880000e+000  1.0000000e-003
  1.0990000e+004  1.0253000e+003 -3.2930000e+000  1.0000000e-003
  1.1010000e+004  1.0288000e+003 -3.2980000e+000  1.0000000e-003
  1.1030000e+004  1.0325000e+003 -3.3030000e+000  1.0000000e-003
  1.1050000e+004  1.0356000e+003 -3.3080000e+000  1.0000000e-003
  1.1070000e+004  1.0392000e+003 -3.3130000e+000  1.0000000e-003
  1.1090000e+004  1.0427000e+003 -3.3160000e+000  1.0000000e-003
  1.1110000e+004  1.0462000e+003 -3.3210000e+000  1.0000000e-003
  1.1130000e+004  1.0497000e+003 -3.3240000e+000  1.0000000e-003
  1.1150000e+004  1.0532000e+003 -3.3290000e+000  1.0000000e-003
  1.1170000e+004  1.0565000e+003 -3.3320000e+000  1.0000000e-003
  1.1190000e+004  1.0598000e+003 -3.3360000e+000  1.0000000e-003
  1.1210000e+004  1.0633000e+003 -3.3400000e+000  1.0000000e-003
  1.1230000e+004  1.0672000e+003 -3.3430000e+000  1.0000000e-003
  1.1250000e+004  1.0705000e+003 -3.3460000e+000  1.0000000e-003
  1.1270000e+004  1.0738000e+003 -3.3490000e+000  1.0000000e-003
  1.1290000e+004  1.0775000e+003 -3.3530000e+000  1.0000000e-003
  1.1310000e+004  1.0812000e+003 -3.3550000e+000  1.0000000e-003
  1.1330000e+004  1.0846000e+003 -3.3580000e+000  1.0000000e-003
  1.1350000e+004  1.0880000e+003 -3.3610000e+000  1.0000000e-003
  1.1370000e+004  1.0918000e+003 -3.3630000e+000  1.0000000e-003
  1.1390000e+004  1.0953000e+003 -3.3660000e+000  1.0000000e-003
  1.1410000e+004  1.0990000e+003 -3.3680000e+000  1.0000000e-003
  1.1430000e+004  1.1022000e+003 -3.3710000e+000  1.0000000e-003
  1.1450000e+004  1.1058000e+003 -3.3730000e+000  1.0000000e-003
  1.1470000e+004  1.1095000e+003 -3.3750000e+000  1.0000000e-003
  1.1491000e+004  1.1130000e+003 -3.3770000e+000  1.0000000e-003
  1.1515000e+004  1.1179000e+003 -3.3800000e+000  1.0000000e-003
  1.1535000e+004  1.1212000e+003 -3.3820000e+000  1.0000000e-003
  1.1555000e+004  1.1244000e+003 -3.3840000e+000  1.0000000e-003
  1.1576000e+004  1.1280000e+003 -3.3860000e+000  1.0000000e-003
  1.1596000e+004  1.1316000e+003 -3.3870000e+000  1.0000000e-003
  1.1616000e+004  1.1350000e+003 -3.3890000e+000  1.0000000e-003
  1.1636000e+004  1.1385000e+003 -3.3910000e+000  1.0000000e-003
  1.1656000e+004  1.1419000e+003 -3.3930000e+000  1.0000000e-003
  1.1676000e+004  1.1454000e+003 -3.3940000e+000  1.0000000e-003
  1.1696000e+004  1.1489000e+003 -3.3960000e+000  1.0000000e-003
  1.1716000e+004  1.1526000e+003 -3.3970000e+000  1.0000000e-003
  1.1736000e+004  1.1560000e+003 -3.3980000e+000  1.0000000e-003
  1.1756000e+004  1.1596000e+003 -3.4000000e+000  1.0000000e-003
  1.1776000e+004  1.1632000e+003 -3.4010000e+000  1.0000000e-003
  1.1796000e+004  1.1666000e+003 -3.4020000e+000  1.0000000e-003
  1.1816000e+004  1.1699000e+003 -3.4030000e+000  1.0000000e-003
  1.1836000e+004  1.1736000e+003 -3.4040000e+000  1.0000000e-003
  1.1856000e+004  1.1772000e+003 -3.4050000e+000  1.0000000e-003
  1.1876000e+004  1.1807000e+003 -3.4060000e+000  1.0000000e-003
  1.1896000e+004  1.1842000e+003 -3.4080000e+000  1.0000000e-003
  1.1916000e+004  1.1877000e+003 -3.4090000e+000  1.0000000e-003
  1.1936000e+004  1.1910000e+003 -3.4100000e+000  1.0000000e-003
  1.1956000e+004  1.1949000e+003 -3.4110000e+000  1.0000000e-003
  1.1976000e+004  1.1986000e+003 -3.4120000e+000  1.0000000e-003
  1.1996000e+004  1.2023000e+003 -3.4120000e+000  1.0000000e-003
  1.2016000e+004  1.2058000e+003 -3.4130000e+000  1.0000000e-003
  1.2036000e+004  1.2094000e+003 -3.4140000e+000  1.0000000e-003
  1.2056000e+004  1.2126000e+003 -3.4150000e+000  1.0000000e-003
  1.2076000e+004  1.2163000e+003 -3.4150000e+000  1.0000000e-003
  1.2096000e+004  1.2196000e+003 -3.4160000e+000  1.0000000e-003
  1.2116000e+004  1.2231000e+003 -3.4170000e+000  1.0000000e-003
  1.2136000e+004  1.2269000e+003 -3.4180000e+000  1.0000000e-003
  1.2156000e+004  1.2304000e+003 -3.4190000e+000  1.0000000e-003
  1.2176000e+004  1.2339000e+003 -3.4200000e+000  1.0000000e-003
  1.2196000e+004  1.2374000e+003 -3.4210000e+000  1.0000000e-003
  1.2216000e+004  1.2409000e+003 -3.4210000e+000  1.0000000e-003
  1.2236000e+004  1.2446000e+003 -3.4220000e+000  1.0000000e-003
  1.2257000e+004  1.2481000e+003 -3.4220000e+000  1.0000000e-003
  1.2281000e+004  1.2525000e+003 -3.4230000e+000  1.0000000e-003
  1.2301000e+004  1.2560000e+003 -3.4240000e+000  1.0000000e-003
  1.2321000e+004  1.2597000e+003 -3.4240000e+000  1.0000000e-003
  1.2341000e+004  1.2632000e+003 -3.4240000e+000  1.0000000e-003
  1.2362000e+004  1.2666000e+003 -3.4250000e+000  1.0000000e-003
  1.2382000e+004  1.2705000e+003 -3.4250000e+000  1.0000000e-003
  1.2402000e+004  1.2738000e+003 -3.4260000e+000  1.0000000e-003
  1.2422000e+004  1.2773000e+003 -3.4260000e+000  1.0000000e-003
  1.2442000e+004  1.2807000e+003 -3.4270000e+000  1.0000000e-003
  1.2462000e+004  1.2843000e+003 -3.4270000e+000  1.0000000e-003
  1.2482000e+004  1.2878000e+003 -3.4270000e+000  1.0000000e-003
  1.2502000e+004  1.2915000e+003 -3.4280000e+000  1.0000000e-003
  1.2522000e+004  1.2948000e+003 -3.4280000e+000  1.0000000e-003
  1.2542000e+004  1.2988000e+003 -3.4290000e+000  1.0000000e-003
  1.2562000e+004  1.3020000e+003 -3.4290000e+000  1.0000000e-003
  1.2582000e+004  1.3055000e+003 -3.4290000e+000  1.0000000e-003
  1.2602000e+004  1.3088000e+003 -3.4300000e+000  1.0000000e-003
  1.2622000e+004  1.3125000e+003 -3.4300000e+000  1.0000000e-003
  1.2642000e+004  1.3160000e+003 -3.4300000e+000  1.0000000e-003
  1.2662000e+004  1.3195000e+003 -3.4310000e+000  1.0000000e-003
  1.2682000e+004  1.3233000e+003 -3.4310000e+000  1.0000000e-003
  1.2702000e+004  1.3265000e+003 -3.4310000e+000  1.0000000e-003
  1.2722000e+004  1.3300000e+003 -3.4310000e+000  1.0000000e-003
  1.2742000e+004  1.3337000e+003 -3.4310000e+000  1.0000000e-003
  1.2762000e+004  1.3366000e+003 -3.4320000e+000  1.0000000e-003
  1.2782000e+004  1.3389000e+003 -3.4320000e+000  1.0000000e-003
  1.2802000e+004  1.3410000e+003 -3.4330000e+000  1.0000000e-003
  1.2842000e+004  1.3321000e+003 -3.4350000e+000  1.0000000e-003
  1.2862000e+004  1.3408000e+003 -3.4330000e+000  1.0000000e-003
  1.2882000e+004  1.3431000e+003 -3.4330000e+000  1.0000000e-003
  1.2902000e+004  1.3433000e+003 -3.4330000e+000  1.0000000e-003
