  0.0000000e+000  1.8700000e+001  0.0000000e+000  1.0000000e-003
  2.0000000e+001  1.8700000e+001  0.0000000e+000  1.0000000e-003
  4.0000000e+001  1.8900000e+001  0.0000000e+000  1.0000000e-003
  6.0000000e+001  1.8700000e+001  0.0000000e+000  1.0000000e-003
  8.0000000e+001  1.8500000e+001  0.0000000e+000  1.0000000e-003
  1.0000000e+002  1.8700000e+001  0.0000000e+000  1.0000000e-003
  1.2000000e+002  1.8700000e+001  0.0000000e+000  1.0000000e-003
  1.4000000e+002  1.8400000e+001  0.0000000e+000  1.0000000e-003
  1.6000000e+002  1.8500000e+001  0.0000000e+000  1.0000000e-003
  1.8000000e+002  1.8900000e+001  0.0000000e+000  1.0000000e-003
  2.0000000e+002  1.8900000e+001  0.0000000e+000  1.0000000e-003
  2.2000000e+002  1.8700000e+001  0.0000000e+000  1.0000000e-003
  2.4000000e+002  1.8500000e+001  0.0000000e+000  1.0000000e-003
  2.6000000e+002  1.8900000e+001  0.0000000e+000  1.0000000e-003
  2.8000000e+002  1.9100000e+001  0.0000000e+000  1.0000000e-003
  3.0000000e+002  1.8900000e+001  0.0000000e+000  1.0000000e-003
  3.2100000e+002  1.8700000e+001  0.0000000e+000  1.0000000e-003
  3.4500000e+002  1.8700000e+001 -1.0000000e-003  1.0000000e-003
  3.6500000e+002  1.9100000e+001 -1.0000000e-003  1.0000000e-003
  3.8600000e+002  1.9100000e+001 -1.0000000e-003  1.0000000e-003
  4.1000000e+002  1.9100000e+001 -1.0000000e-003  1.0000000e-003
  4.3000000e+002  1.8900000e+001 -1.0000000e-003  1.0000000e-003
  4.5000000e+002  1.9100000e+001 -1.0000000e-003  1.0000000e-003
  4.7100000e+002  1.9100000e+001 -1.0000000e-003  1.0000000e-003
  4.9500000e+002  1.9100000e+001 -1.0000000e-003  1.0000000e-003
  5.1500000e+002  1.9300000e+001 -1.0000000e-003  1.0000000e-003
  5.3500000e+002  1.9800000e+001 -1.0000000e-003  1.0000000e-003
  5.5600000e+002  1.9800000e+001 -2.0000000e-003  1.0000000e-003
  5.7600000e+002  1.9800000e+001 -2.0000000e-003  1.0000000e-003
  5.9600000e+002  2.0300000e+001 -2.0000000e-003  1.0000000e-003
  6.1600000e+002  2.0500000e+001 -2.0000000e-003  1.0000000e-003
  6.3600000e+002  2.0500000e+001 -2.0000000e-003  1.0000000e-003
  6.5600000e+002  2.0600000e+001 -2.0000000e-003  1.0000000e-003
  6.7600000e+002  2.1200000e+001 -2.0000000e-003  1.0000000e-003
  6.9600000e+002  2.1200000e+001 -2.0000000e-003  1.0000000e-003
  7.1600000e+002  2.1200000e+001 -2.0000000e-003  1.0000000e-003
  7.3600000e+002  2.1700000e+001 -3.0000000e-003  1.0000000e-003
  7.5600000e+002  2.1700000e+001 -3.0000000e-003  1.0000000e-003
  7.7600000e+002  2.2200000e+001 -3.0000000e-003  1.0000000e-003
  7.9600000e+002  2.2400000e+001 -3.0000000e-003  1.0000000e-003
  8.1600000e+002  2.2900000e+001 -3.0000000e-003  1.0000000e-003
  8.3600000e+002  2.3100000e+001 -3.0000000e-003  1.0000000e-003
  8.5600000e+002  2.3600000e+001 -3.0000000e-003  1.0000000e-003
  8.7600000e+002  2.4000000e+001 -3.0000000e-003  1.0000000e-003
  8.9600000e+002  2.4300000e+001 -3.0000000e-003  1.0000000e-003
  9.1600000e+002  2.4500000e+001 -3.0000000e-003  1.0000000e-003
  9.3600000e+002  2.5200000e+001 -3.0000000e-003  1.0000000e-003
  9.5600000e+002  2.5700000e+001 -3.0000000e-003  1.0000000e-003
  9.7600000e+002  2.5900000e+001 -3.0000000e-003  1.0000000e-003
  9.9600000e+002  2.6100000e+001 -3.0000000e-003  1.0000000e-003
  1.0160000e+003  2.6800000e+001 -3.0000000e-003  1.0000000e-003
  1.0360000e+003  2.7300000e+001 -3.0000000e-003  1.0000000e-003
  1.0560000e+003  2.7700000e+001 -3.0000000e-003  1.0000000e-003
  1.0760000e+003  2.7800000e+001 -4.0000000e-003  1.0000000e-003
  1.0960000e+003  2.8000000e+001 -4.0000000e-003  1.0000000e-003
  1.1160000e+003  2.8700000e+001 -4.0000000e-003  1.0000000e-003
  1.1360000e+003  2.9200000e+001 -4.0000000e-003  1.0000000e-003
  1.1560000e+003  2.9400000e+001 -4.0000000e-003  1.0000000e-003
  1.1760000e+003  2.9800000e+001 -4.0000000e-003  1.0000000e-003
  1.1960000e+003  3.0500000e+001 -4.0000000e-003  1.0000000e-003
  1.2160000e+003  3.1000000e+001 -4.0000000e-003  1.0000000e-003
  1.2360000e+003  3.1300000e+001 -4.0000000e-003  1.0000000e-003
  1.2560000e+003  3.2000000e+001 -4.0000000e-003  1.0000000e-003
  1.2770000e+003  3.2400000e+001 -5.0000000e-003  1.0000000e-003
  1.2970000e+003  3.2900000e+001 -5.0000000e-003  1.0000000e-003
  1.3170000e+003  3.3400000e+001 -5.0000000e-003  1.0000000e-003
  1.3370000e+003  3.3600000e+001 -5.0000000e-003  1.0000000e-003
  1.3570000e+003  3.4300000e+001 -5.0000000e-003  1.0000000e-003
  1.3770000e+003  3.4800000e+001 -5.0000000e-003  1.0000000e-003
  1.3970000e+003  3.5500000e+001 -5.0000000e-003  1.0000000e-003
  1.4170000e+003  3.5700000e+001 -5.0000000e-003  1.0000000e-003
  1.4370000e+003  3.6600000e+001 -5.0000000e-003  1.0000000e-003
  1.4570000e+003  3.7100000e+001 -5.0000000e-003  1.0000000e-003
  1.4770000e+003  3.7600000e+001 -5.0000000e-003  1.0000000e-003
  1.4970000e+003  3.8000000e+001 -5.0000000e-003  1.0000000e-003
  1.5170000e+003  3.8700000e+001 -6.0000000e-003  1.0000000e-003
  1.5370000e+003  3.9000000e+001 -6.0000000e-003  1.0000000e-003
  1.5570000e+003  3.9600000e+001 -6.0000000e-003  1.0000000e-003
  1.5770000e+003  4.0300000e+001 -6.0000000e-003  1.0000000e-003
  1.5970000e+003  4.0800000e+001 -6.0000000e-003  1.0000000e-003
  1.6170000e+003  4.1300000e+001 -6.0000000e-003  1.0000000e-003
  1.6370000e+003  4.1800000e+001 -6.0000000e-003  1.0000000e-003
  1.6570000e+003  4.2200000e+001 -6.0000000e-003  1.0000000e-003
  1.6770000e+003  4.2900000e+001 -6.0000000e-003  1.0000000e-003
  1.6970000e+003  4.3600000e+001 -6.0000000e-003  1.0000000e-003
  1.7170000e+003  4.4100000e+001 -7.0000000e-003  1.0000000e-003
  1.7370000e+003  4.4800000e+001 -7.0000000e-003  1.0000000e-003
  1.7570000e+003  4.5500000e+001 -7.0000000e-003  1.0000000e-003
  1.7770000e+003  4.6200000e+001 -7.0000000e-003  1.0000000e-003
  1.7970000e+003  4.6700000e+001 -7.0000000e-003  1.0000000e-003
  1.8170000e+003  4.7600000e+001 -7.0000000e-003  1.0000000e-003
  1.8370000e+003  4.8100000e+001 -7.0000000e-003  1.0000000e-003
  1.8570000e+003  4.9000000e+001 -7.0000000e-003  1.0000000e-003
  1.8770000e+003  4.9500000e+001 -8.0000000e-003  1.0000000e-003
  1.8980000e+003  5.0400000e+001 -8.0000000e-003  1.0000000e-003
  1.9180000e+003  5.1100000e+001 -8.0000000e-003  1.0000000e-003
  1.9380000e+003  5.1800000e+001 -8.0000000e-003  1.0000000e-003
  1.9580000e+003  5.2500000e+001 -8.0000000e-003  1.0000000e-003
  1.9780000e+003  5.3500000e+001 -8.0000000e-003  1.0000000e-003
  1.9980000e+003  5.4100000e+001 -9.0000000e-003  1.0000000e-003
  2.0180000e+003  5.5000000e+001 -9.0000000e-003  1.0000000e-003
  2.0380000e+003  5.5700000e+001 -9.0000000e-003  1.0000000e-003
  2.0580000e+003  5.6200000e+001 -9.0000000e-003  1.0000000e-003
  2.0780000e+003  5.7000000e+001 -9.0000000e-003  1.0000000e-003
  2.0980000e+003  5.7900000e+001 -9.0000000e-003  1.0000000e-003
  2.1180000e+003  5.8800000e+001 -9.0000000e-003  1.0000000e-003
  2.1380000e+003  5.9700000e+001 -1.0000000e-002  1.0000000e-003
  2.1580000e+003  6.0200000e+001 -1.0000000e-002  1.0000000e-003
  2.1780000e+003  6.1100000e+001 -1.0000000e-002  1.0000000e-003
  2.1980000e+003  6.1600000e+001 -1.0000000e-002  1.0000000e-003
  2.2180000e+003  6.2500000e+001 -1.0000000e-002  1.0000000e-003
  2.2380000e+003  6.3300000e+001 -1.1000000e-002  1.0000000e-003
  2.2580000e+003  6.4200000e+001 -1.1000000e-002  1.0000000e-003
  2.2780000e+003  6.4800000e+001 -1.1000000e-002  1.0000000e-003
  2.2980000e+003  6.5400000e+001 -1.1000000e-002  1.0000000e-003
  2.3180000e+003  6.6300000e+001 -1.1000000e-002  1.0000000e-003
  2.3380000e+003  6.7000000e+001 -1.2000000e-002  1.0000000e-003
  2.3580000e+003  6.7700000e+001 -1.2000000e-002  1.0000000e-003
  2.3780000e+003  6.8600000e+001 -1.2000000e-002  1.0000000e-003
  2.3980000e+003  6.9500000e+001 -1.2000000e-002  1.0000000e-003
  2.4180000e+003  7.0200000e+001 -1.3000000e-002  1.0000000e-003
  2.4380000e+003  7.1000000e+001 -1.3000000e-002  1.0000000e-003
  2.4580000e+003  7.1600000e+001 -1.3000000e-002  1.0000000e-003
  2.4780000e+003  7.2500000e+001 -1.3000000e-002  1.0000000e-003
  2.4980000e+003  7.3200000e+001 -1.4000000e-002  1.0000000e-003
  2.5180000e+003  7.4200000e+001 -1.4000000e-002  1.0000000e-003
  2.5380000e+003  7.4700000e+001 -1.4000000e-002  1.0000000e-003
  2.5580000e+003  7.5400000e+001 -1.5000000e-002  1.0000000e-003
  2.5780000e+003  7.6100000e+001 -1.5000000e-002  1.0000000e-003
  2.5980000e+003  7.7000000e+001 -1.6000000e-002  1.0000000e-003
  2.6190000e+003  7.7700000e+001 -1.6000000e-002  1.0000000e-003
  2.6430000e+003  7.9100000e+001 -1.7000000e-002  1.0000000e-003
  2.6630000e+003  8.0000000e+001 -1.7000000e-002  1.0000000e-003
  2.6830000e+003  8.0800000e+001 -1.8000000e-002  1.0000000e-003
  2.7030000e+003  8.1500000e+001 -1.8000000e-002  1.0000000e-003
  2.7240000e+003  8.2800000e+001 -1.9000000e-002  1.0000000e-003
  2.7440000e+003  8.3100000e+001 -2.0000000e-002  1.0000000e-003
  2.7640000e+003  8.4500000e+001 -2.0000000e-002  1.0000000e-003
  2.7840000e+003  8.5200000e+001 -2.1000000e-002  1.0000000e-003
  2.8040000e+003  8.6100000e+001 -2.2000000e-002  1.0000000e-003
  2.8240000e+003  8.7200000e+001 -2.2000000e-002  1.0000000e-003
  2.8440000e+003  8.8000000e+001 -2.3000000e-002  1.0000000e-003
  2.8640000e+003  8.9300000e+001 -2.4000000e-002  1.0000000e-003
  2.8840000e+003  9.0300000e+001 -2.4000000e-002  1.0000000e-003
  2.9040000e+003  9.1200000e+001 -2.5000000e-002  1.0000000e-003
  2.9240000e+003  9.1900000e+001 -2.5000000e-002  1.0000000e-003
  2.9440000e+003  9.2800000e+001 -2.6000000e-002  1.0000000e-003
  2.9640000e+003  9.3600000e+001 -2.7000000e-002  1.0000000e-003
  2.9840000e+003  9.4800000e+001 -2.8000000e-002  1.0000000e-003
  3.0040000e+003  9.5900000e+001 -2.9000000e-002  1.0000000e-003
  3.0240000e+003  9.6600000e+001 -3.0000000e-002  1.0000000e-003
  3.0440000e+003  9.7600000e+001 -3.1000000e-002  1.0000000e-003
  3.0640000e+003  9.8900000e+001 -3.2000000e-002  1.0000000e-003
  3.0840000e+003  1.0010000e+002 -3.3000000e-002  1.0000000e-003
  3.1040000e+003  1.0120000e+002 -3.4000000e-002  1.0000000e-003
  3.1240000e+003  1.0170000e+002 -3.5000000e-002  1.0000000e-003
  3.1440000e+003  1.0290000e+002 -3.6000000e-002  1.0000000e-003
  3.1640000e+003  1.0390000e+002 -3.8000000e-002  1.0000000e-003
  3.1840000e+003  1.0470000e+002 -3.9000000e-002  1.0000000e-003
  3.2040000e+003  1.0570000e+002 -4.0000000e-002  1.0000000e-003
  3.2240000e+003  1.0640000e+002 -4.1000000e-002  1.0000000e-003
  3.2440000e+003  1.0760000e+002 -4.3000000e-002  1.0000000e-003
  3.2640000e+003  1.0830000e+002 -4.4000000e-002  1.0000000e-003
  3.2850000e+003  1.0920000e+002 -4.5000000e-002  1.0000000e-003
  3.3100000e+003  1.1060000e+002 -4.7000000e-002  1.0000000e-003
  3.3300000e+003  1.1150000e+002 -4.9000000e-002  1.0000000e-003
  3.3500000e+003  1.1250000e+002 -5.0000000e-002  1.0000000e-003
  3.3700000e+003  1.1370000e+002 -5.2000000e-002  1.0000000e-003
  3.3900000e+003  1.1460000e+002 -5.3000000e-002  1.0000000e-003
  3.4100000e+003  1.1580000e+002 -5.4000000e-002  1.0000000e-003
  3.4300000e+003  1.1650000e+002 -5.6000000e-002  1.0000000e-003
  3.4500000e+003  1.1800000e+002 -5.8000000e-002  1.0000000e-003
  3.4700000e+003  1.1870000e+002 -6.0000000e-002  1.0000000e-003
  3.4900000e+003  1.2020000e+002 -6.2000000e-002  1.0000000e-003
  3.5100000e+003  1.2090000e+002 -6.3000000e-002  1.0000000e-003
  3.5300000e+003  1.2180000e+002 -6.5000000e-002  1.0000000e-003
  3.5500000e+003  1.2280000e+002 -6.6000000e-002  1.0000000e-003
  3.5700000e+003  1.2430000e+002 -6.8000000e-002  1.0000000e-003
  3.5900000e+003  1.2510000e+002 -6.9000000e-002  1.0000000e-003
  3.6100000e+003  1.2620000e+002 -7.1000000e-002  1.0000000e-003
  3.6300000e+003  1.2740000e+002 -7.3000000e-002  1.0000000e-003
  3.6500000e+003  1.2840000e+002 -7.4000000e-002  1.0000000e-003
  3.6700000e+003  1.2970000e+002 -7.6000000e-002  1.0000000e-003
  3.6910000e+003  1.3040000e+002 -7.8000000e-002  1.0000000e-003
  3.7110000e+003  1.3180000e+002 -8.0000000e-002  1.0000000e-003
  3.7350000e+003  1.3300000e+002 -8.2000000e-002  1.0000000e-003
  3.7560000e+003  1.3410000e+002 -8.3000000e-002  1.0000000e-003
  3.7760000e+003  1.3510000e+002 -8.5000000e-002  1.0000000e-003
  3.7960000e+003  1.3620000e+002 -8.7000000e-002  1.0000000e-003
  3.8160000e+003  1.3720000e+002 -8.9000000e-002  1.0000000e-003
  3.8360000e+003  1.3840000e+002 -9.1000000e-002  1.0000000e-003
  3.8560000e+003  1.3950000e+002 -9.3000000e-002  1.0000000e-003
  3.8760000e+003  1.4050000e+002 -9.4000000e-002  1.0000000e-003
  3.8960000e+003  1.4190000e+002 -9.6000000e-002  1.0000000e-003
  3.9160000e+003  1.4300000e+002 -9.9000000e-002  1.0000000e-003
  3.9360000e+003  1.4440000e+002 -1.0100000e-001  1.0000000e-003
  3.9560000e+003  1.4530000e+002 -1.0300000e-001  1.0000000e-003
  3.9760000e+003  1.4670000e+002 -1.0400000e-001  1.0000000e-003
  3.9970000e+003  1.4750000e+002 -1.0600000e-001  1.0000000e-003
  4.0210000e+003  1.4930000e+002 -1.0900000e-001  1.0000000e-003
  4.0410000e+003  1.5050000e+002 -1.1100000e-001  1.0000000e-003
  4.0620000e+003  1.5140000e+002 -1.1300000e-001  1.0000000e-003
  4.0820000e+003  1.5240000e+002 -1.1500000e-001  1.0000000e-003
  4.1020000e+003  1.5350000e+002 -1.1700000e-001  1.0000000e-003
  4.1220000e+003  1.5500000e+002 -1.1900000e-001  1.0000000e-003
  4.1420000e+003  1.5630000e+002 -1.2100000e-001  1.0000000e-003
  4.1620000e+003  1.5710000e+002 -1.2200000e-001  1.0000000e-003
  4.1820000e+003  1.5840000e+002 -1.2400000e-001  1.0000000e-003
  4.2020000e+003  1.5940000e+002 -1.2500000e-001  1.0000000e-003
  4.2220000e+003  1.6050000e+002 -1.2700000e-001  1.0000000e-003
  4.2420000e+003  1.6150000e+002 -1.2900000e-001  1.0000000e-003
  4.2620000e+003  1.6260000e+002 -1.3000000e-001  1.0000000e-003
  4.2820000e+003  1.6360000e+002 -1.3200000e-001  1.0000000e-003
  4.3020000e+003  1.6470000e+002 -1.3300000e-001  1.0000000e-003
  4.3220000e+003  1.6590000e+002 -1.3400000e-001  1.0000000e-003
  4.3420000e+003  1.6680000e+002 -1.3500000e-001  1.0000000e-003
  4.3620000e+003  1.6800000e+002 -1.3700000e-001  1.0000000e-003
  4.3820000e+003  1.6920000e+002 -1.3900000e-001  1.0000000e-003
  4.4020000e+003  1.7010000e+002 -1.4000000e-001  1.0000000e-003
  4.4220000e+003  1.7170000e+002 -1.4100000e-001  1.0000000e-003
  4.4420000e+003  1.7270000e+002 -1.4300000e-001  1.0000000e-003
  4.4620000e+003  1.7360000e+002 -1.4400000e-001  1.0000000e-003
  4.4820000e+003  1.7480000e+002 -1.4500000e-001  1.0000000e-003
  4.5020000e+003  1.7590000e+002 -1.4600000e-001  1.0000000e-003
  4.5220000e+003  1.7710000e+002 -1.4800000e-001  1.0000000e-003
  4.5420000e+003  1.7800000e+002 -1.4900000e-001  1.0000000e-003
  4.5620000e+003  1.7940000e+002 -1.5000000e-001  1.0000000e-003
  4.5820000e+003  1.8040000e+002 -1.5200000e-001  1.0000000e-003
  4.6020000e+003  1.8150000e+002 -1.5300000e-001  1.0000000e-003
  4.6220000e+003  1.8310000e+002 -1.5500000e-001  1.0000000e-003
  4.6420000e+003  1.8410000e+002 -1.5600000e-001  1.0000000e-003
  4.6620000e+003  1.8500000e+002 -1.5800000e-001  1.0000000e-003
  4.6820000e+003  1.8620000e+002 -1.5900000e-001  1.0000000e-003
  4.7020000e+003  1.8740000e+002 -1.6100000e-001  1.0000000e-003
  4.7220000e+003  1.8860000e+002 -1.6200000e-001  1.0000000e-003
  4.7420000e+003  1.8970000e+002 -1.6400000e-001  1.0000000e-003
  4.7630000e+003  1.9080000e+002 -1.6500000e-001  1.0000000e-003
  4.7830000e+003  1.9200000e+002 -1.6700000e-001  1.0000000e-003
  4.8030000e+003  1.9270000e+002 -1.6900000e-001  1.0000000e-003
  4.8230000e+003  1.9430000e+002 -1.7100000e-001  1.0000000e-003
  4.8430000e+003  1.9510000e+002 -1.7300000e-001  1.0000000e-003
  4.8630000e+003  1.9640000e+002 -1.7400000e-001  1.0000000e-003
  4.8830000e+003  1.9740000e+002 -1.7600000e-001  1.0000000e-003
  4.9030000e+003  1.9880000e+002 -1.7800000e-001  1.0000000e-003
  4.9230000e+003  1.9970000e+002 -1.8000000e-001  1.0000000e-003
  4.9430000e+003  2.0110000e+002 -1.8200000e-001  1.0000000e-003
  4.9630000e+003  2.0230000e+002 -1.8400000e-001  1.0000000e-003
  4.9830000e+003  2.0350000e+002 -1.8500000e-001  1.0000000e-003
  5.0030000e+003  2.0460000e+002 -1.8700000e-001  1.0000000e-003
  5.0230000e+003  2.0560000e+002 -1.8900000e-001  1.0000000e-003
  5.0430000e+003  2.0680000e+002 -1.9100000e-001  1.0000000e-003
  5.0630000e+003  2.0770000e+002 -1.9300000e-001  1.0000000e-003
  5.0830000e+003  2.0890000e+002 -1.9400000e-001  1.0000000e-003
  5.1030000e+003  2.0980000e+002 -1.9600000e-001  1.0000000e-003
  5.1230000e+003  2.1110000e+002 -1.9800000e-001  1.0000000e-003
  5.1430000e+003  2.1230000e+002 -2.0000000e-001  1.0000000e-003
  5.1630000e+003  2.1350000e+002 -2.0200000e-001  1.0000000e-003
  5.1830000e+003  2.1470000e+002 -2.0400000e-001  1.0000000e-003
  5.2030000e+003  2.1580000e+002 -2.0600000e-001  1.0000000e-003
  5.2230000e+003  2.1670000e+002 -2.0800000e-001  1.0000000e-003
  5.2430000e+003  2.1810000e+002 -2.1000000e-001  1.0000000e-003
  5.2630000e+003  2.1910000e+002 -2.1200000e-001  1.0000000e-003
  5.2830000e+003  2.2030000e+002 -2.1400000e-001  1.0000000e-003
  5.3030000e+003  2.2100000e+002 -2.1600000e-001  1.0000000e-003
  5.3230000e+003  2.2240000e+002 -2.1800000e-001  1.0000000e-003
  5.3430000e+003  2.2370000e+002 -2.2100000e-001  1.0000000e-003
  5.3630000e+003  2.2450000e+002 -2.2300000e-001  1.0000000e-003
  5.3830000e+003  2.2560000e+002 -2.2500000e-001  1.0000000e-003
  5.4030000e+003  2.2710000e+002 -2.2700000e-001  1.0000000e-003
  5.4230000e+003  2.2800000e+002 -2.2900000e-001  1.0000000e-003
  5.4430000e+003  2.2930000e+002 -2.3100000e-001  1.0000000e-003
  5.4630000e+003  2.3050000e+002 -2.3300000e-001  1.0000000e-003
  5.4830000e+003  2.3170000e+002 -2.3500000e-001  1.0000000e-003
  5.5030000e+003  2.3280000e+002 -2.3700000e-001  1.0000000e-003
  5.5230000e+003  2.3400000e+002 -2.4000000e-001  1.0000000e-003
  5.5430000e+003  2.3500000e+002 -2.4200000e-001  1.0000000e-003
  5.5630000e+003  2.3640000e+002 -2.4400000e-001  1.0000000e-003
  5.5830000e+003  2.3750000e+002 -2.4600000e-001  1.0000000e-003
  5.6030000e+003  2.3850000e+002 -2.4900000e-001  1.0000000e-003
  5.6230000e+003  2.3990000e+002 -2.5100000e-001  1.0000000e-003
  5.6430000e+003  2.4110000e+002 -2.5300000e-001  1.0000000e-003
  5.6630000e+003  2.4240000e+002 -2.5500000e-001  1.0000000e-003
  5.6830000e+003  2.4330000e+002 -2.5700000e-001  1.0000000e-003
  5.7030000e+003  2.4450000e+002 -2.6000000e-001  1.0000000e-003
  5.7230000e+003  2.4550000e+002 -2.6300000e-001  1.0000000e-003
  5.7430000e+003  2.4660000e+002 -2.6400000e-001  1.0000000e-003
  5.7630000e+003  2.4800000e+002 -2.6600000e-001  1.0000000e-003
  5.7830000e+003  2.4900000e+002 -2.6900000e-001  1.0000000e-003
  5.8030000e+003  2.5040000e+002 -2.7100000e-001  1.0000000e-003
  5.8230000e+003  2.5150000e+002 -2.7300000e-001  1.0000000e-003
  5.8430000e+003  2.5270000e+002 -2.7500000e-001  1.0000000e-003
  5.8630000e+003  2.5390000e+002 -2.7700000e-001  1.0000000e-003
  5.8830000e+003  2.5500000e+002 -2.8000000e-001  1.0000000e-003
  5.9030000e+003  2.5640000e+002 -2.8200000e-001  1.0000000e-003
  5.9240000e+003  2.5740000e+002 -2.8400000e-001  1.0000000e-003
  5.9440000e+003  2.5860000e+002 -2.8600000e-001  1.0000000e-003
  5.9640000e+003  2.5990000e+002 -2.8900000e-001  1.0000000e-003
  5.9840000e+003  2.6110000e+002 -2.9100000e-001  1.0000000e-003
  6.0190000e+003  2.6320000e+002 -2.9400000e-001  1.0000000e-003
  6.0490000e+003  2.6500000e+002 -2.9900000e-001  1.0000000e-003
  6.0690000e+003  2.6620000e+002 -3.0100000e-001  1.0000000e-003
  6.0890000e+003  2.6760000e+002 -3.0300000e-001  1.0000000e-003
  6.1090000e+003  2.6850000e+002 -3.0500000e-001  1.0000000e-003
  6.1290000e+003  2.6970000e+002 -3.0800000e-001  1.0000000e-003
  6.1490000e+003  2.7090000e+002 -3.1000000e-001  1.0000000e-003
  6.1690000e+003  2.7180000e+002 -3.1200000e-001  1.0000000e-003
  6.1890000e+003  2.7260000e+002 -3.1400000e-001  1.0000000e-003
  6.2090000e+003  2.7350000e+002 -3.1600000e-001  1.0000000e-003
  6.2290000e+003  2.7460000e+002 -3.1900000e-001  1.0000000e-003
  6.2490000e+003  2.7540000e+002 -3.2000000e-001  1.0000000e-003
  6.2690000e+003  2.7630000e+002 -3.2200000e-001  1.0000000e-003
  6.2890000e+003  2.7740000e+002 -3.2400000e-001  1.0000000e-003
  6.3090000e+003  2.7830000e+002 -3.2600000e-001  1.0000000e-003
  6.3290000e+003  2.7900000e+002 -3.2800000e-001  1.0000000e-003
  6.3490000e+003  2.8000000e+002 -3.3000000e-001  1.0000000e-003
  6.3690000e+003  2.8070000e+002 -3.3200000e-001  1.0000000e-003
  6.3890000e+003  2.8180000e+002 -3.3400000e-001  1.0000000e-003
  6.4090000e+003  2.8240000e+002 -3.3600000e-001  1.0000000e-003
  6.4290000e+003  2.8350000e+002 -3.3800000e-001  1.0000000e-003
  6.4490000e+003  2.8420000e+002 -3.4000000e-001  1.0000000e-003
  6.4690000e+003  2.8490000e+002 -3.4200000e-001  1.0000000e-003
  6.4890000e+003  2.8540000e+002 -3.4300000e-001  1.0000000e-003
  6.5090000e+003  2.8610000e+002 -3.4500000e-001  1.0000000e-003
  6.5290000e+003  2.8700000e+002 -3.4600000e-001  1.0000000e-003
  6.5490000e+003  2.8750000e+002 -3.4800000e-001  1.0000000e-003
  6.5690000e+003  2.8820000e+002 -3.5000000e-001  1.0000000e-003
  6.5890000e+003  2.8880000e+002 -3.5100000e-001  1.0000000e-003
  6.6340000e+003  2.9000000e+002 -3.5500000e-001  1.0000000e-003
  6.6540000e+003  2.9100000e+002 -3.5600000e-001  1.0000000e-003
  6.6740000e+003  2.9210000e+002 -3.5800000e-001  1.0000000e-003
  6.6940000e+003  2.9310000e+002 -3.6000000e-001  1.0000000e-003
  6.7140000e+003  2.9420000e+002 -3.6200000e-001  1.0000000e-003
  6.7340000e+003  2.9560000e+002 -3.6400000e-001  1.0000000e-003
  6.7540000e+003  2.9650000e+002 -3.6800000e-001  1.0000000e-003
  6.7740000e+003  2.9770000e+002 -3.7100000e-001  1.0000000e-003
  6.7940000e+003  2.9910000e+002 -3.7500000e-001  1.0000000e-003
  6.8140000e+003  3.0060000e+002 -3.7900000e-001  1.0000000e-003
  6.8340000e+003  3.0220000e+002 -3.8400000e-001  1.0000000e-003
  6.8540000e+003  3.0400000e+002 -3.8800000e-001  1.0000000e-003
  6.8740000e+003  3.0570000e+002 -3.9300000e-001  1.0000000e-003
  6.8940000e+003  3.0760000e+002 -3.9700000e-001  1.0000000e-003
  6.9140000e+003  3.0980000e+002 -4.0300000e-001  1.0000000e-003
  6.9340000e+003  3.1200000e+002 -4.0800000e-001  1.0000000e-003
  6.9540000e+003  3.1400000e+002 -4.1400000e-001  1.0000000e-003
  6.9740000e+003  3.1620000e+002 -4.2100000e-001  1.0000000e-003
  6.9940000e+003  3.1850000e+002 -4.2700000e-001  1.0000000e-003
  7.0140000e+003  3.2100000e+002 -4.3400000e-001  1.0000000e-003
  7.0340000e+003  3.2320000e+002 -4.4100000e-001  1.0000000e-003
  7.0540000e+003  3.2600000e+002 -4.4800000e-001  1.0000000e-003
  7.0740000e+003  3.2850000e+002 -4.5600000e-001  1.0000000e-003
  7.0940000e+003  3.3160000e+002 -4.6400000e-001  1.0000000e-003
  7.1140000e+003  3.3440000e+002 -4.7200000e-001  1.0000000e-003
  7.1340000e+003  3.3760000e+002 -4.8000000e-001  1.0000000e-003
  7.1540000e+003  3.4070000e+002 -4.8900000e-001  1.0000000e-003
  7.1740000e+003  3.4390000e+002 -4.9900000e-001  1.0000000e-003
  7.1940000e+003  3.4700000e+002 -5.0800000e-001  1.0000000e-003
  7.2140000e+003  3.5000000e+002 -5.1800000e-001  1.0000000e-003
  7.2340000e+003  3.5350000e+002 -5.2700000e-001  1.0000000e-003
  7.2540000e+003  3.5680000e+002 -5.3800000e-001  1.0000000e-003
  7.2740000e+003  3.6030000e+002 -5.4900000e-001  1.0000000e-003
  7.2940000e+003  3.6380000e+002 -5.6000000e-001  1.0000000e-003
  7.3140000e+003  3.6770000e+002 -5.7200000e-001  1.0000000e-003
  7.3340000e+003  3.7120000e+002 -5.8400000e-001  1.0000000e-003
  7.3540000e+003  3.7470000e+002 -5.9600000e-001  1.0000000e-003
  7.3740000e+003  3.7850000e+002 -6.0800000e-001  1.0000000e-003
  7.3940000e+003  3.8240000e+002 -6.2200000e-001  1.0000000e-003
  7.4140000e+003  3.8600000e+002 -6.3500000e-001  1.0000000e-003
  7.4340000e+003  3.9020000e+002 -6.4800000e-001  1.0000000e-003
  7.4540000e+003  3.9430000e+002 -6.6300000e-001  1.0000000e-003
  7.4740000e+003  3.9800000e+002 -6.7700000e-001  1.0000000e-003
  7.4940000e+003  4.0230000e+002 -6.9200000e-001  1.0000000e-003
  7.5140000e+003  4.0670000e+002 -7.0700000e-001  1.0000000e-003
  7.5340000e+003  4.1090000e+002 -7.2300000e-001  1.0000000e-003
  7.5540000e+003  4.1510000e+002 -7.4000000e-001  1.0000000e-003
  7.5740000e+003  4.1950000e+002 -7.5600000e-001  1.0000000e-003
  7.5940000e+003  4.2350000e+002 -7.7200000e-001  1.0000000e-003
  7.6140000e+003  4.2790000e+002 -7.8900000e-001  1.0000000e-003
  7.6340000e+003  4.3240000e+002 -8.0600000e-001  1.0000000e-003
  7.6540000e+003  4.3680000e+002 -8.2400000e-001  1.0000000e-003
  7.6740000e+003  4.4150000e+002 -8.4200000e-001  1.0000000e-003
  7.6940000e+003  4.4590000e+002 -8.6200000e-001  1.0000000e-003
  7.7140000e+003  4.5030000e+002 -8.8000000e-001  1.0000000e-003
  7.7340000e+003  4.5460000e+002 -8.9900000e-001  1.0000000e-003
  7.7540000e+003  4.5940000e+002 -9.1800000e-001  1.0000000e-003
  7.7740000e+003  4.6370000e+002 -9.3800000e-001  1.0000000e-003
  7.7940000e+003  4.6830000e+002 -9.5700000e-001  1.0000000e-003
  7.8140000e+003  4.7270000e+002 -9.7700000e-001  1.0000000e-003
  7.8340000e+003  4.7720000e+002 -9.9600000e-001  1.0000000e-003
  7.8540000e+003  4.8200000e+002 -1.0160000e+000  1.0000000e-003
  7.8740000e+003  4.8670000e+002 -1.0360000e+000  1.0000000e-003
  7.8940000e+003  4.9140000e+002 -1.0560000e+000  1.0000000e-003
  7.9140000e+003  4.9580000e+002 -1.0760000e+000  1.0000000e-003
  7.9340000e+003  5.0070000e+002 -1.0950000e+000  1.0000000e-003
  7.9540000e+003  5.0540000e+002 -1.1150000e+000  1.0000000e-003
  7.9740000e+003  5.1010000e+002 -1.1340000e+000  1.0000000e-003
  7.9940000e+003  5.1480000e+002 -1.1540000e+000  1.0000000e-003
  8.0140000e+003  5.1940000e+002 -1.1720000e+000  1.0000000e-003
  8.0340000e+003  5.2430000e+002 -1.1920000e+000  1.0000000e-003
  8.0540000e+003  5.2900000e+002 -1.2100000e+000  1.0000000e-003
  8.0740000e+003  5.3390000e+002 -1.2280000e+000  1.0000000e-003
  8.0940000e+003  5.3860000e+002 -1.2450000e+000  1.0000000e-003
  8.1140000e+003  5.4320000e+002 -1.2640000e+000  1.0000000e-003
  8.1340000e+003  5.4790000e+002 -1.2800000e+000  1.0000000e-003
  8.1540000e+003  5.5280000e+002 -1.2970000e+000  1.0000000e-003
  8.1740000e+003  5.5750000e+002 -1.3140000e+000  1.0000000e-003
  8.1940000e+003  5.6230000e+002 -1.3310000e+000  1.0000000e-003
  8.2140000e+003  5.6700000e+002 -1.3480000e+000  1.0000000e-003
  8.2340000e+003  5.7150000e+002 -1.3640000e+000  1.0000000e-003
  8.2540000e+003  5.7630000e+002 -1.3760000e+000  1.0000000e-003
  8.2740000e+003  5.8100000e+002 -1.3970000e+000  1.0000000e-003
  8.2940000e+003  5.8590000e+002 -1.4130000e+000  1.0000000e-003
  8.3140000e+003  5.9050000e+002 -1.4310000e+000  1.0000000e-003
  8.3340000e+003  5.9520000e+002 -1.4470000e+000  1.0000000e-003
  8.3540000e+003  5.9970000e+002 -1.4640000e+000  1.0000000e-003
  8.3740000e+003  6.0480000e+002 -1.4800000e+000  1.0000000e-003
  8.3940000e+003  6.0950000e+002 -1.4960000e+000  1.0000000e-003
  8.4140000e+003  6.1410000e+002 -1.5130000e+000  1.0000000e-003
  8.4340000e+003  6.1860000e+002 -1.5290000e+000  1.0000000e-003
  8.4540000e+003  6.2330000e+002 -1.5450000e+000  1.0000000e-003
  8.4740000e+003  6.2830000e+002 -1.5620000e+000  1.0000000e-003
  8.4940000e+003  6.3300000e+002 -1.5790000e+000  1.0000000e-003
  8.5140000e+003  6.3750000e+002 -1.5950000e+000  1.0000000e-003
  8.5340000e+003  6.4230000e+002 -1.6110000e+000  1.0000000e-003
  8.5540000e+003  6.4720000e+002 -1.6280000e+000  1.0000000e-003
  8.5740000e+003  6.5190000e+002 -1.6440000e+000  1.0000000e-003
  8.5940000e+003  6.5660000e+002 -1.6630000e+000  1.0000000e-003
  8.6140000e+003  6.6100000e+002 -1.6800000e+000  1.0000000e-003
  8.6340000e+003  6.6520000e+002 -1.6960000e+000  1.0000000e-003
  8.6540000e+003  6.7030000e+002 -1.7140000e+000  1.0000000e-003
  8.6740000e+003  6.7460000e+002 -1.7310000e+000  1.0000000e-003
  8.6950000e+003  6.7930000e+002 -1.7490000e+000  1.0000000e-003
  8.7150000e+003  6.8390000e+002 -1.7660000e+000  1.0000000e-003
  8.7350000e+003  6.8850000e+002 -1.7840000e+000  1.0000000e-003
  8.7550000e+003  6.9270000e+002 -1.8020000e+000  1.0000000e-003
  8.7750000e+003  6.9740000e+002 -1.8200000e+000  1.0000000e-003
  8.7950000e+003  7.0180000e+002 -1.8370000e+000  1.0000000e-003
  8.8150000e+003  7.0650000e+002 -1.8540000e+000  1.0000000e-003
  8.8350000e+003  7.1100000e+002 -1.8720000e+000  1.0000000e-003
  8.8550000e+003  7.1560000e+002 -1.8890000e+000  1.0000000e-003
  8.8750000e+003  7.2000000e+002 -1.9060000e+000  1.0000000e-003
  8.8950000e+003  7.2470000e+002 -1.9230000e+000  1.0000000e-003
  8.9150000e+003  7.2920000e+002 -1.9410000e+000  1.0000000e-003
  8.9350000e+003  7.3380000e+002 -1.9570000e+000  1.0000000e-003
  8.9550000e+003  7.3820000e+002 -1.9740000e+000  1.0000000e-003
  8.9750000e+003  7.4270000e+002 -1.9920000e+000  1.0000000e-003
  8.9950000e+003  7.4730000e+002 -2.0090000e+000  1.0000000e-003
  9.0150000e+003  7.5200000e+002 -2.0270000e+000  1.0000000e-003
  9.0350000e+003  7.5640000e+002 -2.0430000e+000  1.0000000e-003
  9.0550000e+003  7.6070000e+002 -2.0610000e+000  1.0000000e-003
  9.0750000e+003  7.6530000e+002 -2.0770000e+000  1.0000000e-003
  9.0950000e+003  7.6980000e+002 -2.0930000e+000  1.0000000e-003
  9.1150000e+003  7.7420000e+002 -2.1100000e+000  1.0000000e-003
  9.1350000e+003  7.7860000e+002 -2.1260000e+000  1.0000000e-003
  9.1550000e+003  7.8280000e+002 -2.1440000e+000  1.0000000e-003
  9.1750000e+003  7.8710000e+002 -2.1600000e+000  1.0000000e-003
  9.1950000e+003  7.9150000e+002 -2.1770000e+000  1.0000000e-003
  9.2150000e+003  7.9570000e+002 -2.1960000e+000  1.0000000e-003
  9.2350000e+003  8.0010000e+002 -2.2120000e+000  1.0000000e-003
  9.2550000e+003  8.0430000e+002 -2.2300000e+000  1.0000000e-003
  9.2750000e+003  8.0890000e+002 -2.2460000e+000  1.0000000e-003
  9.2950000e+003  8.1320000e+002 -2.2640000e+000  1.0000000e-003
  9.3150000e+003  8.1730000e+002 -2.2820000e+000  1.0000000e-003
  9.3350000e+003  8.2180000e+002 -2.3000000e+000  1.0000000e-003
  9.3550000e+003  8.2600000e+002 -2.3170000e+000  1.0000000e-003
  9.3750000e+003  8.3020000e+002 -2.3350000e+000  1.0000000e-003
  9.3950000e+003  8.3460000e+002 -2.3530000e+000  1.0000000e-003
  9.4150000e+003  8.3890000e+002 -2.3710000e+000  1.0000000e-003
  9.4350000e+003  8.4330000e+002 -2.3890000e+000  1.0000000e-003
  9.4550000e+003  8.4770000e+002 -2.4060000e+000  1.0000000e-003
  9.4750000e+003  8.5210000e+002 -2.4250000e+000  1.0000000e-003
  9.4950000e+003  8.5650000e+002 -2.4430000e+000  1.0000000e-003
  9.5150000e+003  8.6080000e+002 -2.4620000e+000  1.0000000e-003
  9.5350000e+003  8.6520000e+002 -2.4790000e+000  1.0000000e-003
  9.5550000e+003  8.6980000e+002 -2.4980000e+000  1.0000000e-003
  9.5750000e+003  8.7380000e+002 -2.5160000e+000  1.0000000e-003
  9.5950000e+003  8.7800000e+002 -2.5340000e+000  1.0000000e-003
  9.6150000e+003  8.8250000e+002 -2.5530000e+000  1.0000000e-003
  9.6350000e+003  8.8670000e+002 -2.5700000e+000  1.0000000e-003
  9.6550000e+003  8.9090000e+002 -2.5880000e+000  1.0000000e-003
  9.6750000e+003  8.9490000e+002 -2.6050000e+000  1.0000000e-003
  9.6950000e+003  8.9880000e+002 -2.6220000e+000  1.0000000e-003
  9.7150000e+003  9.0340000e+002 -2.6380000e+000  1.0000000e-003
  9.7350000e+003  9.0750000e+002 -2.6550000e+000  1.0000000e-003
  9.7550000e+003  9.1160000e+002 -2.6710000e+000  1.0000000e-003
  9.7750000e+003  9.1580000e+002 -2.6860000e+000  1.0000000e-003
  9.7950000e+003  9.2000000e+002 -2.7020000e+000  1.0000000e-003
  9.8150000e+003  9.2400000e+002 -2.7150000e+000  1.0000000e-003
  9.8350000e+003  9.2820000e+002 -2.7290000e+000  1.0000000e-003
  9.8550000e+003  9.3260000e+002 -2.7430000e+000  1.0000000e-003
  9.8750000e+003  9.3680000e+002 -2.7560000e+000  1.0000000e-003
  9.8950000e+003  9.4080000e+002 -2.7690000e+000  1.0000000e-003
  9.9150000e+003  9.4520000e+002 -2.7820000e+000  1.0000000e-003
  9.9350000e+003  9.4950000e+002 -2.7940000e+000  1.0000000e-003
  9.9550000e+003  9.5380000e+002 -2.8040000e+000  1.0000000e-003
  9.9750000e+003  9.5810000e+002 -2.8160000e+000  1.0000000e-003
  9.9950000e+003  9.6210000e+002 -2.8270000e+000  1.0000000e-003
  1.0015000e+004  9.6640000e+002 -2.8370000e+000  1.0000000e-003
  1.0035000e+004  9.7070000e+002 -2.8470000e+000  1.0000000e-003
  1.0055000e+004  9.7510000e+002 -2.8560000e+000  1.0000000e-003
  1.0075000e+004  9.7960000e+002 -2.8660000e+000  1.0000000e-003
  1.0095000e+004  9.8350000e+002 -2.8750000e+000  1.0000000e-003
  1.0115000e+004  9.8790000e+002 -2.8820000e+000  1.0000000e-003
  1.0135000e+004  9.9230000e+002 -2.8910000e+000  1.0000000e-003
  1.0155000e+004  9.9630000e+002 -2.8990000e+000  1.0000000e-003
  1.0175000e+004  1.0006000e+003 -2.9060000e+000  1.0000000e-003
  1.0195000e+004  1.0050000e+003 -2.9130000e+000  1.0000000e-003
  1.0215000e+004  1.0089000e+003 -2.9200000e+000  1.0000000e-003
  1.0235000e+004  1.0131000e+003 -2.9260000e+000  1.0000000e-003
  1.0255000e+004  1.0173000e+003 -2.9330000e+000  1.0000000e-003
  1.0275000e+004  1.0215000e+003 -2.9390000e+000  1.0000000e-003
  1.0295000e+004  1.0257000e+003 -2.9450000e+000  1.0000000e-003
  1.0315000e+004  1.0299000e+003 -2.9500000e+000  1.0000000e-003
  1.0335000e+004  1.0339000e+003 -2.9560000e+000  1.0000000e-003
  1.0355000e+004  1.0383000e+003 -2.9600000e+000  1.0000000e-003
  1.0375000e+004  1.0425000e+003 -2.9650000e+000  1.0000000e-003
  1.0395000e+004  1.0467000e+003 -2.9700000e+000  1.0000000e-003
  1.0415000e+004  1.0507000e+003 -2.9750000e+000  1.0000000e-003
  1.0435000e+004  1.0549000e+003 -2.9800000e+000  1.0000000e-003
  1.0455000e+004  1.0593000e+003 -2.9840000e+000  1.0000000e-003
  1.0475000e+004  1.0635000e+003 -2.9870000e+000  1.0000000e-003
  1.0495000e+004  1.0677000e+003 -2.9910000e+000  1.0000000e-003
  1.0515000e+004  1.0719000e+003 -2.9950000e+000  1.0000000e-003
  1.0535000e+004  1.0761000e+003 -2.9980000e+000  1.0000000e-003
  1.0555000e+004  1.0801000e+003 -3.0010000e+000  1.0000000e-003
  1.0575000e+004  1.0846000e+003 -3.0040000e+000  1.0000000e-003
  1.0595000e+004  1.0892000e+003 -3.0070000e+000  1.0000000e-003
  1.0615000e+004  1.0932000e+003 -3.0110000e+000  1.0000000e-003
  1.0635000e+004  1.0974000e+003 -3.0130000e+000  1.0000000e-003
  1.0655000e+004  1.1016000e+003 -3.0160000e+000  1.0000000e-003
  1.0675000e+004  1.1060000e+003 -3.0190000e+000  1.0000000e-003
  1.0695000e+004  1.1104000e+003 -3.0220000e+000  1.0000000e-003
  1.0715000e+004  1.1144000e+003 -3.0240000e+000  1.0000000e-003
  1.0735000e+004  1.1188000e+003 -3.0260000e+000  1.0000000e-003
  1.0755000e+004  1.1230000e+003 -3.0280000e+000  1.0000000e-003
  1.0775000e+004  1.1270000e+003 -3.0300000e+000  1.0000000e-003
  1.0795000e+004  1.1316000e+003 -3.0330000e+000  1.0000000e-003
  1.0815000e+004  1.1358000e+003 -3.0340000e+000  1.0000000e-003
  1.0835000e+004  1.1398000e+003 -3.0360000e+000  1.0000000e-003
  1.0855000e+004  1.1441000e+003 -3.0380000e+000  1.0000000e-003
  1.0875000e+004  1.1484000e+003 -3.0400000e+000  1.0000000e-003
  1.0895000e+004  1.1526000e+003 -3.0410000e+000  1.0000000e-003
  1.0915000e+004  1.1568000e+003 -3.0430000e+000  1.0000000e-003
  1.0935000e+004  1.1609000e+003 -3.0440000e+000  1.0000000e-003
  1.0955000e+004  1.1652000e+003 -3.0450000e+000  1.0000000e-003
  1.0975000e+004  1.1695000e+003 -3.0470000e+000  1.0000000e-003
  1.0995000e+004  1.1737000e+003 -3.0490000e+000  1.0000000e-003
  1.1015000e+004  1.1781000e+003 -3.0500000e+000  1.0000000e-003
  1.1035000e+004  1.1823000e+003 -3.0520000e+000  1.0000000e-003
  1.1055000e+004  1.1865000e+003 -3.0530000e+000  1.0000000e-003
  1.1075000e+004  1.1909000e+003 -3.0540000e+000  1.0000000e-003
  1.1095000e+004  1.1953000e+003 -3.0550000e+000  1.0000000e-003
  1.1115000e+004  1.1996000e+003 -3.0560000e+000  1.0000000e-003
  1.1135000e+004  1.2038000e+003 -3.0570000e+000  1.0000000e-003
  1.1155000e+004  1.2080000e+003 -3.0590000e+000  1.0000000e-003
  1.1175000e+004  1.2126000e+003 -3.0600000e+000  1.0000000e-003
  1.1195000e+004  1.2168000e+003 -3.0610000e+000  1.0000000e-003
  1.1215000e+004  1.2213000e+003 -3.0620000e+000  1.0000000e-003
  1.1235000e+004  1.2255000e+003 -3.0630000e+000  1.0000000e-003
  1.1255000e+004  1.2297000e+003 -3.0640000e+000  1.0000000e-003
  1.1275000e+004  1.2339000e+003 -3.0640000e+000  1.0000000e-003
  1.1295000e+004  1.2383000e+003 -3.0650000e+000  1.0000000e-003
  1.1315000e+004  1.2428000e+003 -3.0660000e+000  1.0000000e-003
  1.1335000e+004  1.2470000e+003 -3.0670000e+000  1.0000000e-003
  1.1355000e+004  1.2511000e+003 -3.0680000e+000  1.0000000e-003
  1.1375000e+004  1.2553000e+003 -3.0680000e+000  1.0000000e-003
  1.1395000e+004  1.2595000e+003 -3.0690000e+000  1.0000000e-003
  1.1415000e+004  1.2640000e+003 -3.0700000e+000  1.0000000e-003
  1.1435000e+004  1.2684000e+003 -3.0710000e+000  1.0000000e-003
  1.1455000e+004  1.2726000e+003 -3.0710000e+000  1.0000000e-003
  1.1475000e+004  1.2768000e+003 -3.0720000e+000  1.0000000e-003
  1.1495000e+004  1.2810000e+003 -3.0720000e+000  1.0000000e-003
  1.1515000e+004  1.2854000e+003 -3.0730000e+000  1.0000000e-003
  1.1535000e+004  1.2898000e+003 -3.0730000e+000  1.0000000e-003
  1.1555000e+004  1.2940000e+003 -3.0740000e+000  1.0000000e-003
  1.1575000e+004  1.2985000e+003 -3.0740000e+000  1.0000000e-003
  1.1595000e+004  1.3025000e+003 -3.0750000e+000  1.0000000e-003
  1.1615000e+004  1.3069000e+003 -3.0750000e+000  1.0000000e-003
  1.1635000e+004  1.3111000e+003 -3.0750000e+000  1.0000000e-003
  1.1655000e+004  1.3157000e+003 -3.0750000e+000  1.0000000e-003
  1.1675000e+004  1.3198000e+003 -3.0760000e+000  1.0000000e-003
  1.1695000e+004  1.3237000e+003 -3.0760000e+000  1.0000000e-003
  1.1715000e+004  1.3283000e+003 -3.0770000e+000  1.0000000e-003
  1.1735000e+004  1.3319000e+003 -3.0770000e+000  1.0000000e-003
  1.1755000e+004  1.3353000e+003 -3.0780000e+000  1.0000000e-003
  1.1775000e+004  1.3377000e+003 -3.0780000e+000  1.0000000e-003
  1.1816000e+004  1.3297000e+003 -3.0800000e+000  1.0000000e-003
  1.1836000e+004  1.3388000e+003 -3.0780000e+000  1.0000000e-003
  1.1856000e+004  1.3416000e+003 -3.0780000e+000  1.0000000e-003
  1.1876000e+004  1.3421000e+003 -3.0790000e+000  1.0000000e-003
