  0.0000000e+000  2.0500000e+001  0.0000000e+000  1.0000000e-003
  2.1000000e+001  2.0300000e+001  0.0000000e+000  1.0000000e-003
  4.1000000e+001  2.0000000e+001  0.0000000e+000  1.0000000e-003
  6.1000000e+001  2.0100000e+001 -1.0000000e-003  1.0000000e-003
  8.1000000e+001  2.0100000e+001 -1.0000000e-003  1.0000000e-003
  1.0100000e+002  2.0100000e+001 -1.0000000e-003  1.0000000e-003
  1.2100000e+002  2.0000000e+001 -1.0000000e-003  1.0000000e-003
  1.4100000e+002  2.0100000e+001 -1.0000000e-003  1.0000000e-003
  1.6100000e+002  2.0100000e+001 -1.0000000e-003  1.0000000e-003
  1.8100000e+002  2.0000000e+001 -1.0000000e-003  1.0000000e-003
  2.0100000e+002  1.9800000e+001 -1.0000000e-003  1.0000000e-003
  2.2100000e+002  1.9800000e+001 -1.0000000e-003  1.0000000e-003
  2.4100000e+002  1.9800000e+001 -1.0000000e-003  1.0000000e-003
  2.6100000e+002  2.0100000e+001 -1.0000000e-003  1.0000000e-003
  2.8100000e+002  1.9800000e+001 -1.0000000e-003  1.0000000e-003
  3.0100000e+002  2.0000000e+001 -1.0000000e-003  1.0000000e-003
  3.2100000e+002  1.9600000e+001 -1.0000000e-003  1.0000000e-003
  3.4100000e+002  1.9800000e+001 -1.0000000e-003  1.0000000e-003
  3.6100000e+002  2.0000000e+001 -1.0000000e-003  1.0000000e-003
  3.8100000e+002  2.0000000e+001 -1.0000000e-003  1.0000000e-003
  4.0100000e+002  1.9800000e+001 -2.0000000e-003  1.0000000e-003
  4.2100000e+002  2.0000000e+001 -2.0000000e-003  1.0000000e-003
  4.4100000e+002  1.9600000e+001 -2.0000000e-003  1.0000000e-003
  4.6100000e+002  2.0000000e+001 -2.0000000e-003  1.0000000e-003
  4.8100000e+002  2.0300000e+001 -2.0000000e-003  1.0000000e-003
  5.0100000e+002  2.0000000e+001 -2.0000000e-003  1.0000000e-003
  5.2100000e+002  2.0100000e+001 -2.0000000e-003  1.0000000e-003
  5.4100000e+002  2.0500000e+001 -2.0000000e-003  1.0000000e-003
  5.6100000e+002  2.0500000e+001 -2.0000000e-003  1.0000000e-003
  5.8100000e+002  2.0600000e+001 -3.0000000e-003  1.0000000e-003
  6.0100000e+002  2.0800000e+001 -3.0000000e-003  1.0000000e-003
  6.2100000e+002  2.1200000e+001 -3.0000000e-003  1.0000000e-003
  6.4200000e+002  2.1500000e+001 -3.0000000e-003  1.0000000e-003
  6.6200000e+002  2.1500000e+001 -3.0000000e-003  1.0000000e-003
  6.8200000e+002  2.1700000e+001 -3.0000000e-003  1.0000000e-003
  7.0200000e+002  2.2200000e+001 -3.0000000e-003  1.0000000e-003
  7.2200000e+002  2.2200000e+001 -3.0000000e-003  1.0000000e-003
  7.4200000e+002  2.2900000e+001 -3.0000000e-003  1.0000000e-003
  7.6200000e+002  2.2900000e+001 -3.0000000e-003  1.0000000e-003
  7.8200000e+002  2.3300000e+001 -4.0000000e-003  1.0000000e-003
  8.0200000e+002  2.3600000e+001 -4.0000000e-003  1.0000000e-003
  8.2200000e+002  2.3600000e+001 -4.0000000e-003  1.0000000e-003
  8.4200000e+002  2.4000000e+001 -4.0000000e-003  1.0000000e-003
  8.6200000e+002  2.4100000e+001 -4.0000000e-003  1.0000000e-003
  8.8200000e+002  2.4700000e+001 -4.0000000e-003  1.0000000e-003
  9.0200000e+002  2.5400000e+001 -4.0000000e-003  1.0000000e-003
  9.2200000e+002  2.5200000e+001 -4.0000000e-003  1.0000000e-003
  9.4200000e+002  2.6100000e+001 -4.0000000e-003  1.0000000e-003
  9.6200000e+002  2.6300000e+001 -4.0000000e-003  1.0000000e-003
  9.8200000e+002  2.6800000e+001 -4.0000000e-003  1.0000000e-003
  1.0020000e+003  2.7100000e+001 -4.0000000e-003  1.0000000e-003
  1.0220000e+003  2.7800000e+001 -4.0000000e-003  1.0000000e-003
  1.0420000e+003  2.8000000e+001 -4.0000000e-003  1.0000000e-003
  1.0620000e+003  2.8500000e+001 -4.0000000e-003  1.0000000e-003
  1.0820000e+003  2.8900000e+001 -4.0000000e-003  1.0000000e-003
  1.1020000e+003  2.9400000e+001 -4.0000000e-003  1.0000000e-003
  1.1220000e+003  2.9800000e+001 -4.0000000e-003  1.0000000e-003
  1.1420000e+003  3.0100000e+001 -4.0000000e-003  1.0000000e-003
  1.1620000e+003  3.0600000e+001 -5.0000000e-003  1.0000000e-003
  1.1820000e+003  3.0600000e+001 -5.0000000e-003  1.0000000e-003
  1.2020000e+003  3.1000000e+001 -5.0000000e-003  1.0000000e-003
  1.2220000e+003  3.1700000e+001 -5.0000000e-003  1.0000000e-003
  1.2420000e+003  3.2000000e+001 -5.0000000e-003  1.0000000e-003
  1.2620000e+003  3.2700000e+001 -5.0000000e-003  1.0000000e-003
  1.2820000e+003  3.3100000e+001 -5.0000000e-003  1.0000000e-003
  1.3020000e+003  3.3600000e+001 -5.0000000e-003  1.0000000e-003
  1.3220000e+003  3.4300000e+001 -5.0000000e-003  1.0000000e-003
  1.3420000e+003  3.4500000e+001 -5.0000000e-003  1.0000000e-003
  1.3620000e+003  3.5200000e+001 -5.0000000e-003  1.0000000e-003
  1.3820000e+003  3.5500000e+001 -5.0000000e-003  1.0000000e-003
  1.4020000e+003  3.5900000e+001 -5.0000000e-003  1.0000000e-003
  1.4220000e+003  3.6600000e+001 -5.0000000e-003  1.0000000e-003
  1.4420000e+003  3.7100000e+001 -5.0000000e-003  1.0000000e-003
  1.4620000e+003  3.7600000e+001 -5.0000000e-003  1.0000000e-003
  1.4820000e+003  3.8000000e+001 -5.0000000e-003  1.0000000e-003
  1.5020000e+003  3.8700000e+001 -5.0000000e-003  1.0000000e-003
  1.5220000e+003  3.9400000e+001 -5.0000000e-003  1.0000000e-003
  1.5420000e+003  4.0100000e+001 -5.0000000e-003  1.0000000e-003
  1.5620000e+003  4.0400000e+001 -5.0000000e-003  1.0000000e-003
  1.5820000e+003  4.1000000e+001 -5.0000000e-003  1.0000000e-003
  1.6020000e+003  4.1800000e+001 -5.0000000e-003  1.0000000e-003
  1.6220000e+003  4.2200000e+001 -5.0000000e-003  1.0000000e-003
  1.6420000e+003  4.2500000e+001 -6.0000000e-003  1.0000000e-003
  1.6620000e+003  4.3400000e+001 -6.0000000e-003  1.0000000e-003
  1.6820000e+003  4.4100000e+001 -6.0000000e-003  1.0000000e-003
  1.7020000e+003  4.4800000e+001 -6.0000000e-003  1.0000000e-003
  1.7220000e+003  4.5500000e+001 -6.0000000e-003  1.0000000e-003
  1.7420000e+003  4.6000000e+001 -6.0000000e-003  1.0000000e-003
  1.7620000e+003  4.6700000e+001 -6.0000000e-003  1.0000000e-003
  1.7820000e+003  4.7400000e+001 -6.0000000e-003  1.0000000e-003
  1.8020000e+003  4.8100000e+001 -6.0000000e-003  1.0000000e-003
  1.8220000e+003  4.8600000e+001 -6.0000000e-003  1.0000000e-003
  1.8420000e+003  4.9300000e+001 -6.0000000e-003  1.0000000e-003
  1.8620000e+003  4.9900000e+001 -6.0000000e-003  1.0000000e-003
  1.8820000e+003  5.0900000e+001 -6.0000000e-003  1.0000000e-003
  1.9030000e+003  5.1500000e+001 -6.0000000e-003  1.0000000e-003
  1.9230000e+003  5.2500000e+001 -6.0000000e-003  1.0000000e-003
  1.9430000e+003  5.2800000e+001 -6.0000000e-003  1.0000000e-003
  1.9630000e+003  5.3500000e+001 -6.0000000e-003  1.0000000e-003
  1.9830000e+003  5.4300000e+001 -6.0000000e-003  1.0000000e-003
  2.0030000e+003  5.5000000e+001 -6.0000000e-003  1.0000000e-003
  2.0230000e+003  5.5800000e+001 -6.0000000e-003  1.0000000e-003
  2.0430000e+003  5.6700000e+001 -6.0000000e-003  1.0000000e-003
  2.0630000e+003  5.7600000e+001 -6.0000000e-003  1.0000000e-003
  2.0830000e+003  5.8100000e+001 -6.0000000e-003  1.0000000e-003
  2.1030000e+003  5.8800000e+001 -6.0000000e-003  1.0000000e-003
  2.1230000e+003  5.9700000e+001 -7.0000000e-003  1.0000000e-003
  2.1430000e+003  6.0400000e+001 -7.0000000e-003  1.0000000e-003
  2.1630000e+003  6.1300000e+001 -7.0000000e-003  1.0000000e-003
  2.1830000e+003  6.2500000e+001 -7.0000000e-003  1.0000000e-003
  2.2030000e+003  6.2600000e+001 -7.0000000e-003  1.0000000e-003
  2.2230000e+003  6.3700000e+001 -7.0000000e-003  1.0000000e-003
  2.2430000e+003  6.4200000e+001 -7.0000000e-003  1.0000000e-003
  2.2630000e+003  6.5100000e+001 -7.0000000e-003  1.0000000e-003
  2.2830000e+003  6.5800000e+001 -7.0000000e-003  1.0000000e-003
  2.3030000e+003  6.6800000e+001 -7.0000000e-003  1.0000000e-003
  2.3230000e+003  6.7400000e+001 -8.0000000e-003  1.0000000e-003
  2.3430000e+003  6.8300000e+001 -8.0000000e-003  1.0000000e-003
  2.3630000e+003  6.8600000e+001 -8.0000000e-003  1.0000000e-003
  2.3830000e+003  6.9500000e+001 -8.0000000e-003  1.0000000e-003
  2.4030000e+003  7.0200000e+001 -8.0000000e-003  1.0000000e-003
  2.4230000e+003  7.1000000e+001 -8.0000000e-003  1.0000000e-003
  2.4430000e+003  7.1700000e+001 -8.0000000e-003  1.0000000e-003
  2.4630000e+003  7.2600000e+001 -9.0000000e-003  1.0000000e-003
  2.4830000e+003  7.3300000e+001 -9.0000000e-003  1.0000000e-003
  2.5030000e+003  7.3800000e+001 -9.0000000e-003  1.0000000e-003
  2.5230000e+003  7.4900000e+001 -9.0000000e-003  1.0000000e-003
  2.5430000e+003  7.5600000e+001 -9.0000000e-003  1.0000000e-003
  2.5630000e+003  7.6700000e+001 -9.0000000e-003  1.0000000e-003
  2.5830000e+003  7.7500000e+001 -1.0000000e-002  1.0000000e-003
  2.6030000e+003  7.8400000e+001 -1.0000000e-002  1.0000000e-003
  2.6230000e+003  7.9300000e+001 -1.0000000e-002  1.0000000e-003
  2.6430000e+003  7.9800000e+001 -1.0000000e-002  1.0000000e-003
  2.6630000e+003  8.1000000e+001 -1.0000000e-002  1.0000000e-003
  2.6830000e+003  8.1900000e+001 -1.0000000e-002  1.0000000e-003
  2.7030000e+003  8.2900000e+001 -1.1000000e-002  1.0000000e-003
  2.7230000e+003  8.3800000e+001 -1.1000000e-002  1.0000000e-003
  2.7430000e+003  8.4300000e+001 -1.1000000e-002  1.0000000e-003
  2.7630000e+003  8.5800000e+001 -1.1000000e-002  1.0000000e-003
  2.7830000e+003  8.6300000e+001 -1.1000000e-002  1.0000000e-003
  2.8030000e+003  8.7500000e+001 -1.2000000e-002  1.0000000e-003
  2.8230000e+003  8.8200000e+001 -1.2000000e-002  1.0000000e-003
  2.8430000e+003  8.9300000e+001 -1.2000000e-002  1.0000000e-003
  2.8630000e+003  8.9900000e+001 -1.2000000e-002  1.0000000e-003
  2.8830000e+003  9.1000000e+001 -1.2000000e-002  1.0000000e-003
  2.9030000e+003  9.2100000e+001 -1.2000000e-002  1.0000000e-003
  2.9230000e+003  9.3100000e+001 -1.3000000e-002  1.0000000e-003
  2.9430000e+003  9.4000000e+001 -1.3000000e-002  1.0000000e-003
  2.9630000e+003  9.5000000e+001 -1.3000000e-002  1.0000000e-003
  2.9830000e+003  9.6100000e+001 -1.3000000e-002  1.0000000e-003
  3.0030000e+003  9.6900000e+001 -1.3000000e-002  1.0000000e-003
  3.0230000e+003  9.8000000e+001 -1.4000000e-002  1.0000000e-003
  3.0440000e+003  9.9000000e+001 -1.4000000e-002  1.0000000e-003
  3.0640000e+003  9.9900000e+001 -1.4000000e-002  1.0000000e-003
  3.0840000e+003  1.0080000e+002 -1.4000000e-002  1.0000000e-003
  3.1040000e+003  1.0220000e+002 -1.4000000e-002  1.0000000e-003
  3.1240000e+003  1.0310000e+002 -1.4000000e-002  1.0000000e-003
  3.1440000e+003  1.0380000e+002 -1.5000000e-002  1.0000000e-003
  3.1640000e+003  1.0470000e+002 -1.5000000e-002  1.0000000e-003
  3.1840000e+003  1.0570000e+002 -1.5000000e-002  1.0000000e-003
  3.2040000e+003  1.0640000e+002 -1.5000000e-002  1.0000000e-003
  3.2240000e+003  1.0760000e+002 -1.6000000e-002  1.0000000e-003
  3.2440000e+003  1.0870000e+002 -1.6000000e-002  1.0000000e-003
  3.2640000e+003  1.0940000e+002 -1.6000000e-002  1.0000000e-003
  3.2840000e+003  1.1030000e+002 -1.6000000e-002  1.0000000e-003
  3.3040000e+003  1.1150000e+002 -1.7000000e-002  1.0000000e-003
  3.3240000e+003  1.1250000e+002 -1.7000000e-002  1.0000000e-003
  3.3440000e+003  1.1340000e+002 -1.7000000e-002  1.0000000e-003
  3.3640000e+003  1.1440000e+002 -1.7000000e-002  1.0000000e-003
  3.3840000e+003  1.1550000e+002 -1.7000000e-002  1.0000000e-003
  3.4040000e+003  1.1650000e+002 -1.7000000e-002  1.0000000e-003
  3.4240000e+003  1.1760000e+002 -1.8000000e-002  1.0000000e-003
  3.4440000e+003  1.1850000e+002 -1.8000000e-002  1.0000000e-003
  3.4640000e+003  1.1950000e+002 -1.8000000e-002  1.0000000e-003
  3.4840000e+003  1.2060000e+002 -1.8000000e-002  1.0000000e-003
  3.5040000e+003  1.2160000e+002 -1.9000000e-002  1.0000000e-003
  3.5240000e+003  1.2270000e+002 -1.9000000e-002  1.0000000e-003
  3.5440000e+003  1.2360000e+002 -1.9000000e-002  1.0000000e-003
  3.5640000e+003  1.2460000e+002 -1.9000000e-002  1.0000000e-003
  3.5840000e+003  1.2600000e+002 -2.0000000e-002  1.0000000e-003
  3.6040000e+003  1.2690000e+002 -2.0000000e-002  1.0000000e-003
  3.6240000e+003  1.2790000e+002 -2.0000000e-002  1.0000000e-003
  3.6440000e+003  1.2880000e+002 -2.0000000e-002  1.0000000e-003
  3.6640000e+003  1.3000000e+002 -2.0000000e-002  1.0000000e-003
  3.6840000e+003  1.3130000e+002 -2.1000000e-002  1.0000000e-003
  3.7040000e+003  1.3230000e+002 -2.1000000e-002  1.0000000e-003
  3.7240000e+003  1.3340000e+002 -2.1000000e-002  1.0000000e-003
  3.7440000e+003  1.3440000e+002 -2.1000000e-002  1.0000000e-003
  3.7640000e+003  1.3560000e+002 -2.1000000e-002  1.0000000e-003
  3.7840000e+003  1.3650000e+002 -2.1000000e-002  1.0000000e-003
  3.8040000e+003  1.3740000e+002 -2.2000000e-002  1.0000000e-003
  3.8240000e+003  1.3860000e+002 -2.2000000e-002  1.0000000e-003
  3.8440000e+003  1.3950000e+002 -2.2000000e-002  1.0000000e-003
  3.8640000e+003  1.4070000e+002 -2.2000000e-002  1.0000000e-003
  3.8840000e+003  1.4160000e+002 -2.2000000e-002  1.0000000e-003
  3.9040000e+003  1.4300000e+002 -2.2000000e-002  1.0000000e-003
  3.9240000e+003  1.4420000e+002 -2.2000000e-002  1.0000000e-003
  3.9450000e+003  1.4510000e+002 -2.3000000e-002  1.0000000e-003
  3.9650000e+003  1.4630000e+002 -2.3000000e-002  1.0000000e-003
  3.9850000e+003  1.4750000e+002 -2.3000000e-002  1.0000000e-003
  4.0050000e+003  1.4860000e+002 -2.3000000e-002  1.0000000e-003
  4.0250000e+003  1.4960000e+002 -2.3000000e-002  1.0000000e-003
  4.0450000e+003  1.5080000e+002 -2.3000000e-002  1.0000000e-003
  4.0650000e+003  1.5190000e+002 -2.3000000e-002  1.0000000e-003
  4.0850000e+003  1.5310000e+002 -2.4000000e-002  1.0000000e-003
  4.1050000e+003  1.5400000e+002 -2.4000000e-002  1.0000000e-003
  4.1250000e+003  1.5500000e+002 -2.4000000e-002  1.0000000e-003
  4.1450000e+003  1.5640000e+002 -2.4000000e-002  1.0000000e-003
  4.1650000e+003  1.5730000e+002 -2.4000000e-002  1.0000000e-003
  4.1850000e+003  1.5860000e+002 -2.4000000e-002  1.0000000e-003
  4.2050000e+003  1.5960000e+002 -2.4000000e-002  1.0000000e-003
  4.2250000e+003  1.6050000e+002 -2.5000000e-002  1.0000000e-003
  4.2450000e+003  1.6170000e+002 -2.5000000e-002  1.0000000e-003
  4.2650000e+003  1.6290000e+002 -2.5000000e-002  1.0000000e-003
  4.2850000e+003  1.6380000e+002 -2.5000000e-002  1.0000000e-003
  4.3050000e+003  1.6470000e+002 -2.5000000e-002  1.0000000e-003
  4.3250000e+003  1.6570000e+002 -2.5000000e-002  1.0000000e-003
  4.3450000e+003  1.6690000e+002 -2.5000000e-002  1.0000000e-003
  4.3650000e+003  1.6820000e+002 -2.5000000e-002  1.0000000e-003
  4.3850000e+003  1.6920000e+002 -2.6000000e-002  1.0000000e-003
  4.4050000e+003  1.7010000e+002 -2.6000000e-002  1.0000000e-003
  4.4250000e+003  1.7130000e+002 -2.6000000e-002  1.0000000e-003
  4.4450000e+003  1.7220000e+002 -2.6000000e-002  1.0000000e-003
  4.4650000e+003  1.7360000e+002 -2.6000000e-002  1.0000000e-003
  4.4850000e+003  1.7480000e+002 -2.7000000e-002  1.0000000e-003
  4.5050000e+003  1.7570000e+002 -2.7000000e-002  1.0000000e-003
  4.5250000e+003  1.7660000e+002 -2.7000000e-002  1.0000000e-003
  4.5450000e+003  1.7800000e+002 -2.7000000e-002  1.0000000e-003
  4.5650000e+003  1.7920000e+002 -2.8000000e-002  1.0000000e-003
  4.5850000e+003  1.8030000e+002 -2.8000000e-002  1.0000000e-003
  4.6060000e+003  1.8130000e+002 -2.8000000e-002  1.0000000e-003
  4.6260000e+003  1.8250000e+002 -2.8000000e-002  1.0000000e-003
  4.6460000e+003  1.8380000e+002 -2.9000000e-002  1.0000000e-003
  4.6660000e+003  1.8500000e+002 -2.9000000e-002  1.0000000e-003
  4.6860000e+003  1.8620000e+002 -2.9000000e-002  1.0000000e-003
  4.7060000e+003  1.8690000e+002 -2.9000000e-002  1.0000000e-003
  4.7260000e+003  1.8810000e+002 -3.0000000e-002  1.0000000e-003
  4.7460000e+003  1.8920000e+002 -3.0000000e-002  1.0000000e-003
  4.7660000e+003  1.9020000e+002 -3.0000000e-002  1.0000000e-003
  4.7860000e+003  1.9130000e+002 -3.0000000e-002  1.0000000e-003
  4.8060000e+003  1.9270000e+002 -3.0000000e-002  1.0000000e-003
  4.8260000e+003  1.9370000e+002 -3.1000000e-002  1.0000000e-003
  4.8460000e+003  1.9480000e+002 -3.1000000e-002  1.0000000e-003
  4.8660000e+003  1.9620000e+002 -3.1000000e-002  1.0000000e-003
  4.8860000e+003  1.9720000e+002 -3.1000000e-002  1.0000000e-003
  4.9060000e+003  1.9830000e+002 -3.1000000e-002  1.0000000e-003
  4.9260000e+003  1.9970000e+002 -3.2000000e-002  1.0000000e-003
  4.9460000e+003  2.0070000e+002 -3.2000000e-002  1.0000000e-003
  4.9660000e+003  2.0190000e+002 -3.2000000e-002  1.0000000e-003
  4.9860000e+003  2.0280000e+002 -3.2000000e-002  1.0000000e-003
  5.0060000e+003  2.0420000e+002 -3.2000000e-002  1.0000000e-003
  5.0260000e+003  2.0530000e+002 -3.2000000e-002  1.0000000e-003
  5.0460000e+003  2.0610000e+002 -3.2000000e-002  1.0000000e-003
  5.0660000e+003  2.0750000e+002 -3.3000000e-002  1.0000000e-003
  5.0860000e+003  2.0860000e+002 -3.3000000e-002  1.0000000e-003
  5.1060000e+003  2.0960000e+002 -3.3000000e-002  1.0000000e-003
  5.1260000e+003  2.1070000e+002 -3.3000000e-002  1.0000000e-003
  5.1460000e+003  2.1190000e+002 -3.3000000e-002  1.0000000e-003
  5.1660000e+003  2.1280000e+002 -3.3000000e-002  1.0000000e-003
  5.1860000e+003  2.1420000e+002 -3.3000000e-002  1.0000000e-003
  5.2060000e+003  2.1510000e+002 -3.4000000e-002  1.0000000e-003
  5.2260000e+003  2.1650000e+002 -3.4000000e-002  1.0000000e-003
  5.2460000e+003  2.1740000e+002 -3.4000000e-002  1.0000000e-003
  5.2660000e+003  2.1860000e+002 -3.4000000e-002  1.0000000e-003
  5.2860000e+003  2.1930000e+002 -3.4000000e-002  1.0000000e-003
  5.3060000e+003  2.2050000e+002 -3.4000000e-002  1.0000000e-003
  5.3260000e+003  2.2140000e+002 -3.4000000e-002  1.0000000e-003
  5.3460000e+003  2.2260000e+002 -3.4000000e-002  1.0000000e-003
  5.3660000e+003  2.2380000e+002 -3.4000000e-002  1.0000000e-003
  5.3860000e+003  2.2490000e+002 -3.5000000e-002  1.0000000e-003
  5.4060000e+003  2.2610000e+002 -3.5000000e-002  1.0000000e-003
  5.4260000e+003  2.2750000e+002 -3.5000000e-002  1.0000000e-003
  5.4460000e+003  2.2860000e+002 -3.5000000e-002  1.0000000e-003
  5.4660000e+003  2.2980000e+002 -3.5000000e-002  1.0000000e-003
  5.4870000e+003  2.3080000e+002 -3.5000000e-002  1.0000000e-003
  5.5070000e+003  2.3210000e+002 -3.5000000e-002  1.0000000e-003
  5.5270000e+003  2.3330000e+002 -3.5000000e-002  1.0000000e-003
  5.5470000e+003  2.3450000e+002 -3.5000000e-002  1.0000000e-003
  5.5670000e+003  2.3560000e+002 -3.5000000e-002  1.0000000e-003
  5.5870000e+003  2.3680000e+002 -3.6000000e-002  1.0000000e-003
  5.6070000e+003  2.3800000e+002 -3.6000000e-002  1.0000000e-003
  5.6270000e+003  2.3910000e+002 -3.6000000e-002  1.0000000e-003
  5.6470000e+003  2.3990000e+002 -3.6000000e-002  1.0000000e-003
  5.6670000e+003  2.4100000e+002 -3.6000000e-002  1.0000000e-003
  5.6870000e+003  2.4240000e+002 -3.6000000e-002  1.0000000e-003
  5.7070000e+003  2.4340000e+002 -3.6000000e-002  1.0000000e-003
  5.7270000e+003  2.4410000e+002 -3.6000000e-002  1.0000000e-003
  5.7470000e+003  2.4590000e+002 -3.6000000e-002  1.0000000e-003
  5.7670000e+003  2.4690000e+002 -3.7000000e-002  1.0000000e-003
  5.7870000e+003  2.4800000e+002 -3.7000000e-002  1.0000000e-003
  5.8070000e+003  2.4920000e+002 -3.7000000e-002  1.0000000e-003
  5.8270000e+003  2.5060000e+002 -3.7000000e-002  1.0000000e-003
  5.8470000e+003  2.5170000e+002 -3.7000000e-002  1.0000000e-003
  5.8670000e+003  2.5310000e+002 -3.7000000e-002  1.0000000e-003
  5.8870000e+003  2.5410000e+002 -3.7000000e-002  1.0000000e-003
  5.9070000e+003  2.5510000e+002 -3.7000000e-002  1.0000000e-003
  5.9270000e+003  2.5650000e+002 -3.7000000e-002  1.0000000e-003
  5.9470000e+003  2.5780000e+002 -3.8000000e-002  1.0000000e-003
  5.9670000e+003  2.5880000e+002 -3.8000000e-002  1.0000000e-003
  5.9870000e+003  2.6000000e+002 -3.8000000e-002  1.0000000e-003
  6.0070000e+003  2.6130000e+002 -3.8000000e-002  1.0000000e-003
  6.0270000e+003  2.6250000e+002 -3.8000000e-002  1.0000000e-003
  6.0470000e+003  2.6350000e+002 -3.8000000e-002  1.0000000e-003
  6.0670000e+003  2.6500000e+002 -3.9000000e-002  1.0000000e-003
  6.0870000e+003  2.6600000e+002 -3.9000000e-002  1.0000000e-003
  6.1070000e+003  2.6720000e+002 -3.9000000e-002  1.0000000e-003
  6.1270000e+003  2.6830000e+002 -3.9000000e-002  1.0000000e-003
  6.1470000e+003  2.6970000e+002 -3.9000000e-002  1.0000000e-003
  6.1670000e+003  2.7070000e+002 -3.9000000e-002  1.0000000e-003
  6.1870000e+003  2.7160000e+002 -4.0000000e-002  1.0000000e-003
  6.2080000e+003  2.7260000e+002 -4.0000000e-002  1.0000000e-003
  6.2280000e+003  2.7370000e+002 -4.0000000e-002  1.0000000e-003
  6.2480000e+003  2.7510000e+002 -4.0000000e-002  1.0000000e-003
  6.2680000e+003  2.7610000e+002 -4.0000000e-002  1.0000000e-003
  6.2880000e+003  2.7720000e+002 -4.0000000e-002  1.0000000e-003
  6.3080000e+003  2.7860000e+002 -4.1000000e-002  1.0000000e-003
  6.3280000e+003  2.7960000e+002 -4.1000000e-002  1.0000000e-003
  6.3480000e+003  2.8070000e+002 -4.1000000e-002  1.0000000e-003
  6.3680000e+003  2.8190000e+002 -4.1000000e-002  1.0000000e-003
  6.3880000e+003  2.8300000e+002 -4.1000000e-002  1.0000000e-003
  6.4080000e+003  2.8440000e+002 -4.1000000e-002  1.0000000e-003
  6.4280000e+003  2.8540000e+002 -4.2000000e-002  1.0000000e-003
  6.4480000e+003  2.8660000e+002 -4.2000000e-002  1.0000000e-003
  6.4680000e+003  2.8790000e+002 -4.2000000e-002  1.0000000e-003
  6.4880000e+003  2.8890000e+002 -4.2000000e-002  1.0000000e-003
  6.5080000e+003  2.9030000e+002 -4.2000000e-002  1.0000000e-003
  6.5280000e+003  2.9120000e+002 -4.2000000e-002  1.0000000e-003
  6.5480000e+003  2.9230000e+002 -4.2000000e-002  1.0000000e-003
  6.5680000e+003  2.9370000e+002 -4.3000000e-002  1.0000000e-003
  6.5880000e+003  2.9470000e+002 -4.3000000e-002  1.0000000e-003
  6.6080000e+003  2.9580000e+002 -4.3000000e-002  1.0000000e-003
  6.6280000e+003  2.9700000e+002 -4.3000000e-002  1.0000000e-003
  6.6480000e+003  2.9800000e+002 -4.3000000e-002  1.0000000e-003
  6.6680000e+003  2.9930000e+002 -4.3000000e-002  1.0000000e-003
  6.6880000e+003  3.0050000e+002 -4.3000000e-002  1.0000000e-003
  6.7080000e+003  3.0170000e+002 -4.4000000e-002  1.0000000e-003
  6.7280000e+003  3.0290000e+002 -4.4000000e-002  1.0000000e-003
  6.7490000e+003  3.0400000e+002 -4.4000000e-002  1.0000000e-003
  6.7730000e+003  3.0570000e+002 -4.4000000e-002  1.0000000e-003
  6.7940000e+003  3.0640000e+002 -4.4000000e-002  1.0000000e-003
  6.8140000e+003  3.0800000e+002 -4.4000000e-002  1.0000000e-003
  6.8340000e+003  3.0900000e+002 -4.4000000e-002  1.0000000e-003
  6.8540000e+003  3.1010000e+002 -4.4000000e-002  1.0000000e-003
  6.8740000e+003  3.1150000e+002 -4.4000000e-002  1.0000000e-003
  6.8940000e+003  3.1270000e+002 -4.4000000e-002  1.0000000e-003
  6.9140000e+003  3.1410000e+002 -4.5000000e-002  1.0000000e-003
  6.9340000e+003  3.1520000e+002 -4.5000000e-002  1.0000000e-003
  6.9540000e+003  3.1600000e+002 -4.5000000e-002  1.0000000e-003
  6.9740000e+003  3.1710000e+002 -4.5000000e-002  1.0000000e-003
  6.9940000e+003  3.1820000e+002 -4.5000000e-002  1.0000000e-003
  7.0140000e+003  3.1920000e+002 -4.5000000e-002  1.0000000e-003
  7.0340000e+003  3.2080000e+002 -4.5000000e-002  1.0000000e-003
  7.0540000e+003  3.2180000e+002 -4.5000000e-002  1.0000000e-003
  7.0740000e+003  3.2300000e+002 -4.6000000e-002  1.0000000e-003
  7.0940000e+003  3.2410000e+002 -4.6000000e-002  1.0000000e-003
  7.1140000e+003  3.2550000e+002 -4.6000000e-002  1.0000000e-003
  7.1340000e+003  3.2670000e+002 -4.6000000e-002  1.0000000e-003
  7.1540000e+003  3.2830000e+002 -4.6000000e-002  1.0000000e-003
  7.1740000e+003  3.2940000e+002 -4.6000000e-002  1.0000000e-003
  7.1940000e+003  3.3020000e+002 -4.6000000e-002  1.0000000e-003
  7.2140000e+003  3.3180000e+002 -4.6000000e-002  1.0000000e-003
  7.2340000e+003  3.3270000e+002 -4.6000000e-002  1.0000000e-003
  7.2540000e+003  3.3430000e+002 -4.7000000e-002  1.0000000e-003
  7.2740000e+003  3.3530000e+002 -4.7000000e-002  1.0000000e-003
  7.2940000e+003  3.3670000e+002 -4.7000000e-002  1.0000000e-003
  7.3140000e+003  3.3770000e+002 -4.7000000e-002  1.0000000e-003
  7.3340000e+003  3.3880000e+002 -4.7000000e-002  1.0000000e-003
  7.3540000e+003  3.4000000e+002 -4.7000000e-002  1.0000000e-003
  7.3740000e+003  3.4140000e+002 -4.7000000e-002  1.0000000e-003
  7.3940000e+003  3.4270000e+002 -4.7000000e-002  1.0000000e-003
  7.4140000e+003  3.4370000e+002 -4.7000000e-002  1.0000000e-003
  7.4340000e+003  3.4490000e+002 -4.7000000e-002  1.0000000e-003
  7.4540000e+003  3.4600000e+002 -4.8000000e-002  1.0000000e-003
  7.4740000e+003  3.4720000e+002 -4.8000000e-002  1.0000000e-003
  7.4950000e+003  3.4830000e+002 -4.8000000e-002  1.0000000e-003
  7.5150000e+003  3.4960000e+002 -4.8000000e-002  1.0000000e-003
  7.5350000e+003  3.5090000e+002 -4.8000000e-002  1.0000000e-003
  7.5550000e+003  3.5210000e+002 -4.8000000e-002  1.0000000e-003
  7.5750000e+003  3.5310000e+002 -4.8000000e-002  1.0000000e-003
  7.5950000e+003  3.5460000e+002 -4.8000000e-002  1.0000000e-003
  7.6150000e+003  3.5530000e+002 -4.9000000e-002  1.0000000e-003
  7.6350000e+003  3.5660000e+002 -4.9000000e-002  1.0000000e-003
  7.6550000e+003  3.5770000e+002 -4.9000000e-002  1.0000000e-003
  7.6750000e+003  3.5890000e+002 -4.9000000e-002  1.0000000e-003
  7.6950000e+003  3.6000000e+002 -4.9000000e-002  1.0000000e-003
  7.7150000e+003  3.6120000e+002 -4.9000000e-002  1.0000000e-003
  7.7350000e+003  3.6260000e+002 -4.9000000e-002  1.0000000e-003
  7.7550000e+003  3.6360000e+002 -4.9000000e-002  1.0000000e-003
  7.7750000e+003  3.6470000e+002 -4.9000000e-002  1.0000000e-003
  7.7950000e+003  3.6610000e+002 -4.9000000e-002  1.0000000e-003
  7.8150000e+003  3.6730000e+002 -4.9000000e-002  1.0000000e-003
  7.8350000e+003  3.6850000e+002 -5.0000000e-002  1.0000000e-003
  7.8550000e+003  3.6980000e+002 -5.0000000e-002  1.0000000e-003
  7.8750000e+003  3.7080000e+002 -5.0000000e-002  1.0000000e-003
  7.8950000e+003  3.7190000e+002 -5.0000000e-002  1.0000000e-003
  7.9150000e+003  3.7310000e+002 -5.0000000e-002  1.0000000e-003
  7.9350000e+003  3.7380000e+002 -5.0000000e-002  1.0000000e-003
  7.9550000e+003  3.7500000e+002 -5.0000000e-002  1.0000000e-003
  7.9750000e+003  3.7640000e+002 -5.0000000e-002  1.0000000e-003
  7.9950000e+003  3.7760000e+002 -5.0000000e-002  1.0000000e-003
  8.0150000e+003  3.7870000e+002 -5.0000000e-002  1.0000000e-003
  8.0350000e+003  3.7990000e+002 -5.1000000e-002  1.0000000e-003
  8.0550000e+003  3.8100000e+002 -5.1000000e-002  1.0000000e-003
  8.0750000e+003  3.8220000e+002 -5.1000000e-002  1.0000000e-003
  8.0950000e+003  3.8340000e+002 -5.1000000e-002  1.0000000e-003
  8.1150000e+003  3.8480000e+002 -5.1000000e-002  1.0000000e-003
  8.1350000e+003  3.8570000e+002 -5.1000000e-002  1.0000000e-003
  8.1550000e+003  3.8710000e+002 -5.1000000e-002  1.0000000e-003
  8.1760000e+003  3.8830000e+002 -5.1000000e-002  1.0000000e-003
  8.2000000e+003  3.8950000e+002 -5.2000000e-002  1.0000000e-003
  8.2200000e+003  3.9080000e+002 -5.2000000e-002  1.0000000e-003
  8.2400000e+003  3.9220000e+002 -5.2000000e-002  1.0000000e-003
  8.2600000e+003  3.9320000e+002 -5.2000000e-002  1.0000000e-003
  8.2800000e+003  3.9430000e+002 -5.2000000e-002  1.0000000e-003
  8.3000000e+003  3.9530000e+002 -5.2000000e-002  1.0000000e-003
  8.3210000e+003  3.9650000e+002 -5.2000000e-002  1.0000000e-003
  8.3450000e+003  3.9810000e+002 -5.2000000e-002  1.0000000e-003
  8.3650000e+003  3.9940000e+002 -5.2000000e-002  1.0000000e-003
  8.3850000e+003  4.0040000e+002 -5.2000000e-002  1.0000000e-003
  8.4050000e+003  4.0160000e+002 -5.2000000e-002  1.0000000e-003
  8.4250000e+003  4.0290000e+002 -5.3000000e-002  1.0000000e-003
  8.4450000e+003  4.0390000e+002 -5.3000000e-002  1.0000000e-003
  8.4650000e+003  4.0530000e+002 -5.3000000e-002  1.0000000e-003
  8.4860000e+003  4.0640000e+002 -5.3000000e-002  1.0000000e-003
  8.5060000e+003  4.0760000e+002 -5.3000000e-002  1.0000000e-003
  8.5260000e+003  4.0880000e+002 -5.3000000e-002  1.0000000e-003
  8.5460000e+003  4.1000000e+002 -5.3000000e-002  1.0000000e-003
  8.5660000e+003  4.1110000e+002 -5.3000000e-002  1.0000000e-003
  8.5860000e+003  4.1230000e+002 -5.4000000e-002  1.0000000e-003
  8.6060000e+003  4.1350000e+002 -5.4000000e-002  1.0000000e-003
  8.6260000e+003  4.1460000e+002 -5.4000000e-002  1.0000000e-003
  8.6460000e+003  4.1580000e+002 -5.4000000e-002  1.0000000e-003
  8.6660000e+003  4.1670000e+002 -5.4000000e-002  1.0000000e-003
  8.6860000e+003  4.1810000e+002 -5.4000000e-002  1.0000000e-003
  8.7060000e+003  4.1910000e+002 -5.4000000e-002  1.0000000e-003
  8.7260000e+003  4.2020000e+002 -5.4000000e-002  1.0000000e-003
  8.7460000e+003  4.2160000e+002 -5.4000000e-002  1.0000000e-003
  8.7660000e+003  4.2260000e+002 -5.4000000e-002  1.0000000e-003
  8.7860000e+003  4.2370000e+002 -5.4000000e-002  1.0000000e-003
  8.8060000e+003  4.2490000e+002 -5.4000000e-002  1.0000000e-003
  8.8260000e+003  4.2610000e+002 -5.5000000e-002  1.0000000e-003
  8.8460000e+003  4.2720000e+002 -5.5000000e-002  1.0000000e-003
  8.8660000e+003  4.2880000e+002 -5.5000000e-002  1.0000000e-003
  8.8860000e+003  4.2960000e+002 -5.5000000e-002  1.0000000e-003
  8.9060000e+003  4.3100000e+002 -5.5000000e-002  1.0000000e-003
  8.9260000e+003  4.3210000e+002 -5.5000000e-002  1.0000000e-003
  8.9460000e+003  4.3330000e+002 -5.5000000e-002  1.0000000e-003
  8.9660000e+003  4.3450000e+002 -5.6000000e-002  1.0000000e-003
  8.9860000e+003  4.3590000e+002 -5.6000000e-002  1.0000000e-003
  9.0060000e+003  4.3700000e+002 -5.6000000e-002  1.0000000e-003
  9.0260000e+003  4.3800000e+002 -5.6000000e-002  1.0000000e-003
  9.0460000e+003  4.3910000e+002 -5.6000000e-002  1.0000000e-003
  9.0660000e+003  4.4030000e+002 -5.6000000e-002  1.0000000e-003
  9.0860000e+003  4.4140000e+002 -5.6000000e-002  1.0000000e-003
  9.1070000e+003  4.4220000e+002 -5.6000000e-002  1.0000000e-003
  9.1270000e+003  4.4380000e+002 -5.7000000e-002  1.0000000e-003
  9.1470000e+003  4.4490000e+002 -5.7000000e-002  1.0000000e-003
  9.1670000e+003  4.4610000e+002 -5.7000000e-002  1.0000000e-003
  9.1870000e+003  4.4710000e+002 -5.7000000e-002  1.0000000e-003
  9.2070000e+003  4.4800000e+002 -5.7000000e-002  1.0000000e-003
  9.2270000e+003  4.4920000e+002 -5.7000000e-002  1.0000000e-003
  9.2470000e+003  4.5060000e+002 -5.8000000e-002  1.0000000e-003
  9.2670000e+003  4.5180000e+002 -5.8000000e-002  1.0000000e-003
  9.2870000e+003  4.5270000e+002 -5.8000000e-002  1.0000000e-003
  9.3070000e+003  4.5400000e+002 -5.8000000e-002  1.0000000e-003
  9.3270000e+003  4.5520000e+002 -5.8000000e-002  1.0000000e-003
  9.3470000e+003  4.5640000e+002 -5.8000000e-002  1.0000000e-003
  9.3670000e+003  4.5740000e+002 -5.9000000e-002  1.0000000e-003
  9.3870000e+003  4.5850000e+002 -5.9000000e-002  1.0000000e-003
  9.4070000e+003  4.5970000e+002 -5.9000000e-002  1.0000000e-003
  9.4270000e+003  4.6090000e+002 -5.9000000e-002  1.0000000e-003
  9.4470000e+003  4.6160000e+002 -5.9000000e-002  1.0000000e-003
  9.4670000e+003  4.6290000e+002 -6.0000000e-002  1.0000000e-003
  9.4870000e+003  4.6390000e+002 -6.0000000e-002  1.0000000e-003
  9.5070000e+003  4.6510000e+002 -6.0000000e-002  1.0000000e-003
  9.5270000e+003  4.6620000e+002 -6.0000000e-002  1.0000000e-003
  9.5470000e+003  4.6710000e+002 -6.0000000e-002  1.0000000e-003
  9.5670000e+003  4.6850000e+002 -6.1000000e-002  1.0000000e-003
  9.5870000e+003  4.6950000e+002 -6.1000000e-002  1.0000000e-003
  9.6070000e+003  4.7080000e+002 -6.1000000e-002  1.0000000e-003
  9.6270000e+003  4.7200000e+002 -6.1000000e-002  1.0000000e-003
  9.6470000e+003  4.7290000e+002 -6.1000000e-002  1.0000000e-003
  9.6670000e+003  4.7410000e+002 -6.2000000e-002  1.0000000e-003
  9.6870000e+003  4.7530000e+002 -6.2000000e-002  1.0000000e-003
  9.7070000e+003  4.7630000e+002 -6.2000000e-002  1.0000000e-003
  9.7270000e+003  4.7740000e+002 -6.2000000e-002  1.0000000e-003
  9.7470000e+003  4.7880000e+002 -6.2000000e-002  1.0000000e-003
  9.7670000e+003  4.7970000e+002 -6.2000000e-002  1.0000000e-003
  9.7870000e+003  4.8070000e+002 -6.3000000e-002  1.0000000e-003
  9.8070000e+003  4.8200000e+002 -6.3000000e-002  1.0000000e-003
  9.8280000e+003  4.8300000e+002 -6.3000000e-002  1.0000000e-003
  9.8520000e+003  4.8460000e+002 -6.3000000e-002  1.0000000e-003
  9.8720000e+003  4.8540000e+002 -6.3000000e-002  1.0000000e-003
  9.8930000e+003  4.8650000e+002 -6.3000000e-002  1.0000000e-003
  9.9130000e+003  4.8760000e+002 -6.4000000e-002  1.0000000e-003
  9.9330000e+003  4.8880000e+002 -6.4000000e-002  1.0000000e-003
  9.9530000e+003  4.8980000e+002 -6.4000000e-002  1.0000000e-003
  9.9730000e+003  4.9090000e+002 -6.4000000e-002  1.0000000e-003
  9.9930000e+003  4.9180000e+002 -6.4000000e-002  1.0000000e-003
  1.0013000e+004  4.9300000e+002 -6.4000000e-002  1.0000000e-003
  1.0033000e+004  4.9420000e+002 -6.5000000e-002  1.0000000e-003
  1.0053000e+004  4.9530000e+002 -6.5000000e-002  1.0000000e-003
  1.0073000e+004  4.9630000e+002 -6.5000000e-002  1.0000000e-003
  1.0093000e+004  4.9750000e+002 -6.5000000e-002  1.0000000e-003
  1.0113000e+004  4.9860000e+002 -6.5000000e-002  1.0000000e-003
  1.0133000e+004  4.9960000e+002 -6.6000000e-002  1.0000000e-003
  1.0153000e+004  5.0090000e+002 -6.6000000e-002  1.0000000e-003
  1.0173000e+004  5.0190000e+002 -6.6000000e-002  1.0000000e-003
  1.0193000e+004  5.0330000e+002 -6.6000000e-002  1.0000000e-003
  1.0213000e+004  5.0420000e+002 -6.6000000e-002  1.0000000e-003
  1.0233000e+004  5.0520000e+002 -6.7000000e-002  1.0000000e-003
  1.0253000e+004  5.0650000e+002 -6.7000000e-002  1.0000000e-003
  1.0273000e+004  5.0750000e+002 -6.7000000e-002  1.0000000e-003
  1.0293000e+004  5.0840000e+002 -6.7000000e-002  1.0000000e-003
  1.0313000e+004  5.0960000e+002 -6.8000000e-002  1.0000000e-003
  1.0333000e+004  5.1050000e+002 -6.8000000e-002  1.0000000e-003
  1.0353000e+004  5.1170000e+002 -6.8000000e-002  1.0000000e-003
  1.0373000e+004  5.1260000e+002 -6.9000000e-002  1.0000000e-003
  1.0393000e+004  5.1400000e+002 -6.9000000e-002  1.0000000e-003
  1.0413000e+004  5.1480000e+002 -6.9000000e-002  1.0000000e-003
  1.0433000e+004  5.1630000e+002 -6.9000000e-002  1.0000000e-003
  1.0453000e+004  5.1710000e+002 -7.0000000e-002  1.0000000e-003
  1.0473000e+004  5.1850000e+002 -7.0000000e-002  1.0000000e-003
  1.0493000e+004  5.1940000e+002 -7.0000000e-002  1.0000000e-003
  1.0513000e+004  5.2050000e+002 -7.1000000e-002  1.0000000e-003
  1.0533000e+004  5.2170000e+002 -7.1000000e-002  1.0000000e-003
  1.0553000e+004  5.2270000e+002 -7.1000000e-002  1.0000000e-003
  1.0573000e+004  5.2380000e+002 -7.2000000e-002  1.0000000e-003
  1.0594000e+004  5.2500000e+002 -7.2000000e-002  1.0000000e-003
  1.0614000e+004  5.2600000e+002 -7.2000000e-002  1.0000000e-003
  1.0634000e+004  5.2710000e+002 -7.2000000e-002  1.0000000e-003
  1.0654000e+004  5.2830000e+002 -7.3000000e-002  1.0000000e-003
  1.0674000e+004  5.2920000e+002 -7.3000000e-002  1.0000000e-003
  1.0694000e+004  5.3030000e+002 -7.3000000e-002  1.0000000e-003
  1.0714000e+004  5.3150000e+002 -7.3000000e-002  1.0000000e-003
  1.0734000e+004  5.3250000e+002 -7.4000000e-002  1.0000000e-003
  1.0754000e+004  5.3360000e+002 -7.4000000e-002  1.0000000e-003
  1.0774000e+004  5.3460000e+002 -7.4000000e-002  1.0000000e-003
  1.0794000e+004  5.3550000e+002 -7.4000000e-002  1.0000000e-003
  1.0814000e+004  5.3670000e+002 -7.5000000e-002  1.0000000e-003
  1.0834000e+004  5.3760000e+002 -7.5000000e-002  1.0000000e-003
  1.0854000e+004  5.3920000e+002 -7.5000000e-002  1.0000000e-003
  1.0874000e+004  5.4000000e+002 -7.5000000e-002  1.0000000e-003
  1.0894000e+004  5.4110000e+002 -7.6000000e-002  1.0000000e-003
  1.0914000e+004  5.4230000e+002 -7.6000000e-002  1.0000000e-003
  1.0934000e+004  5.4350000e+002 -7.6000000e-002  1.0000000e-003
  1.0954000e+004  5.4460000e+002 -7.6000000e-002  1.0000000e-003
  1.0974000e+004  5.4580000e+002 -7.7000000e-002  1.0000000e-003
  1.0994000e+004  5.4670000e+002 -7.7000000e-002  1.0000000e-003
  1.1014000e+004  5.4790000e+002 -7.7000000e-002  1.0000000e-003
  1.1034000e+004  5.4900000e+002 -7.8000000e-002  1.0000000e-003
  1.1054000e+004  5.5020000e+002 -7.8000000e-002  1.0000000e-003
  1.1074000e+004  5.5160000e+002 -7.8000000e-002  1.0000000e-003
  1.1094000e+004  5.5230000e+002 -7.9000000e-002  1.0000000e-003
  1.1114000e+004  5.5350000e+002 -7.9000000e-002  1.0000000e-003
  1.1134000e+004  5.5460000e+002 -8.0000000e-002  1.0000000e-003
  1.1154000e+004  5.5560000e+002 -8.0000000e-002  1.0000000e-003
  1.1174000e+004  5.5670000e+002 -8.0000000e-002  1.0000000e-003
  1.1194000e+004  5.5750000e+002 -8.1000000e-002  1.0000000e-003
  1.1214000e+004  5.5880000e+002 -8.1000000e-002  1.0000000e-003
  1.1235000e+004  5.5950000e+002 -8.2000000e-002  1.0000000e-003
  1.1255000e+004  5.6070000e+002 -8.2000000e-002  1.0000000e-003
  1.1275000e+004  5.6170000e+002 -8.2000000e-002  1.0000000e-003
  1.1295000e+004  5.6280000e+002 -8.3000000e-002  1.0000000e-003
  1.1315000e+004  5.6380000e+002 -8.3000000e-002  1.0000000e-003
  1.1335000e+004  5.6490000e+002 -8.4000000e-002  1.0000000e-003
  1.1355000e+004  5.6600000e+002 -8.4000000e-002  1.0000000e-003
  1.1375000e+004  5.6700000e+002 -8.4000000e-002  1.0000000e-003
  1.1395000e+004  5.6820000e+002 -8.4000000e-002  1.0000000e-003
  1.1415000e+004  5.6930000e+002 -8.5000000e-002  1.0000000e-003
  1.1435000e+004  5.7050000e+002 -8.5000000e-002  1.0000000e-003
  1.1455000e+004  5.7140000e+002 -8.6000000e-002  1.0000000e-003
  1.1475000e+004  5.7260000e+002 -8.6000000e-002  1.0000000e-003
  1.1495000e+004  5.7350000e+002 -8.7000000e-002  1.0000000e-003
  1.1515000e+004  5.7470000e+002 -8.7000000e-002  1.0000000e-003
  1.1535000e+004  5.7580000e+002 -8.7000000e-002  1.0000000e-003
  1.1555000e+004  5.7680000e+002 -8.8000000e-002  1.0000000e-003
  1.1575000e+004  5.7770000e+002 -8.8000000e-002  1.0000000e-003
  1.1595000e+004  5.7870000e+002 -8.9000000e-002  1.0000000e-003
  1.1615000e+004  5.8010000e+002 -8.9000000e-002  1.0000000e-003
  1.1635000e+004  5.8080000e+002 -9.0000000e-002  1.0000000e-003
  1.1655000e+004  5.8170000e+002 -9.0000000e-002  1.0000000e-003
  1.1675000e+004  5.8310000e+002 -9.0000000e-002  1.0000000e-003
  1.1695000e+004  5.8400000e+002 -9.1000000e-002  1.0000000e-003
  1.1715000e+004  5.8500000e+002 -9.1000000e-002  1.0000000e-003
  1.1735000e+004  5.8610000e+002 -9.2000000e-002  1.0000000e-003
  1.1755000e+004  5.8710000e+002 -9.2000000e-002  1.0000000e-003
  1.1775000e+004  5.8820000e+002 -9.3000000e-002  1.0000000e-003
  1.1795000e+004  5.8940000e+002 -9.3000000e-002  1.0000000e-003
  1.1815000e+004  5.9060000e+002 -9.3000000e-002  1.0000000e-003
  1.1835000e+004  5.9130000e+002 -9.4000000e-002  1.0000000e-003
  1.1855000e+004  5.9240000e+002 -9.4000000e-002  1.0000000e-003
  1.1875000e+004  5.9360000e+002 -9.5000000e-002  1.0000000e-003
  1.1895000e+004  5.9480000e+002 -9.5000000e-002  1.0000000e-003
  1.1915000e+004  5.9610000e+002 -9.6000000e-002  1.0000000e-003
  1.1935000e+004  5.9680000e+002 -9.6000000e-002  1.0000000e-003
  1.1955000e+004  5.9800000e+002 -9.7000000e-002  1.0000000e-003
  1.1975000e+004  5.9890000e+002 -9.7000000e-002  1.0000000e-003
  1.1995000e+004  6.0010000e+002 -9.8000000e-002  1.0000000e-003
  1.2015000e+004  6.0100000e+002 -9.8000000e-002  1.0000000e-003
  1.2035000e+004  6.0230000e+002 -9.9000000e-002  1.0000000e-003
  1.2055000e+004  6.0300000e+002 -9.9000000e-002  1.0000000e-003
  1.2075000e+004  6.0410000e+002 -1.0000000e-001  1.0000000e-003
  1.2095000e+004  6.0520000e+002 -1.0100000e-001  1.0000000e-003
  1.2115000e+004  6.0640000e+002 -1.0100000e-001  1.0000000e-003
  1.2135000e+004  6.0730000e+002 -1.0200000e-001  1.0000000e-003
  1.2155000e+004  6.0830000e+002 -1.0200000e-001  1.0000000e-003
  1.2176000e+004  6.0930000e+002 -1.0300000e-001  1.0000000e-003
  1.2196000e+004  6.1060000e+002 -1.0300000e-001  1.0000000e-003
  1.2216000e+004  6.1130000e+002 -1.0400000e-001  1.0000000e-003
  1.2236000e+004  6.1250000e+002 -1.0400000e-001  1.0000000e-003
  1.2256000e+004  6.1370000e+002 -1.0500000e-001  1.0000000e-003
  1.2276000e+004  6.1440000e+002 -1.0500000e-001  1.0000000e-003
  1.2296000e+004  6.1600000e+002 -1.0600000e-001  1.0000000e-003
  1.2316000e+004  6.1690000e+002 -1.0600000e-001  1.0000000e-003
  1.2336000e+004  6.1790000e+002 -1.0700000e-001  1.0000000e-003
  1.2356000e+004  6.1920000e+002 -1.0700000e-001  1.0000000e-003
  1.2376000e+004  6.2000000e+002 -1.0800000e-001  1.0000000e-003
  1.2396000e+004  6.2140000e+002 -1.0900000e-001  1.0000000e-003
  1.2416000e+004  6.2250000e+002 -1.0900000e-001  1.0000000e-003
  1.2436000e+004  6.2330000e+002 -1.1000000e-001  1.0000000e-003
  1.2456000e+004  6.2420000e+002 -1.1100000e-001  1.0000000e-003
  1.2476000e+004  6.2530000e+002 -1.1100000e-001  1.0000000e-003
  1.2496000e+004  6.2650000e+002 -1.1200000e-001  1.0000000e-003
  1.2516000e+004  6.2760000e+002 -1.1300000e-001  1.0000000e-003
  1.2536000e+004  6.2840000e+002 -1.1300000e-001  1.0000000e-003
  1.2556000e+004  6.2950000e+002 -1.1400000e-001  1.0000000e-003
  1.2576000e+004  6.3070000e+002 -1.1400000e-001  1.0000000e-003
  1.2596000e+004  6.3160000e+002 -1.1500000e-001  1.0000000e-003
  1.2616000e+004  6.3260000e+002 -1.1500000e-001  1.0000000e-003
  1.2636000e+004  6.3370000e+002 -1.1600000e-001  1.0000000e-003
  1.2656000e+004  6.3510000e+002 -1.1600000e-001  1.0000000e-003
  1.2676000e+004  6.3560000e+002 -1.1700000e-001  1.0000000e-003
  1.2696000e+004  6.3680000e+002 -1.1800000e-001  1.0000000e-003
  1.2716000e+004  6.3790000e+002 -1.1800000e-001  1.0000000e-003
  1.2736000e+004  6.3910000e+002 -1.1900000e-001  1.0000000e-003
  1.2756000e+004  6.4000000e+002 -1.2000000e-001  1.0000000e-003
  1.2776000e+004  6.4140000e+002 -1.2100000e-001  1.0000000e-003
  1.2796000e+004  6.4230000e+002 -1.2200000e-001  1.0000000e-003
  1.2816000e+004  6.4330000e+002 -1.2200000e-001  1.0000000e-003
  1.2836000e+004  6.4450000e+002 -1.2300000e-001  1.0000000e-003
  1.2856000e+004  6.4560000e+002 -1.2400000e-001  1.0000000e-003
  1.2876000e+004  6.4650000e+002 -1.2400000e-001  1.0000000e-003
  1.2896000e+004  6.4790000e+002 -1.2500000e-001  1.0000000e-003
  1.2917000e+004  6.4890000e+002 -1.2600000e-001  1.0000000e-003
  1.2941000e+004  6.5000000e+002 -1.2700000e-001  1.0000000e-003
  1.2961000e+004  6.5120000e+002 -1.2800000e-001  1.0000000e-003
  1.2981000e+004  6.5220000e+002 -1.2800000e-001  1.0000000e-003
  1.3001000e+004  6.5310000e+002 -1.2900000e-001  1.0000000e-003
  1.3021000e+004  6.5420000e+002 -1.3000000e-001  1.0000000e-003
  1.3041000e+004  6.5520000e+002 -1.3100000e-001  1.0000000e-003
  1.3061000e+004  6.5640000e+002 -1.3200000e-001  1.0000000e-003
  1.3081000e+004  6.5730000e+002 -1.3300000e-001  1.0000000e-003
  1.3101000e+004  6.5830000e+002 -1.3300000e-001  1.0000000e-003
  1.3122000e+004  6.5920000e+002 -1.3400000e-001  1.0000000e-003
  1.3142000e+004  6.6030000e+002 -1.3500000e-001  1.0000000e-003
  1.3162000e+004  6.6150000e+002 -1.3600000e-001  1.0000000e-003
  1.3182000e+004  6.6250000e+002 -1.3700000e-001  1.0000000e-003
  1.3202000e+004  6.6360000e+002 -1.3800000e-001  1.0000000e-003
  1.3222000e+004  6.6460000e+002 -1.3900000e-001  1.0000000e-003
  1.3242000e+004  6.6570000e+002 -1.4000000e-001  1.0000000e-003
  1.3262000e+004  6.6670000e+002 -1.4100000e-001  1.0000000e-003
  1.3282000e+004  6.6760000e+002 -1.4200000e-001  1.0000000e-003
  1.3302000e+004  6.6870000e+002 -1.4300000e-001  1.0000000e-003
  1.3322000e+004  6.6970000e+002 -1.4400000e-001  1.0000000e-003
  1.3342000e+004  6.7060000e+002 -1.4500000e-001  1.0000000e-003
  1.3362000e+004  6.7180000e+002 -1.4600000e-001  1.0000000e-003
  1.3382000e+004  6.7270000e+002 -1.4700000e-001  1.0000000e-003
  1.3402000e+004  6.7380000e+002 -1.4800000e-001  1.0000000e-003
  1.3422000e+004  6.7480000e+002 -1.4900000e-001  1.0000000e-003
  1.3442000e+004  6.7580000e+002 -1.5000000e-001  1.0000000e-003
  1.3462000e+004  6.7670000e+002 -1.5200000e-001  1.0000000e-003
  1.3482000e+004  6.7780000e+002 -1.5300000e-001  1.0000000e-003
  1.3502000e+004  6.7920000e+002 -1.5400000e-001  1.0000000e-003
  1.3522000e+004  6.8020000e+002 -1.5500000e-001  1.0000000e-003
  1.3542000e+004  6.8110000e+002 -1.5600000e-001  1.0000000e-003
  1.3562000e+004  6.8230000e+002 -1.5700000e-001  1.0000000e-003
  1.3582000e+004  6.8320000e+002 -1.5800000e-001  1.0000000e-003
  1.3602000e+004  6.8410000e+002 -1.6000000e-001  1.0000000e-003
  1.3622000e+004  6.8510000e+002 -1.6100000e-001  1.0000000e-003
  1.3642000e+004  6.8640000e+002 -1.6300000e-001  1.0000000e-003
  1.3662000e+004  6.8720000e+002 -1.6400000e-001  1.0000000e-003
  1.3682000e+004  6.8860000e+002 -1.6500000e-001  1.0000000e-003
  1.3702000e+004  6.8930000e+002 -1.6700000e-001  1.0000000e-003
  1.3722000e+004  6.9040000e+002 -1.6800000e-001  1.0000000e-003
  1.3742000e+004  6.9140000e+002 -1.7000000e-001  1.0000000e-003
  1.3762000e+004  6.9280000e+002 -1.7100000e-001  1.0000000e-003
  1.3782000e+004  6.9330000e+002 -1.7300000e-001  1.0000000e-003
  1.3802000e+004  6.9460000e+002 -1.7400000e-001  1.0000000e-003
  1.3822000e+004  6.9550000e+002 -1.7600000e-001  1.0000000e-003
  1.3842000e+004  6.9630000e+002 -1.7700000e-001  1.0000000e-003
  1.3862000e+004  6.9740000e+002 -1.7900000e-001  1.0000000e-003
  1.3882000e+004  6.9830000e+002 -1.8100000e-001  1.0000000e-003
  1.3902000e+004  6.9950000e+002 -1.8300000e-001  1.0000000e-003
  1.3922000e+004  7.0070000e+002 -1.8400000e-001  1.0000000e-003
  1.3942000e+004  7.0160000e+002 -1.8600000e-001  1.0000000e-003
  1.3962000e+004  7.0260000e+002 -1.8800000e-001  1.0000000e-003
  1.3982000e+004  7.0370000e+002 -1.9000000e-001  1.0000000e-003
  1.4002000e+004  7.0450000e+002 -1.9200000e-001  1.0000000e-003
  1.4022000e+004  7.0580000e+002 -1.9400000e-001  1.0000000e-003
  1.4042000e+004  7.0650000e+002 -1.9500000e-001  1.0000000e-003
  1.4063000e+004  7.0790000e+002 -1.9700000e-001  1.0000000e-003
  1.4083000e+004  7.0880000e+002 -2.0000000e-001  1.0000000e-003
  1.4103000e+004  7.0980000e+002 -2.0200000e-001  1.0000000e-003
  1.4123000e+004  7.1080000e+002 -2.0400000e-001  1.0000000e-003
  1.4143000e+004  7.1210000e+002 -2.0600000e-001  1.0000000e-003
  1.4163000e+004  7.1310000e+002 -2.0800000e-001  1.0000000e-003
  1.4183000e+004  7.1400000e+002 -2.1100000e-001  1.0000000e-003
  1.4203000e+004  7.1520000e+002 -2.1300000e-001  1.0000000e-003
  1.4223000e+004  7.1610000e+002 -2.1500000e-001  1.0000000e-003
  1.4243000e+004  7.1700000e+002 -2.1800000e-001  1.0000000e-003
  1.4263000e+004  7.1770000e+002 -2.2000000e-001  1.0000000e-003
  1.4283000e+004  7.1890000e+002 -2.2300000e-001  1.0000000e-003
  1.4303000e+004  7.2000000e+002 -2.2500000e-001  1.0000000e-003
  1.4323000e+004  7.2120000e+002 -2.2700000e-001  1.0000000e-003
  1.4343000e+004  7.2190000e+002 -2.3000000e-001  1.0000000e-003
  1.4363000e+004  7.2310000e+002 -2.3300000e-001  1.0000000e-003
  1.4383000e+004  7.2400000e+002 -2.3600000e-001  1.0000000e-003
  1.4403000e+004  7.2520000e+002 -2.3800000e-001  1.0000000e-003
  1.4423000e+004  7.2610000e+002 -2.4100000e-001  1.0000000e-003
  1.4443000e+004  7.2710000e+002 -2.4400000e-001  1.0000000e-003
  1.4463000e+004  7.2820000e+002 -2.4700000e-001  1.0000000e-003
  1.4483000e+004  7.2900000e+002 -2.5000000e-001  1.0000000e-003
  1.4503000e+004  7.3010000e+002 -2.5300000e-001  1.0000000e-003
  1.4523000e+004  7.3130000e+002 -2.5600000e-001  1.0000000e-003
  1.4543000e+004  7.3220000e+002 -2.5900000e-001  1.0000000e-003
  1.4563000e+004  7.3340000e+002 -2.6200000e-001  1.0000000e-003
  1.4583000e+004  7.3430000e+002 -2.6500000e-001  1.0000000e-003
  1.4603000e+004  7.3550000e+002 -2.6800000e-001  1.0000000e-003
  1.4623000e+004  7.3620000e+002 -2.7200000e-001  1.0000000e-003
  1.4643000e+004  7.3730000e+002 -2.7500000e-001  1.0000000e-003
  1.4663000e+004  7.3850000e+002 -2.7800000e-001  1.0000000e-003
  1.4683000e+004  7.3940000e+002 -2.8200000e-001  1.0000000e-003
  1.4703000e+004  7.4010000e+002 -2.8500000e-001  1.0000000e-003
  1.4723000e+004  7.4110000e+002 -2.8900000e-001  1.0000000e-003
  1.4743000e+004  7.4220000e+002 -2.9200000e-001  1.0000000e-003
  1.4764000e+004  7.4300000e+002 -2.9600000e-001  1.0000000e-003
  1.4784000e+004  7.4390000e+002 -3.0000000e-001  1.0000000e-003
  1.4804000e+004  7.4530000e+002 -3.0300000e-001  1.0000000e-003
  1.4824000e+004  7.4640000e+002 -3.0700000e-001  1.0000000e-003
  1.4844000e+004  7.4730000e+002 -3.1100000e-001  1.0000000e-003
  1.4864000e+004  7.4830000e+002 -3.1500000e-001  1.0000000e-003
  1.4884000e+004  7.4940000e+002 -3.1800000e-001  1.0000000e-003
  1.4904000e+004  7.5020000e+002 -3.2200000e-001  1.0000000e-003
  1.4924000e+004  7.5130000e+002 -3.2600000e-001  1.0000000e-003
  1.4944000e+004  7.5270000e+002 -3.3000000e-001  1.0000000e-003
  1.4964000e+004  7.5360000e+002 -3.3400000e-001  1.0000000e-003
  1.4984000e+004  7.5440000e+002 -3.3800000e-001  1.0000000e-003
  1.5004000e+004  7.5570000e+002 -3.4300000e-001  1.0000000e-003
  1.5024000e+004  7.5650000e+002 -3.4600000e-001  1.0000000e-003
  1.5044000e+004  7.5760000e+002 -3.5100000e-001  1.0000000e-003
  1.5064000e+004  7.5860000e+002 -3.5500000e-001  1.0000000e-003
  1.5084000e+004  7.5970000e+002 -3.5900000e-001  1.0000000e-003
  1.5104000e+004  7.6040000e+002 -3.6300000e-001  1.0000000e-003
  1.5124000e+004  7.6180000e+002 -3.6800000e-001  1.0000000e-003
  1.5144000e+004  7.6250000e+002 -3.7200000e-001  1.0000000e-003
  1.5164000e+004  7.6350000e+002 -3.7700000e-001  1.0000000e-003
  1.5184000e+004  7.6460000e+002 -3.8200000e-001  1.0000000e-003
  1.5204000e+004  7.6550000e+002 -3.8500000e-001  1.0000000e-003
  1.5224000e+004  7.6670000e+002 -3.9000000e-001  1.0000000e-003
  1.5244000e+004  7.6770000e+002 -3.9500000e-001  1.0000000e-003
  1.5264000e+004  7.6860000e+002 -3.9900000e-001  1.0000000e-003
  1.5284000e+004  7.6950000e+002 -4.0400000e-001  1.0000000e-003
  1.5304000e+004  7.7070000e+002 -4.0900000e-001  1.0000000e-003
  1.5324000e+004  7.7140000e+002 -4.1300000e-001  1.0000000e-003
  1.5344000e+004  7.7260000e+002 -4.1800000e-001  1.0000000e-003
  1.5364000e+004  7.7370000e+002 -4.2300000e-001  1.0000000e-003
  1.5384000e+004  7.7470000e+002 -4.2700000e-001  1.0000000e-003
  1.5404000e+004  7.7580000e+002 -4.3300000e-001  1.0000000e-003
  1.5424000e+004  7.7650000e+002 -4.3700000e-001  1.0000000e-003
  1.5444000e+004  7.7790000e+002 -4.4200000e-001  1.0000000e-003
  1.5464000e+004  7.7890000e+002 -4.4700000e-001  1.0000000e-003
  1.5484000e+004  7.7960000e+002 -4.5200000e-001  1.0000000e-003
  1.5504000e+004  7.8080000e+002 -4.5700000e-001  1.0000000e-003
  1.5524000e+004  7.8150000e+002 -4.6200000e-001  1.0000000e-003
  1.5544000e+004  7.8280000e+002 -4.6700000e-001  1.0000000e-003
  1.5564000e+004  7.8380000e+002 -4.7200000e-001  1.0000000e-003
  1.5584000e+004  7.8470000e+002 -4.7600000e-001  1.0000000e-003
  1.5605000e+004  7.8560000e+002 -4.8200000e-001  1.0000000e-003
  1.5625000e+004  7.8660000e+002 -4.8700000e-001  1.0000000e-003
  1.5645000e+004  7.8750000e+002 -4.9200000e-001  1.0000000e-003
  1.5665000e+004  7.8840000e+002 -4.9700000e-001  1.0000000e-003
  1.5685000e+004  7.8960000e+002 -5.0300000e-001  1.0000000e-003
  1.5705000e+004  7.9030000e+002 -5.0800000e-001  1.0000000e-003
  1.5725000e+004  7.9140000e+002 -5.1300000e-001  1.0000000e-003
  1.5745000e+004  7.9260000e+002 -5.1700000e-001  1.0000000e-003
  1.5765000e+004  7.9360000e+002 -5.2300000e-001  1.0000000e-003
  1.5785000e+004  7.9470000e+002 -5.2800000e-001  1.0000000e-003
  1.5805000e+004  7.9550000e+002 -5.3400000e-001  1.0000000e-003
  1.5825000e+004  7.9660000e+002 -5.3900000e-001  1.0000000e-003
  1.5845000e+004  7.9750000e+002 -5.4500000e-001  1.0000000e-003
  1.5865000e+004  7.9850000e+002 -5.5000000e-001  1.0000000e-003
  1.5885000e+004  7.9960000e+002 -5.5500000e-001  1.0000000e-003
  1.5905000e+004  8.0060000e+002 -5.6000000e-001  1.0000000e-003
  1.5925000e+004  8.0170000e+002 -5.6600000e-001  1.0000000e-003
  1.5945000e+004  8.0270000e+002 -5.7100000e-001  1.0000000e-003
  1.5965000e+004  8.0360000e+002 -5.7700000e-001  1.0000000e-003
  1.5985000e+004  8.0450000e+002 -5.8300000e-001  1.0000000e-003
  1.6005000e+004  8.0540000e+002 -5.8700000e-001  1.0000000e-003
  1.6025000e+004  8.0660000e+002 -5.9300000e-001  1.0000000e-003
  1.6045000e+004  8.0750000e+002 -5.9800000e-001  1.0000000e-003
  1.6065000e+004  8.0830000e+002 -6.0400000e-001  1.0000000e-003
  1.6085000e+004  8.0920000e+002 -6.1000000e-001  1.0000000e-003
  1.6105000e+004  8.1030000e+002 -6.1500000e-001  1.0000000e-003
  1.6125000e+004  8.1150000e+002 -6.2100000e-001  1.0000000e-003
  1.6145000e+004  8.1250000e+002 -6.2600000e-001  1.0000000e-003
  1.6165000e+004  8.1340000e+002 -6.3200000e-001  1.0000000e-003
  1.6185000e+004  8.1450000e+002 -6.3600000e-001  1.0000000e-003
  1.6205000e+004  8.1550000e+002 -6.4200000e-001  1.0000000e-003
  1.6225000e+004  8.1670000e+002 -6.4800000e-001  1.0000000e-003
  1.6245000e+004  8.1740000e+002 -6.5300000e-001  1.0000000e-003
  1.6265000e+004  8.1860000e+002 -6.5900000e-001  1.0000000e-003
  1.6285000e+004  8.1970000e+002 -6.6500000e-001  1.0000000e-003
  1.6305000e+004  8.2040000e+002 -6.7100000e-001  1.0000000e-003
  1.6325000e+004  8.2140000e+002 -6.7600000e-001  1.0000000e-003
  1.6345000e+004  8.2270000e+002 -6.8100000e-001  1.0000000e-003
  1.6365000e+004  8.2370000e+002 -6.8700000e-001  1.0000000e-003
  1.6385000e+004  8.2480000e+002 -6.9300000e-001  1.0000000e-003
  1.6405000e+004  8.2550000e+002 -6.9800000e-001  1.0000000e-003
  1.6425000e+004  8.2650000e+002 -7.0400000e-001  1.0000000e-003
  1.6445000e+004  8.2760000e+002 -7.0900000e-001  1.0000000e-003
  1.6465000e+004  8.2850000e+002 -7.1500000e-001  1.0000000e-003
  1.6485000e+004  8.2950000e+002 -7.2000000e-001  1.0000000e-003
  1.6505000e+004  8.3040000e+002 -7.2600000e-001  1.0000000e-003
  1.6525000e+004  8.3140000e+002 -7.3100000e-001  1.0000000e-003
  1.6546000e+004  8.3230000e+002 -7.3700000e-001  1.0000000e-003
  1.6570000e+004  8.3390000e+002 -7.4400000e-001  1.0000000e-003
  1.6590000e+004  8.3480000e+002 -7.5000000e-001  1.0000000e-003
  1.6610000e+004  8.3560000e+002 -7.5500000e-001  1.0000000e-003
  1.6631000e+004  8.3670000e+002 -7.6000000e-001  1.0000000e-003
  1.6651000e+004  8.3770000e+002 -7.6600000e-001  1.0000000e-003
  1.6671000e+004  8.3880000e+002 -7.7100000e-001  1.0000000e-003
  1.6691000e+004  8.3980000e+002 -7.7700000e-001  1.0000000e-003
  1.6711000e+004  8.4070000e+002 -7.8300000e-001  1.0000000e-003
  1.6731000e+004  8.4140000e+002 -7.8800000e-001  1.0000000e-003
  1.6751000e+004  8.4280000e+002 -7.9400000e-001  1.0000000e-003
  1.6771000e+004  8.4370000e+002 -7.9800000e-001  1.0000000e-003
  1.6791000e+004  8.4490000e+002 -8.0400000e-001  1.0000000e-003
  1.6811000e+004  8.4560000e+002 -8.1000000e-001  1.0000000e-003
  1.6831000e+004  8.4700000e+002 -8.1500000e-001  1.0000000e-003
  1.6851000e+004  8.4750000e+002 -8.2100000e-001  1.0000000e-003
  1.6871000e+004  8.4880000e+002 -8.2600000e-001  1.0000000e-003
  1.6891000e+004  8.4980000e+002 -8.3200000e-001  1.0000000e-003
  1.6911000e+004  8.5070000e+002 -8.3700000e-001  1.0000000e-003
  1.6931000e+004  8.5190000e+002 -8.4300000e-001  1.0000000e-003
  1.6951000e+004  8.5280000e+002 -8.4800000e-001  1.0000000e-003
  1.6971000e+004  8.5370000e+002 -8.5400000e-001  1.0000000e-003
  1.6991000e+004  8.5490000e+002 -8.5900000e-001  1.0000000e-003
  1.7011000e+004  8.5540000e+002 -8.6500000e-001  1.0000000e-003
  1.7031000e+004  8.5680000e+002 -8.7000000e-001  1.0000000e-003
  1.7051000e+004  8.5770000e+002 -8.7500000e-001  1.0000000e-003
  1.7071000e+004  8.5860000e+002 -8.8000000e-001  1.0000000e-003
  1.7091000e+004  8.5960000e+002 -8.8600000e-001  1.0000000e-003
  1.7111000e+004  8.6070000e+002 -8.9100000e-001  1.0000000e-003
  1.7131000e+004  8.6170000e+002 -8.9600000e-001  1.0000000e-003
  1.7151000e+004  8.6280000e+002 -9.0200000e-001  1.0000000e-003
  1.7171000e+004  8.6350000e+002 -9.0700000e-001  1.0000000e-003
  1.7191000e+004  8.6480000e+002 -9.1300000e-001  1.0000000e-003
  1.7211000e+004  8.6570000e+002 -9.1800000e-001  1.0000000e-003
  1.7231000e+004  8.6680000e+002 -9.2300000e-001  1.0000000e-003
  1.7251000e+004  8.6800000e+002 -9.2900000e-001  1.0000000e-003
  1.7271000e+004  8.6900000e+002 -9.3400000e-001  1.0000000e-003
  1.7291000e+004  8.7030000e+002 -9.3900000e-001  1.0000000e-003
  1.7311000e+004  8.7110000e+002 -9.4400000e-001  1.0000000e-003
  1.7331000e+004  8.7200000e+002 -9.5000000e-001  1.0000000e-003
  1.7351000e+004  8.7330000e+002 -9.5500000e-001  1.0000000e-003
  1.7371000e+004  8.7400000e+002 -9.6000000e-001  1.0000000e-003
  1.7391000e+004  8.7480000e+002 -9.6500000e-001  1.0000000e-003
  1.7412000e+004  8.7610000e+002 -9.7100000e-001  1.0000000e-003
  1.7432000e+004  8.7690000e+002 -9.7600000e-001  1.0000000e-003
  1.7452000e+004  8.7800000e+002 -9.8100000e-001  1.0000000e-003
  1.7472000e+004  8.7900000e+002 -9.8600000e-001  1.0000000e-003
  1.7492000e+004  8.8010000e+002 -9.9200000e-001  1.0000000e-003
  1.7512000e+004  8.8110000e+002 -9.9600000e-001  1.0000000e-003
  1.7532000e+004  8.8200000e+002 -1.0020000e+000  1.0000000e-003
  1.7552000e+004  8.8320000e+002 -1.0070000e+000  1.0000000e-003
  1.7572000e+004  8.8410000e+002 -1.0120000e+000  1.0000000e-003
  1.7592000e+004  8.8530000e+002 -1.0170000e+000  1.0000000e-003
  1.7612000e+004  8.8620000e+002 -1.0230000e+000  1.0000000e-003
  1.7632000e+004  8.8710000e+002 -1.0280000e+000  1.0000000e-003
  1.7652000e+004  8.8810000e+002 -1.0330000e+000  1.0000000e-003
  1.7672000e+004  8.8920000e+002 -1.0370000e+000  1.0000000e-003
  1.7692000e+004  8.9020000e+002 -1.0430000e+000  1.0000000e-003
  1.7712000e+004  8.9110000e+002 -1.0480000e+000  1.0000000e-003
  1.7732000e+004  8.9200000e+002 -1.0530000e+000  1.0000000e-003
  1.7752000e+004  8.9300000e+002 -1.0580000e+000  1.0000000e-003
  1.7772000e+004  8.9420000e+002 -1.0630000e+000  1.0000000e-003
  1.7792000e+004  8.9510000e+002 -1.0680000e+000  1.0000000e-003
  1.7812000e+004  8.9600000e+002 -1.0730000e+000  1.0000000e-003
  1.7832000e+004  8.9700000e+002 -1.0770000e+000  1.0000000e-003
  1.7852000e+004  8.9810000e+002 -1.0830000e+000  1.0000000e-003
  1.7872000e+004  8.9880000e+002 -1.0880000e+000  1.0000000e-003
  1.7892000e+004  9.0000000e+002 -1.0930000e+000  1.0000000e-003
  1.7912000e+004  9.0090000e+002 -1.0970000e+000  1.0000000e-003
  1.7932000e+004  9.0210000e+002 -1.1030000e+000  1.0000000e-003
  1.7952000e+004  9.0320000e+002 -1.1070000e+000  1.0000000e-003
  1.7972000e+004  9.0390000e+002 -1.1130000e+000  1.0000000e-003
  1.7992000e+004  9.0510000e+002 -1.1170000e+000  1.0000000e-003
  1.8013000e+004  9.0610000e+002 -1.1220000e+000  1.0000000e-003
  1.8033000e+004  9.0720000e+002 -1.1270000e+000  1.0000000e-003
  1.8053000e+004  9.0810000e+002 -1.1320000e+000  1.0000000e-003
  1.8073000e+004  9.0910000e+002 -1.1370000e+000  1.0000000e-003
  1.8093000e+004  9.1020000e+002 -1.1420000e+000  1.0000000e-003
  1.8113000e+004  9.1120000e+002 -1.1460000e+000  1.0000000e-003
  1.8133000e+004  9.1210000e+002 -1.1520000e+000  1.0000000e-003
  1.8153000e+004  9.1310000e+002 -1.1560000e+000  1.0000000e-003
  1.8173000e+004  9.1420000e+002 -1.1600000e+000  1.0000000e-003
  1.8193000e+004  9.1510000e+002 -1.1650000e+000  1.0000000e-003
  1.8213000e+004  9.1630000e+002 -1.1700000e+000  1.0000000e-003
  1.8233000e+004  9.1720000e+002 -1.1750000e+000  1.0000000e-003
  1.8253000e+004  9.1800000e+002 -1.1800000e+000  1.0000000e-003
  1.8273000e+004  9.1940000e+002 -1.1840000e+000  1.0000000e-003
  1.8293000e+004  9.2010000e+002 -1.1890000e+000  1.0000000e-003
  1.8313000e+004  9.2100000e+002 -1.1940000e+000  1.0000000e-003
  1.8333000e+004  9.2230000e+002 -1.1980000e+000  1.0000000e-003
  1.8353000e+004  9.2310000e+002 -1.2030000e+000  1.0000000e-003
  1.8373000e+004  9.2400000e+002 -1.2070000e+000  1.0000000e-003
  1.8393000e+004  9.2520000e+002 -1.2120000e+000  1.0000000e-003
  1.8413000e+004  9.2610000e+002 -1.2170000e+000  1.0000000e-003
  1.8433000e+004  9.2730000e+002 -1.2220000e+000  1.0000000e-003
  1.8453000e+004  9.2840000e+002 -1.2260000e+000  1.0000000e-003
  1.8473000e+004  9.2920000e+002 -1.2310000e+000  1.0000000e-003
  1.8493000e+004  9.3050000e+002 -1.2350000e+000  1.0000000e-003
  1.8513000e+004  9.3120000e+002 -1.2390000e+000  1.0000000e-003
  1.8533000e+004  9.3240000e+002 -1.2440000e+000  1.0000000e-003
  1.8553000e+004  9.3330000e+002 -1.2490000e+000  1.0000000e-003
  1.8573000e+004  9.3430000e+002 -1.2530000e+000  1.0000000e-003
  1.8593000e+004  9.3520000e+002 -1.2580000e+000  1.0000000e-003
  1.8613000e+004  9.3640000e+002 -1.2630000e+000  1.0000000e-003
  1.8633000e+004  9.3710000e+002 -1.2670000e+000  1.0000000e-003
  1.8654000e+004  9.3830000e+002 -1.2710000e+000  1.0000000e-003
  1.8678000e+004  9.3940000e+002 -1.2760000e+000  1.0000000e-003
  1.8698000e+004  9.4060000e+002 -1.2810000e+000  1.0000000e-003
  1.8719000e+004  9.4170000e+002 -1.2850000e+000  1.0000000e-003
  1.8739000e+004  9.4220000e+002 -1.2900000e+000  1.0000000e-003
  1.8759000e+004  9.4340000e+002 -1.2940000e+000  1.0000000e-003
  1.8779000e+004  9.4430000e+002 -1.2990000e+000  1.0000000e-003
  1.8799000e+004  9.4530000e+002 -1.3030000e+000  1.0000000e-003
  1.8819000e+004  9.4660000e+002 -1.3070000e+000  1.0000000e-003
  1.8839000e+004  9.4750000e+002 -1.3120000e+000  1.0000000e-003
  1.8859000e+004  9.4830000e+002 -1.3160000e+000  1.0000000e-003
  1.8879000e+004  9.4940000e+002 -1.3200000e+000  1.0000000e-003
  1.8899000e+004  9.5060000e+002 -1.3250000e+000  1.0000000e-003
  1.8919000e+004  9.5160000e+002 -1.3290000e+000  1.0000000e-003
  1.8939000e+004  9.5250000e+002 -1.3340000e+000  1.0000000e-003
  1.8959000e+004  9.5360000e+002 -1.3380000e+000  1.0000000e-003
  1.8979000e+004  9.5450000e+002 -1.3430000e+000  1.0000000e-003
  1.8999000e+004  9.5570000e+002 -1.3460000e+000  1.0000000e-003
  1.9019000e+004  9.5690000e+002 -1.3510000e+000  1.0000000e-003
  1.9039000e+004  9.5780000e+002 -1.3550000e+000  1.0000000e-003
  1.9059000e+004  9.5850000e+002 -1.3590000e+000  1.0000000e-003
  1.9079000e+004  9.5970000e+002 -1.3640000e+000  1.0000000e-003
  1.9099000e+004  9.6090000e+002 -1.3680000e+000  1.0000000e-003
  1.9119000e+004  9.6140000e+002 -1.3730000e+000  1.0000000e-003
  1.9139000e+004  9.6270000e+002 -1.3770000e+000  1.0000000e-003
  1.9159000e+004  9.6370000e+002 -1.3810000e+000  1.0000000e-003
  1.9179000e+004  9.6440000e+002 -1.3850000e+000  1.0000000e-003
  1.9199000e+004  9.6550000e+002 -1.3890000e+000  1.0000000e-003
  1.9219000e+004  9.6650000e+002 -1.3940000e+000  1.0000000e-003
  1.9239000e+004  9.6740000e+002 -1.3970000e+000  1.0000000e-003
  1.9259000e+004  9.6840000e+002 -1.4020000e+000  1.0000000e-003
  1.9279000e+004  9.6950000e+002 -1.4060000e+000  1.0000000e-003
  1.9299000e+004  9.7070000e+002 -1.4100000e+000  1.0000000e-003
  1.9319000e+004  9.7160000e+002 -1.4140000e+000  1.0000000e-003
  1.9339000e+004  9.7270000e+002 -1.4190000e+000  1.0000000e-003
  1.9359000e+004  9.7350000e+002 -1.4230000e+000  1.0000000e-003
  1.9379000e+004  9.7440000e+002 -1.4270000e+000  1.0000000e-003
  1.9399000e+004  9.7580000e+002 -1.4310000e+000  1.0000000e-003
  1.9419000e+004  9.7680000e+002 -1.4350000e+000  1.0000000e-003
  1.9439000e+004  9.7790000e+002 -1.4390000e+000  1.0000000e-003
  1.9459000e+004  9.7890000e+002 -1.4430000e+000  1.0000000e-003
  1.9479000e+004  9.8000000e+002 -1.4480000e+000  1.0000000e-003
  1.9499000e+004  9.8110000e+002 -1.4520000e+000  1.0000000e-003
  1.9519000e+004  9.8210000e+002 -1.4560000e+000  1.0000000e-003
  1.9539000e+004  9.8320000e+002 -1.4610000e+000  1.0000000e-003
  1.9559000e+004  9.8400000e+002 -1.4640000e+000  1.0000000e-003
  1.9579000e+004  9.8510000e+002 -1.4690000e+000  1.0000000e-003
  1.9599000e+004  9.8610000e+002 -1.4730000e+000  1.0000000e-003
  1.9619000e+004  9.8700000e+002 -1.4760000e+000  1.0000000e-003
  1.9639000e+004  9.8800000e+002 -1.4810000e+000  1.0000000e-003
  1.9659000e+004  9.8890000e+002 -1.4850000e+000  1.0000000e-003
  1.9679000e+004  9.9000000e+002 -1.4890000e+000  1.0000000e-003
  1.9699000e+004  9.9090000e+002 -1.4930000e+000  1.0000000e-003
  1.9719000e+004  9.9170000e+002 -1.4970000e+000  1.0000000e-003
  1.9739000e+004  9.9300000e+002 -1.5020000e+000  1.0000000e-003
  1.9759000e+004  9.9400000e+002 -1.5050000e+000  1.0000000e-003
  1.9779000e+004  9.9520000e+002 -1.5090000e+000  1.0000000e-003
  1.9799000e+004  9.9590000e+002 -1.5140000e+000  1.0000000e-003
  1.9819000e+004  9.9720000e+002 -1.5170000e+000  1.0000000e-003
  1.9839000e+004  9.9820000e+002 -1.5210000e+000  1.0000000e-003
  1.9859000e+004  9.9910000e+002 -1.5250000e+000  1.0000000e-003
  1.9880000e+004  1.0003000e+003 -1.5300000e+000  1.0000000e-003
  1.9900000e+004  1.0012000e+003 -1.5340000e+000  1.0000000e-003
  1.9920000e+004  1.0020000e+003 -1.5380000e+000  1.0000000e-003
  1.9940000e+004  1.0031000e+003 -1.5420000e+000  1.0000000e-003
  1.9960000e+004  1.0043000e+003 -1.5460000e+000  1.0000000e-003
  1.9980000e+004  1.0054000e+003 -1.5500000e+000  1.0000000e-003
  2.0000000e+004  1.0063000e+003 -1.5540000e+000  1.0000000e-003
  2.0020000e+004  1.0073000e+003 -1.5570000e+000  1.0000000e-003
  2.0040000e+004  1.0082000e+003 -1.5620000e+000  1.0000000e-003
  2.0060000e+004  1.0094000e+003 -1.5660000e+000  1.0000000e-003
  2.0080000e+004  1.0101000e+003 -1.5700000e+000  1.0000000e-003
  2.0100000e+004  1.0111000e+003 -1.5740000e+000  1.0000000e-003
  2.0120000e+004  1.0120000e+003 -1.5780000e+000  1.0000000e-003
  2.0140000e+004  1.0131000e+003 -1.5820000e+000  1.0000000e-003
  2.0160000e+004  1.0138000e+003 -1.5860000e+000  1.0000000e-003
  2.0180000e+004  1.0154000e+003 -1.5900000e+000  1.0000000e-003
  2.0200000e+004  1.0161000e+003 -1.5940000e+000  1.0000000e-003
  2.0220000e+004  1.0171000e+003 -1.5970000e+000  1.0000000e-003
  2.0240000e+004  1.0185000e+003 -1.6010000e+000  1.0000000e-003
  2.0260000e+004  1.0195000e+003 -1.6050000e+000  1.0000000e-003
  2.0280000e+004  1.0204000e+003 -1.6100000e+000  1.0000000e-003
  2.0300000e+004  1.0213000e+003 -1.6130000e+000  1.0000000e-003
  2.0320000e+004  1.0227000e+003 -1.6170000e+000  1.0000000e-003
  2.0340000e+004  1.0234000e+003 -1.6220000e+000  1.0000000e-003
  2.0360000e+004  1.0243000e+003 -1.6250000e+000  1.0000000e-003
  2.0380000e+004  1.0255000e+003 -1.6290000e+000  1.0000000e-003
  2.0400000e+004  1.0264000e+003 -1.6330000e+000  1.0000000e-003
  2.0420000e+004  1.0276000e+003 -1.6360000e+000  1.0000000e-003
  2.0440000e+004  1.0283000e+003 -1.6400000e+000  1.0000000e-003
  2.0460000e+004  1.0297000e+003 -1.6440000e+000  1.0000000e-003
  2.0480000e+004  1.0304000e+003 -1.6480000e+000  1.0000000e-003
  2.0500000e+004  1.0314000e+003 -1.6520000e+000  1.0000000e-003
  2.0520000e+004  1.0323000e+003 -1.6560000e+000  1.0000000e-003
  2.0540000e+004  1.0334000e+003 -1.6600000e+000  1.0000000e-003
  2.0560000e+004  1.0344000e+003 -1.6640000e+000  1.0000000e-003
  2.0580000e+004  1.0351000e+003 -1.6670000e+000  1.0000000e-003
  2.0600000e+004  1.0364000e+003 -1.6720000e+000  1.0000000e-003
  2.0620000e+004  1.0374000e+003 -1.6750000e+000  1.0000000e-003
  2.0641000e+004  1.0383000e+003 -1.6780000e+000  1.0000000e-003
  2.0661000e+004  1.0395000e+003 -1.6830000e+000  1.0000000e-003
  2.0681000e+004  1.0405000e+003 -1.6860000e+000  1.0000000e-003
  2.0701000e+004  1.0413000e+003 -1.6900000e+000  1.0000000e-003
  2.0721000e+004  1.0423000e+003 -1.6940000e+000  1.0000000e-003
  2.0741000e+004  1.0435000e+003 -1.6980000e+000  1.0000000e-003
  2.0761000e+004  1.0446000e+003 -1.7020000e+000  1.0000000e-003
  2.0781000e+004  1.0456000e+003 -1.7050000e+000  1.0000000e-003
  2.0801000e+004  1.0465000e+003 -1.7090000e+000  1.0000000e-003
  2.0821000e+004  1.0476000e+003 -1.7130000e+000  1.0000000e-003
  2.0841000e+004  1.0484000e+003 -1.7160000e+000  1.0000000e-003
  2.0861000e+004  1.0497000e+003 -1.7200000e+000  1.0000000e-003
  2.0881000e+004  1.0507000e+003 -1.7240000e+000  1.0000000e-003
  2.0901000e+004  1.0521000e+003 -1.7280000e+000  1.0000000e-003
  2.0921000e+004  1.0528000e+003 -1.7320000e+000  1.0000000e-003
  2.0941000e+004  1.0537000e+003 -1.7350000e+000  1.0000000e-003
  2.0961000e+004  1.0545000e+003 -1.7390000e+000  1.0000000e-003
  2.0981000e+004  1.0556000e+003 -1.7430000e+000  1.0000000e-003
  2.1001000e+004  1.0563000e+003 -1.7460000e+000  1.0000000e-003
  2.1021000e+004  1.0575000e+003 -1.7500000e+000  1.0000000e-003
  2.1041000e+004  1.0586000e+003 -1.7540000e+000  1.0000000e-003
  2.1061000e+004  1.0595000e+003 -1.7560000e+000  1.0000000e-003
  2.1081000e+004  1.0605000e+003 -1.7600000e+000  1.0000000e-003
  2.1101000e+004  1.0615000e+003 -1.7640000e+000  1.0000000e-003
  2.1121000e+004  1.0624000e+003 -1.7680000e+000  1.0000000e-003
  2.1141000e+004  1.0633000e+003 -1.7710000e+000  1.0000000e-003
  2.1161000e+004  1.0645000e+003 -1.7740000e+000  1.0000000e-003
  2.1181000e+004  1.0656000e+003 -1.7780000e+000  1.0000000e-003
  2.1201000e+004  1.0668000e+003 -1.7820000e+000  1.0000000e-003
  2.1221000e+004  1.0677000e+003 -1.7850000e+000  1.0000000e-003
  2.1241000e+004  1.0689000e+003 -1.7890000e+000  1.0000000e-003
  2.1261000e+004  1.0698000e+003 -1.7920000e+000  1.0000000e-003
  2.1281000e+004  1.0707000e+003 -1.7950000e+000  1.0000000e-003
  2.1301000e+004  1.0719000e+003 -1.7990000e+000  1.0000000e-003
  2.1321000e+004  1.0729000e+003 -1.8030000e+000  1.0000000e-003
  2.1341000e+004  1.0742000e+003 -1.8060000e+000  1.0000000e-003
  2.1361000e+004  1.0748000e+003 -1.8100000e+000  1.0000000e-003
  2.1381000e+004  1.0759000e+003 -1.8130000e+000  1.0000000e-003
  2.1401000e+004  1.0770000e+003 -1.8160000e+000  1.0000000e-003
  2.1422000e+004  1.0778000e+003 -1.8200000e+000  1.0000000e-003
  2.1442000e+004  1.0787000e+003 -1.8230000e+000  1.0000000e-003
  2.1462000e+004  1.0798000e+003 -1.8260000e+000  1.0000000e-003
  2.1482000e+004  1.0806000e+003 -1.8300000e+000  1.0000000e-003
  2.1502000e+004  1.0817000e+003 -1.8340000e+000  1.0000000e-003
  2.1522000e+004  1.0827000e+003 -1.8360000e+000  1.0000000e-003
  2.1542000e+004  1.0836000e+003 -1.8400000e+000  1.0000000e-003
  2.1562000e+004  1.0848000e+003 -1.8430000e+000  1.0000000e-003
  2.1582000e+004  1.0859000e+003 -1.8470000e+000  1.0000000e-003
  2.1602000e+004  1.0869000e+003 -1.8500000e+000  1.0000000e-003
  2.1622000e+004  1.0880000e+003 -1.8530000e+000  1.0000000e-003
  2.1642000e+004  1.0890000e+003 -1.8570000e+000  1.0000000e-003
  2.1662000e+004  1.0901000e+003 -1.8600000e+000  1.0000000e-003
  2.1682000e+004  1.0911000e+003 -1.8640000e+000  1.0000000e-003
  2.1702000e+004  1.0925000e+003 -1.8660000e+000  1.0000000e-003
  2.1722000e+004  1.0932000e+003 -1.8700000e+000  1.0000000e-003
  2.1742000e+004  1.0943000e+003 -1.8730000e+000  1.0000000e-003
  2.1762000e+004  1.0955000e+003 -1.8760000e+000  1.0000000e-003
  2.1782000e+004  1.0964000e+003 -1.8790000e+000  1.0000000e-003
  2.1802000e+004  1.0973000e+003 -1.8830000e+000  1.0000000e-003
  2.1822000e+004  1.0981000e+003 -1.8860000e+000  1.0000000e-003
  2.1842000e+004  1.0993000e+003 -1.8900000e+000  1.0000000e-003
  2.1862000e+004  1.1004000e+003 -1.8930000e+000  1.0000000e-003
  2.1882000e+004  1.1011000e+003 -1.8960000e+000  1.0000000e-003
  2.1902000e+004  1.1022000e+003 -1.8990000e+000  1.0000000e-003
  2.1922000e+004  1.1032000e+003 -1.9020000e+000  1.0000000e-003
  2.1942000e+004  1.1043000e+003 -1.9050000e+000  1.0000000e-003
  2.1962000e+004  1.1051000e+003 -1.9080000e+000  1.0000000e-003
  2.1982000e+004  1.1065000e+003 -1.9120000e+000  1.0000000e-003
  2.2003000e+004  1.1076000e+003 -1.9140000e+000  1.0000000e-003
  2.2027000e+004  1.1086000e+003 -1.9180000e+000  1.0000000e-003
  2.2047000e+004  1.1100000e+003 -1.9210000e+000  1.0000000e-003
  2.2067000e+004  1.1111000e+003 -1.9240000e+000  1.0000000e-003
  2.2087000e+004  1.1119000e+003 -1.9270000e+000  1.0000000e-003
  2.2108000e+004  1.1132000e+003 -1.9300000e+000  1.0000000e-003
  2.2128000e+004  1.1141000e+003 -1.9340000e+000  1.0000000e-003
  2.2148000e+004  1.1153000e+003 -1.9360000e+000  1.0000000e-003
  2.2168000e+004  1.1163000e+003 -1.9400000e+000  1.0000000e-003
  2.2188000e+004  1.1170000e+003 -1.9430000e+000  1.0000000e-003
  2.2208000e+004  1.1181000e+003 -1.9450000e+000  1.0000000e-003
  2.2228000e+004  1.1191000e+003 -1.9490000e+000  1.0000000e-003
  2.2248000e+004  1.1200000e+003 -1.9520000e+000  1.0000000e-003
  2.2268000e+004  1.1210000e+003 -1.9540000e+000  1.0000000e-003
  2.2288000e+004  1.1221000e+003 -1.9570000e+000  1.0000000e-003
  2.2308000e+004  1.1230000e+003 -1.9600000e+000  1.0000000e-003
  2.2328000e+004  1.1242000e+003 -1.9630000e+000  1.0000000e-003
  2.2348000e+004  1.1251000e+003 -1.9660000e+000  1.0000000e-003
  2.2368000e+004  1.1261000e+003 -1.9690000e+000  1.0000000e-003
  2.2388000e+004  1.1272000e+003 -1.9720000e+000  1.0000000e-003
  2.2408000e+004  1.1284000e+003 -1.9750000e+000  1.0000000e-003
  2.2429000e+004  1.1293000e+003 -1.9780000e+000  1.0000000e-003
  2.2449000e+004  1.1303000e+003 -1.9810000e+000  1.0000000e-003
  2.2469000e+004  1.1314000e+003 -1.9840000e+000  1.0000000e-003
  2.2489000e+004  1.1324000e+003 -1.9860000e+000  1.0000000e-003
  2.2509000e+004  1.1335000e+003 -1.9900000e+000  1.0000000e-003
  2.2529000e+004  1.1343000e+003 -1.9930000e+000  1.0000000e-003
  2.2549000e+004  1.1354000e+003 -1.9950000e+000  1.0000000e-003
  2.2569000e+004  1.1364000e+003 -1.9970000e+000  1.0000000e-003
  2.2589000e+004  1.1373000e+003 -2.0000000e+000  1.0000000e-003
  2.2609000e+004  1.1385000e+003 -2.0030000e+000  1.0000000e-003
  2.2629000e+004  1.1394000e+003 -2.0060000e+000  1.0000000e-003
  2.2649000e+004  1.1405000e+003 -2.0090000e+000  1.0000000e-003
  2.2669000e+004  1.1415000e+003 -2.0120000e+000  1.0000000e-003
  2.2689000e+004  1.1424000e+003 -2.0150000e+000  1.0000000e-003
  2.2709000e+004  1.1433000e+003 -2.0170000e+000  1.0000000e-003
  2.2729000e+004  1.1441000e+003 -2.0210000e+000  1.0000000e-003
  2.2749000e+004  1.1454000e+003 -2.0230000e+000  1.0000000e-003
  2.2769000e+004  1.1463000e+003 -2.0250000e+000  1.0000000e-003
  2.2789000e+004  1.1477000e+003 -2.0280000e+000  1.0000000e-003
  2.2809000e+004  1.1484000e+003 -2.0310000e+000  1.0000000e-003
  2.2829000e+004  1.1494000e+003 -2.0340000e+000  1.0000000e-003
  2.2849000e+004  1.1504000e+003 -2.0360000e+000  1.0000000e-003
  2.2869000e+004  1.1515000e+003 -2.0390000e+000  1.0000000e-003
  2.2889000e+004  1.1529000e+003 -2.0420000e+000  1.0000000e-003
  2.2909000e+004  1.1536000e+003 -2.0440000e+000  1.0000000e-003
  2.2929000e+004  1.1547000e+003 -2.0470000e+000  1.0000000e-003
  2.2949000e+004  1.1559000e+003 -2.0500000e+000  1.0000000e-003
  2.2969000e+004  1.1569000e+003 -2.0530000e+000  1.0000000e-003
  2.2989000e+004  1.1578000e+003 -2.0550000e+000  1.0000000e-003
  2.3009000e+004  1.1587000e+003 -2.0580000e+000  1.0000000e-003
  2.3029000e+004  1.1597000e+003 -2.0610000e+000  1.0000000e-003
  2.3049000e+004  1.1608000e+003 -2.0630000e+000  1.0000000e-003
  2.3069000e+004  1.1617000e+003 -2.0650000e+000  1.0000000e-003
  2.3089000e+004  1.1627000e+003 -2.0680000e+000  1.0000000e-003
  2.3109000e+004  1.1639000e+003 -2.0710000e+000  1.0000000e-003
  2.3129000e+004  1.1646000e+003 -2.0730000e+000  1.0000000e-003
  2.3150000e+004  1.1657000e+003 -2.0750000e+000  1.0000000e-003
  2.3170000e+004  1.1667000e+003 -2.0780000e+000  1.0000000e-003
  2.3190000e+004  1.1678000e+003 -2.0800000e+000  1.0000000e-003
  2.3210000e+004  1.1688000e+003 -2.0830000e+000  1.0000000e-003
  2.3230000e+004  1.1699000e+003 -2.0860000e+000  1.0000000e-003
  2.3250000e+004  1.1709000e+003 -2.0880000e+000  1.0000000e-003
  2.3270000e+004  1.1720000e+003 -2.0910000e+000  1.0000000e-003
  2.3290000e+004  1.1730000e+003 -2.0930000e+000  1.0000000e-003
  2.3310000e+004  1.1741000e+003 -2.0950000e+000  1.0000000e-003
  2.3330000e+004  1.1750000e+003 -2.0980000e+000  1.0000000e-003
  2.3350000e+004  1.1764000e+003 -2.1010000e+000  1.0000000e-003
  2.3370000e+004  1.1774000e+003 -2.1030000e+000  1.0000000e-003
  2.3390000e+004  1.1784000e+003 -2.1050000e+000  1.0000000e-003
  2.3410000e+004  1.1793000e+003 -2.1070000e+000  1.0000000e-003
  2.3430000e+004  1.1802000e+003 -2.1100000e+000  1.0000000e-003
  2.3450000e+004  1.1814000e+003 -2.1130000e+000  1.0000000e-003
  2.3470000e+004  1.1825000e+003 -2.1150000e+000  1.0000000e-003
  2.3490000e+004  1.1834000e+003 -2.1170000e+000  1.0000000e-003
  2.3510000e+004  1.1842000e+003 -2.1190000e+000  1.0000000e-003
  2.3530000e+004  1.1853000e+003 -2.1210000e+000  1.0000000e-003
  2.3550000e+004  1.1863000e+003 -2.1240000e+000  1.0000000e-003
  2.3570000e+004  1.1872000e+003 -2.1260000e+000  1.0000000e-003
  2.3590000e+004  1.1884000e+003 -2.1280000e+000  1.0000000e-003
  2.3610000e+004  1.1897000e+003 -2.1310000e+000  1.0000000e-003
  2.3630000e+004  1.1907000e+003 -2.1330000e+000  1.0000000e-003
  2.3650000e+004  1.1914000e+003 -2.1350000e+000  1.0000000e-003
  2.3670000e+004  1.1926000e+003 -2.1370000e+000  1.0000000e-003
  2.3690000e+004  1.1937000e+003 -2.1400000e+000  1.0000000e-003
  2.3710000e+004  1.1949000e+003 -2.1420000e+000  1.0000000e-003
  2.3730000e+004  1.1958000e+003 -2.1440000e+000  1.0000000e-003
  2.3750000e+004  1.1967000e+003 -2.1460000e+000  1.0000000e-003
  2.3770000e+004  1.1979000e+003 -2.1480000e+000  1.0000000e-003
  2.3790000e+004  1.1988000e+003 -2.1510000e+000  1.0000000e-003
  2.3810000e+004  1.1998000e+003 -2.1530000e+000  1.0000000e-003
  2.3830000e+004  1.2010000e+003 -2.1550000e+000  1.0000000e-003
  2.3850000e+004  1.2021000e+003 -2.1560000e+000  1.0000000e-003
  2.3870000e+004  1.2033000e+003 -2.1590000e+000  1.0000000e-003
  2.3890000e+004  1.2040000e+003 -2.1610000e+000  1.0000000e-003
  2.3910000e+004  1.2054000e+003 -2.1630000e+000  1.0000000e-003
  2.3930000e+004  1.2063000e+003 -2.1650000e+000  1.0000000e-003
  2.3950000e+004  1.2072000e+003 -2.1670000e+000  1.0000000e-003
  2.3970000e+004  1.2082000e+003 -2.1690000e+000  1.0000000e-003
  2.3990000e+004  1.2091000e+003 -2.1710000e+000  1.0000000e-003
  2.4010000e+004  1.2103000e+003 -2.1730000e+000  1.0000000e-003
  2.4030000e+004  1.2112000e+003 -2.1750000e+000  1.0000000e-003
  2.4050000e+004  1.2121000e+003 -2.1780000e+000  1.0000000e-003
  2.4070000e+004  1.2133000e+003 -2.1800000e+000  1.0000000e-003
  2.4091000e+004  1.2141000e+003 -2.1820000e+000  1.0000000e-003
  2.4111000e+004  1.2154000e+003 -2.1830000e+000  1.0000000e-003
  2.4131000e+004  1.2161000e+003 -2.1850000e+000  1.0000000e-003
  2.4151000e+004  1.2173000e+003 -2.1870000e+000  1.0000000e-003
  2.4171000e+004  1.2183000e+003 -2.1890000e+000  1.0000000e-003
  2.4191000e+004  1.2194000e+003 -2.1910000e+000  1.0000000e-003
  2.4211000e+004  1.2206000e+003 -2.1930000e+000  1.0000000e-003
  2.4231000e+004  1.2215000e+003 -2.1950000e+000  1.0000000e-003
  2.4251000e+004  1.2226000e+003 -2.1960000e+000  1.0000000e-003
  2.4271000e+004  1.2236000e+003 -2.1980000e+000  1.0000000e-003
  2.4291000e+004  1.2247000e+003 -2.2000000e+000  1.0000000e-003
  2.4311000e+004  1.2257000e+003 -2.2020000e+000  1.0000000e-003
  2.4331000e+004  1.2266000e+003 -2.2040000e+000  1.0000000e-003
  2.4351000e+004  1.2276000e+003 -2.2060000e+000  1.0000000e-003
  2.4371000e+004  1.2287000e+003 -2.2070000e+000  1.0000000e-003
  2.4391000e+004  1.2297000e+003 -2.2090000e+000  1.0000000e-003
  2.4411000e+004  1.2306000e+003 -2.2110000e+000  1.0000000e-003
  2.4431000e+004  1.2316000e+003 -2.2130000e+000  1.0000000e-003
  2.4451000e+004  1.2323000e+003 -2.2150000e+000  1.0000000e-003
  2.4471000e+004  1.2336000e+003 -2.2160000e+000  1.0000000e-003
  2.4491000e+004  1.2346000e+003 -2.2180000e+000  1.0000000e-003
  2.4511000e+004  1.2358000e+003 -2.2200000e+000  1.0000000e-003
  2.4531000e+004  1.2369000e+003 -2.2220000e+000  1.0000000e-003
  2.4551000e+004  1.2378000e+003 -2.2230000e+000  1.0000000e-003
  2.4571000e+004  1.2390000e+003 -2.2250000e+000  1.0000000e-003
  2.4591000e+004  1.2399000e+003 -2.2260000e+000  1.0000000e-003
  2.4611000e+004  1.2409000e+003 -2.2280000e+000  1.0000000e-003
  2.4631000e+004  1.2420000e+003 -2.2300000e+000  1.0000000e-003
  2.4651000e+004  1.2430000e+003 -2.2320000e+000  1.0000000e-003
  2.4671000e+004  1.2441000e+003 -2.2330000e+000  1.0000000e-003
  2.4692000e+004  1.2449000e+003 -2.2340000e+000  1.0000000e-003
  2.4712000e+004  1.2462000e+003 -2.2360000e+000  1.0000000e-003
  2.4732000e+004  1.2472000e+003 -2.2370000e+000  1.0000000e-003
  2.4752000e+004  1.2484000e+003 -2.2390000e+000  1.0000000e-003
  2.4772000e+004  1.2493000e+003 -2.2410000e+000  1.0000000e-003
  2.4792000e+004  1.2504000e+003 -2.2420000e+000  1.0000000e-003
  2.4812000e+004  1.2511000e+003 -2.2440000e+000  1.0000000e-003
  2.4832000e+004  1.2523000e+003 -2.2450000e+000  1.0000000e-003
  2.4852000e+004  1.2534000e+003 -2.2470000e+000  1.0000000e-003
  2.4872000e+004  1.2542000e+003 -2.2480000e+000  1.0000000e-003
  2.4892000e+004  1.2554000e+003 -2.2500000e+000  1.0000000e-003
  2.4912000e+004  1.2563000e+003 -2.2520000e+000  1.0000000e-003
  2.4932000e+004  1.2574000e+003 -2.2530000e+000  1.0000000e-003
  2.4952000e+004  1.2584000e+003 -2.2540000e+000  1.0000000e-003
  2.4972000e+004  1.2595000e+003 -2.2560000e+000  1.0000000e-003
  2.4992000e+004  1.2603000e+003 -2.2570000e+000  1.0000000e-003
  2.5012000e+004  1.2614000e+003 -2.2590000e+000  1.0000000e-003
  2.5032000e+004  1.2623000e+003 -2.2610000e+000  1.0000000e-003
  2.5052000e+004  1.2637000e+003 -2.2620000e+000  1.0000000e-003
  2.5072000e+004  1.2647000e+003 -2.2630000e+000  1.0000000e-003
  2.5092000e+004  1.2656000e+003 -2.2650000e+000  1.0000000e-003
  2.5112000e+004  1.2665000e+003 -2.2660000e+000  1.0000000e-003
  2.5132000e+004  1.2679000e+003 -2.2670000e+000  1.0000000e-003
  2.5152000e+004  1.2686000e+003 -2.2690000e+000  1.0000000e-003
  2.5172000e+004  1.2698000e+003 -2.2700000e+000  1.0000000e-003
  2.5192000e+004  1.2707000e+003 -2.2720000e+000  1.0000000e-003
  2.5212000e+004  1.2719000e+003 -2.2730000e+000  1.0000000e-003
  2.5232000e+004  1.2733000e+003 -2.2740000e+000  1.0000000e-003
  2.5252000e+004  1.2737000e+003 -2.2750000e+000  1.0000000e-003
  2.5272000e+004  1.2749000e+003 -2.2760000e+000  1.0000000e-003
  2.5292000e+004  1.2759000e+003 -2.2770000e+000  1.0000000e-003
  2.5312000e+004  1.2770000e+003 -2.2790000e+000  1.0000000e-003
  2.5332000e+004  1.2780000e+003 -2.2800000e+000  1.0000000e-003
  2.5353000e+004  1.2791000e+003 -2.2820000e+000  1.0000000e-003
  2.5377000e+004  1.2801000e+003 -2.2830000e+000  1.0000000e-003
  2.5398000e+004  1.2814000e+003 -2.2840000e+000  1.0000000e-003
  2.5418000e+004  1.2822000e+003 -2.2860000e+000  1.0000000e-003
  2.5438000e+004  1.2834000e+003 -2.2870000e+000  1.0000000e-003
  2.5458000e+004  1.2845000e+003 -2.2880000e+000  1.0000000e-003
  2.5478000e+004  1.2852000e+003 -2.2900000e+000  1.0000000e-003
  2.5498000e+004  1.2864000e+003 -2.2910000e+000  1.0000000e-003
  2.5518000e+004  1.2877000e+003 -2.2920000e+000  1.0000000e-003
  2.5538000e+004  1.2887000e+003 -2.2930000e+000  1.0000000e-003
  2.5558000e+004  1.2898000e+003 -2.2940000e+000  1.0000000e-003
  2.5578000e+004  1.2904000e+003 -2.2950000e+000  1.0000000e-003
  2.5598000e+004  1.2915000e+003 -2.2970000e+000  1.0000000e-003
  2.5618000e+004  1.2927000e+003 -2.2980000e+000  1.0000000e-003
  2.5638000e+004  1.2936000e+003 -2.2990000e+000  1.0000000e-003
  2.5658000e+004  1.2948000e+003 -2.3010000e+000  1.0000000e-003
  2.5678000e+004  1.2959000e+003 -2.3020000e+000  1.0000000e-003
  2.5698000e+004  1.2968000e+003 -2.3030000e+000  1.0000000e-003
  2.5718000e+004  1.2980000e+003 -2.3040000e+000  1.0000000e-003
  2.5738000e+004  1.2988000e+003 -2.3050000e+000  1.0000000e-003
  2.5758000e+004  1.2997000e+003 -2.3060000e+000  1.0000000e-003
  2.5778000e+004  1.3008000e+003 -2.3070000e+000  1.0000000e-003
  2.5798000e+004  1.3020000e+003 -2.3080000e+000  1.0000000e-003
  2.5818000e+004  1.3029000e+003 -2.3090000e+000  1.0000000e-003
  2.5838000e+004  1.3039000e+003 -2.3100000e+000  1.0000000e-003
  2.5858000e+004  1.3050000e+003 -2.3120000e+000  1.0000000e-003
  2.5878000e+004  1.3057000e+003 -2.3120000e+000  1.0000000e-003
  2.5898000e+004  1.3071000e+003 -2.3130000e+000  1.0000000e-003
  2.5918000e+004  1.3079000e+003 -2.3140000e+000  1.0000000e-003
  2.5938000e+004  1.3090000e+003 -2.3150000e+000  1.0000000e-003
  2.5958000e+004  1.3102000e+003 -2.3160000e+000  1.0000000e-003
  2.5978000e+004  1.3111000e+003 -2.3170000e+000  1.0000000e-003
  2.5998000e+004  1.3122000e+003 -2.3180000e+000  1.0000000e-003
  2.6018000e+004  1.3130000e+003 -2.3190000e+000  1.0000000e-003
  2.6038000e+004  1.3141000e+003 -2.3200000e+000  1.0000000e-003
  2.6058000e+004  1.3151000e+003 -2.3210000e+000  1.0000000e-003
  2.6079000e+004  1.3160000e+003 -2.3220000e+000  1.0000000e-003
  2.6099000e+004  1.3174000e+003 -2.3230000e+000  1.0000000e-003
  2.6119000e+004  1.3184000e+003 -2.3240000e+000  1.0000000e-003
  2.6139000e+004  1.3197000e+003 -2.3250000e+000  1.0000000e-003
  2.6159000e+004  1.3205000e+003 -2.3260000e+000  1.0000000e-003
  2.6179000e+004  1.3216000e+003 -2.3270000e+000  1.0000000e-003
  2.6199000e+004  1.3225000e+003 -2.3280000e+000  1.0000000e-003
  2.6219000e+004  1.3233000e+003 -2.3290000e+000  1.0000000e-003
  2.6239000e+004  1.3244000e+003 -2.3300000e+000  1.0000000e-003
  2.6259000e+004  1.3256000e+003 -2.3310000e+000  1.0000000e-003
  2.6279000e+004  1.3265000e+003 -2.3320000e+000  1.0000000e-003
  2.6299000e+004  1.3274000e+003 -2.3330000e+000  1.0000000e-003
  2.6319000e+004  1.3284000e+003 -2.3330000e+000  1.0000000e-003
  2.6339000e+004  1.3297000e+003 -2.3340000e+000  1.0000000e-003
  2.6359000e+004  1.3307000e+003 -2.3350000e+000  1.0000000e-003
  2.6379000e+004  1.3316000e+003 -2.3360000e+000  1.0000000e-003
  2.6399000e+004  1.3328000e+003 -2.3370000e+000  1.0000000e-003
  2.6419000e+004  1.3338000e+003 -2.3380000e+000  1.0000000e-003
  2.6439000e+004  1.3347000e+003 -2.3390000e+000  1.0000000e-003
  2.6459000e+004  1.3358000e+003 -2.3400000e+000  1.0000000e-003
  2.6479000e+004  1.3370000e+003 -2.3410000e+000  1.0000000e-003
  2.6499000e+004  1.3380000e+003 -2.3420000e+000  1.0000000e-003
  2.6519000e+004  1.3389000e+003 -2.3420000e+000  1.0000000e-003
  2.6539000e+004  1.3402000e+003 -2.3430000e+000  1.0000000e-003
  2.6559000e+004  1.3410000e+003 -2.3440000e+000  1.0000000e-003
  2.6579000e+004  1.3419000e+003 -2.3440000e+000  1.0000000e-003
  2.6599000e+004  1.3429000e+003 -2.3450000e+000  1.0000000e-003
  2.6619000e+004  1.3436000e+003 -2.3460000e+000  1.0000000e-003
  2.6639000e+004  1.3450000e+003 -2.3460000e+000  1.0000000e-003
  2.6659000e+004  1.3459000e+003 -2.3470000e+000  1.0000000e-003
  2.6679000e+004  1.3468000e+003 -2.3480000e+000  1.0000000e-003
  2.6699000e+004  1.3480000e+003 -2.3490000e+000  1.0000000e-003
  2.6720000e+004  1.3491000e+003 -2.3500000e+000  1.0000000e-003
  2.6740000e+004  1.3498000e+003 -2.3510000e+000  1.0000000e-003
  2.6760000e+004  1.3508000e+003 -2.3510000e+000  1.0000000e-003
  2.6780000e+004  1.3519000e+003 -2.3520000e+000  1.0000000e-003
  2.6800000e+004  1.3531000e+003 -2.3530000e+000  1.0000000e-003
  2.6820000e+004  1.3540000e+003 -2.3540000e+000  1.0000000e-003
  2.6840000e+004  1.3552000e+003 -2.3540000e+000  1.0000000e-003
  2.6860000e+004  1.3561000e+003 -2.3550000e+000  1.0000000e-003
  2.6880000e+004  1.3571000e+003 -2.3550000e+000  1.0000000e-003
  2.6900000e+004  1.3584000e+003 -2.3560000e+000  1.0000000e-003
  2.6920000e+004  1.3592000e+003 -2.3560000e+000  1.0000000e-003
  2.6940000e+004  1.3601000e+003 -2.3570000e+000  1.0000000e-003
  2.6960000e+004  1.3613000e+003 -2.3580000e+000  1.0000000e-003
  2.6980000e+004  1.3622000e+003 -2.3580000e+000  1.0000000e-003
  2.7000000e+004  1.3633000e+003 -2.3590000e+000  1.0000000e-003
  2.7020000e+004  1.3643000e+003 -2.3600000e+000  1.0000000e-003
  2.7040000e+004  1.3652000e+003 -2.3610000e+000  1.0000000e-003
  2.7060000e+004  1.3664000e+003 -2.3610000e+000  1.0000000e-003
  2.7080000e+004  1.3673000e+003 -2.3620000e+000  1.0000000e-003
  2.7100000e+004  1.3682000e+003 -2.3630000e+000  1.0000000e-003
  2.7120000e+004  1.3692000e+003 -2.3630000e+000  1.0000000e-003
  2.7140000e+004  1.3701000e+003 -2.3640000e+000  1.0000000e-003
  2.7160000e+004  1.3709000e+003 -2.3640000e+000  1.0000000e-003
  2.7180000e+004  1.3722000e+003 -2.3650000e+000  1.0000000e-003
  2.7200000e+004  1.3731000e+003 -2.3660000e+000  1.0000000e-003
  2.7220000e+004  1.3743000e+003 -2.3660000e+000  1.0000000e-003
  2.7240000e+004  1.3753000e+003 -2.3670000e+000  1.0000000e-003
  2.7260000e+004  1.3760000e+003 -2.3680000e+000  1.0000000e-003
  2.7280000e+004  1.3771000e+003 -2.3680000e+000  1.0000000e-003
  2.7300000e+004  1.3783000e+003 -2.3690000e+000  1.0000000e-003
  2.7320000e+004  1.3793000e+003 -2.3690000e+000  1.0000000e-003
  2.7340000e+004  1.3806000e+003 -2.3700000e+000  1.0000000e-003
  2.7360000e+004  1.3815000e+003 -2.3710000e+000  1.0000000e-003
  2.7380000e+004  1.3823000e+003 -2.3710000e+000  1.0000000e-003
  2.7400000e+004  1.3832000e+003 -2.3720000e+000  1.0000000e-003
  2.7420000e+004  1.3843000e+003 -2.3720000e+000  1.0000000e-003
  2.7440000e+004  1.3851000e+003 -2.3730000e+000  1.0000000e-003
  2.7460000e+004  1.3865000e+003 -2.3730000e+000  1.0000000e-003
  2.7480000e+004  1.3874000e+003 -2.3740000e+000  1.0000000e-003
  2.7500000e+004  1.3884000e+003 -2.3740000e+000  1.0000000e-003
  2.7520000e+004  1.3893000e+003 -2.3750000e+000  1.0000000e-003
  2.7540000e+004  1.3904000e+003 -2.3750000e+000  1.0000000e-003
  2.7560000e+004  1.3914000e+003 -2.3760000e+000  1.0000000e-003
  2.7580000e+004  1.3923000e+003 -2.3760000e+000  1.0000000e-003
  2.7600000e+004  1.3932000e+003 -2.3770000e+000  1.0000000e-003
