  0.0000000e+000  1.8700000e+001  0.0000000e+000  1.0000000e-003
  2.0000000e+001  1.8900000e+001  0.0000000e+000  1.0000000e-003
  4.0000000e+001  1.8700000e+001  0.0000000e+000  1.0000000e-003
  6.0000000e+001  1.8900000e+001  0.0000000e+000  1.0000000e-003
  8.0000000e+001  1.9100000e+001  0.0000000e+000  1.0000000e-003
  1.0000000e+002  1.8900000e+001  0.0000000e+000  1.0000000e-003
  1.2100000e+002  1.8900000e+001  0.0000000e+000  1.0000000e-003
  1.4100000e+002  1.8700000e+001  0.0000000e+000  1.0000000e-003
  1.6100000e+002  1.8700000e+001  0.0000000e+000  1.0000000e-003
  1.8100000e+002  1.8700000e+001  0.0000000e+000  1.0000000e-003
  2.0100000e+002  1.8700000e+001  0.0000000e+000  1.0000000e-003
  2.2100000e+002  1.8700000e+001  0.0000000e+000  1.0000000e-003
  2.4100000e+002  1.8500000e+001  0.0000000e+000  1.0000000e-003
  2.6100000e+002  1.8500000e+001  0.0000000e+000  1.0000000e-003
  2.8100000e+002  1.8700000e+001  0.0000000e+000  1.0000000e-003
  3.0100000e+002  1.9100000e+001  0.0000000e+000  1.0000000e-003
  3.2100000e+002  1.9100000e+001  0.0000000e+000  1.0000000e-003
  3.4100000e+002  1.9100000e+001  0.0000000e+000  1.0000000e-003
  3.6100000e+002  1.8900000e+001  0.0000000e+000  1.0000000e-003
  3.8100000e+002  1.9600000e+001  0.0000000e+000  1.0000000e-003
  4.0100000e+002  1.9800000e+001 -1.0000000e-003  1.0000000e-003
  4.2100000e+002  1.9800000e+001 -1.0000000e-003  1.0000000e-003
  4.4100000e+002  2.0100000e+001 -1.0000000e-003  1.0000000e-003
  4.6100000e+002  2.0600000e+001 -1.0000000e-003  1.0000000e-003
  4.8100000e+002  2.0600000e+001 -1.0000000e-003  1.0000000e-003
  5.0100000e+002  2.1200000e+001 -1.0000000e-003  1.0000000e-003
  5.2100000e+002  2.1200000e+001 -1.0000000e-003  1.0000000e-003
  5.4100000e+002  2.1700000e+001 -1.0000000e-003  1.0000000e-003
  5.6100000e+002  2.2000000e+001 -1.0000000e-003  1.0000000e-003
  5.8100000e+002  2.2000000e+001 -2.0000000e-003  1.0000000e-003
  6.0100000e+002  2.2900000e+001 -2.0000000e-003  1.0000000e-003
  6.2100000e+002  2.3100000e+001 -2.0000000e-003  1.0000000e-003
  6.4100000e+002  2.4000000e+001 -2.0000000e-003  1.0000000e-003
  6.6100000e+002  2.4300000e+001 -2.0000000e-003  1.0000000e-003
  6.8100000e+002  2.5000000e+001 -2.0000000e-003  1.0000000e-003
  7.0100000e+002  2.5900000e+001 -2.0000000e-003  1.0000000e-003
  7.2100000e+002  2.6400000e+001 -3.0000000e-003  1.0000000e-003
  7.4200000e+002  2.7000000e+001 -3.0000000e-003  1.0000000e-003
  7.6600000e+002  2.7800000e+001 -3.0000000e-003  1.0000000e-003
  7.8600000e+002  2.8400000e+001 -3.0000000e-003  1.0000000e-003
  8.0600000e+002  2.8900000e+001 -3.0000000e-003  1.0000000e-003
  8.2700000e+002  2.9800000e+001 -3.0000000e-003  1.0000000e-003
  8.4700000e+002  3.0600000e+001 -3.0000000e-003  1.0000000e-003
  8.6700000e+002  3.1300000e+001 -3.0000000e-003  1.0000000e-003
  8.8700000e+002  3.2000000e+001 -4.0000000e-003  1.0000000e-003
  9.0700000e+002  3.2900000e+001 -4.0000000e-003  1.0000000e-003
  9.2700000e+002  3.3600000e+001 -4.0000000e-003  1.0000000e-003
  9.4700000e+002  3.4500000e+001 -4.0000000e-003  1.0000000e-003
  9.6700000e+002  3.5000000e+001 -4.0000000e-003  1.0000000e-003
  9.8700000e+002  3.6600000e+001 -4.0000000e-003  1.0000000e-003
  1.0070000e+003  3.7100000e+001 -4.0000000e-003  1.0000000e-003
  1.0270000e+003  3.8200000e+001 -4.0000000e-003  1.0000000e-003
  1.0470000e+003  3.9600000e+001 -4.0000000e-003  1.0000000e-003
  1.0670000e+003  4.0100000e+001 -4.0000000e-003  1.0000000e-003
  1.0870000e+003  4.1100000e+001 -4.0000000e-003  1.0000000e-003
  1.1070000e+003  4.2300000e+001 -5.0000000e-003  1.0000000e-003
  1.1280000e+003  4.3400000e+001 -5.0000000e-003  1.0000000e-003
  1.1530000e+003  4.4600000e+001 -5.0000000e-003  1.0000000e-003
  1.1730000e+003  4.5700000e+001 -5.0000000e-003  1.0000000e-003
  1.1930000e+003  4.7100000e+001 -5.0000000e-003  1.0000000e-003
  1.2130000e+003  4.8500000e+001 -5.0000000e-003  1.0000000e-003
  1.2330000e+003  4.9700000e+001 -5.0000000e-003  1.0000000e-003
  1.2530000e+003  5.0800000e+001 -5.0000000e-003  1.0000000e-003
  1.2740000e+003  5.2000000e+001 -5.0000000e-003  1.0000000e-003
  1.2980000e+003  5.3400000e+001 -6.0000000e-003  1.0000000e-003
  1.3180000e+003  5.5000000e+001 -6.0000000e-003  1.0000000e-003
  1.3390000e+003  5.6400000e+001 -6.0000000e-003  1.0000000e-003
  1.3590000e+003  5.7200000e+001 -6.0000000e-003  1.0000000e-003
  1.3790000e+003  5.8800000e+001 -6.0000000e-003  1.0000000e-003
  1.3990000e+003  5.9900000e+001 -6.0000000e-003  1.0000000e-003
  1.4190000e+003  6.1300000e+001 -6.0000000e-003  1.0000000e-003
  1.4390000e+003  6.2600000e+001 -7.0000000e-003  1.0000000e-003
  1.4590000e+003  6.4100000e+001 -7.0000000e-003  1.0000000e-003
  1.4790000e+003  6.5400000e+001 -7.0000000e-003  1.0000000e-003
  1.4990000e+003  6.6700000e+001 -7.0000000e-003  1.0000000e-003
  1.5190000e+003  6.8100000e+001 -7.0000000e-003  1.0000000e-003
  1.5390000e+003  6.9300000e+001 -8.0000000e-003  1.0000000e-003
  1.5590000e+003  7.1000000e+001 -8.0000000e-003  1.0000000e-003
  1.5790000e+003  7.2300000e+001 -8.0000000e-003  1.0000000e-003
  1.5990000e+003  7.4200000e+001 -9.0000000e-003  1.0000000e-003
  1.6190000e+003  7.5800000e+001 -9.0000000e-003  1.0000000e-003
  1.6390000e+003  7.7000000e+001 -1.0000000e-002  1.0000000e-003
  1.6600000e+003  7.8900000e+001 -1.0000000e-002  1.0000000e-003
  1.6800000e+003  8.0300000e+001 -1.1000000e-002  1.0000000e-003
  1.7000000e+003  8.2400000e+001 -1.1000000e-002  1.0000000e-003
  1.7200000e+003  8.3800000e+001 -1.2000000e-002  1.0000000e-003
  1.7400000e+003  8.5600000e+001 -1.2000000e-002  1.0000000e-003
  1.7600000e+003  8.7000000e+001 -1.3000000e-002  1.0000000e-003
  1.7800000e+003  8.8900000e+001 -1.3000000e-002  1.0000000e-003
  1.8000000e+003  9.0800000e+001 -1.4000000e-002  1.0000000e-003
  1.8200000e+003  9.2600000e+001 -1.4000000e-002  1.0000000e-003
  1.8400000e+003  9.4300000e+001 -1.5000000e-002  1.0000000e-003
  1.8600000e+003  9.5700000e+001 -1.5000000e-002  1.0000000e-003
  1.8810000e+003  9.7800000e+001 -1.6000000e-002  1.0000000e-003
  1.9010000e+003  9.9400000e+001 -1.6000000e-002  1.0000000e-003
  1.9210000e+003  1.0150000e+002 -1.7000000e-002  1.0000000e-003
  1.9410000e+003  1.0340000e+002 -1.7000000e-002  1.0000000e-003
  1.9610000e+003  1.0520000e+002 -1.7000000e-002  1.0000000e-003
  1.9810000e+003  1.0690000e+002 -1.8000000e-002  1.0000000e-003
  2.0010000e+003  1.0870000e+002 -1.8000000e-002  1.0000000e-003
  2.0210000e+003  1.1080000e+002 -1.9000000e-002  1.0000000e-003
  2.0410000e+003  1.1250000e+002 -1.9000000e-002  1.0000000e-003
  2.0610000e+003  1.1500000e+002 -2.0000000e-002  1.0000000e-003
  2.0810000e+003  1.1670000e+002 -2.0000000e-002  1.0000000e-003
  2.1010000e+003  1.1850000e+002 -2.1000000e-002  1.0000000e-003
  2.1210000e+003  1.2080000e+002 -2.1000000e-002  1.0000000e-003
  2.1410000e+003  1.2250000e+002 -2.2000000e-002  1.0000000e-003
  2.1610000e+003  1.2440000e+002 -2.2000000e-002  1.0000000e-003
  2.1810000e+003  1.2620000e+002 -2.2000000e-002  1.0000000e-003
  2.2010000e+003  1.2840000e+002 -2.3000000e-002  1.0000000e-003
  2.2210000e+003  1.3060000e+002 -2.3000000e-002  1.0000000e-003
  2.2410000e+003  1.3280000e+002 -2.3000000e-002  1.0000000e-003
  2.2610000e+003  1.3490000e+002 -2.4000000e-002  1.0000000e-003
  2.2810000e+003  1.3720000e+002 -2.4000000e-002  1.0000000e-003
  2.3010000e+003  1.3910000e+002 -2.4000000e-002  1.0000000e-003
  2.3210000e+003  1.4160000e+002 -2.5000000e-002  1.0000000e-003
  2.3410000e+003  1.4350000e+002 -2.5000000e-002  1.0000000e-003
  2.3610000e+003  1.4600000e+002 -2.5000000e-002  1.0000000e-003
  2.3810000e+003  1.4820000e+002 -2.6000000e-002  1.0000000e-003
  2.4010000e+003  1.5030000e+002 -2.6000000e-002  1.0000000e-003
  2.4210000e+003  1.5170000e+002 -2.6000000e-002  1.0000000e-003
  2.4420000e+003  1.5420000e+002 -2.6000000e-002  1.0000000e-003
  2.4620000e+003  1.5640000e+002 -2.7000000e-002  1.0000000e-003
  2.4820000e+003  1.5860000e+002 -2.7000000e-002  1.0000000e-003
  2.5020000e+003  1.6050000e+002 -2.7000000e-002  1.0000000e-003
  2.5220000e+003  1.6310000e+002 -2.8000000e-002  1.0000000e-003
  2.5420000e+003  1.6500000e+002 -2.8000000e-002  1.0000000e-003
  2.5620000e+003  1.6730000e+002 -2.8000000e-002  1.0000000e-003
  2.5820000e+003  1.6940000e+002 -2.8000000e-002  1.0000000e-003
  2.6020000e+003  1.7220000e+002 -2.9000000e-002  1.0000000e-003
  2.6220000e+003  1.7410000e+002 -2.9000000e-002  1.0000000e-003
  2.6420000e+003  1.7620000e+002 -2.9000000e-002  1.0000000e-003
  2.6620000e+003  1.7830000e+002 -3.0000000e-002  1.0000000e-003
  2.6820000e+003  1.8080000e+002 -3.0000000e-002  1.0000000e-003
  2.7020000e+003  1.8250000e+002 -3.1000000e-002  1.0000000e-003
  2.7220000e+003  1.8530000e+002 -3.1000000e-002  1.0000000e-003
  2.7420000e+003  1.8740000e+002 -3.1000000e-002  1.0000000e-003
  2.7620000e+003  1.8990000e+002 -3.2000000e-002  1.0000000e-003
  2.7820000e+003  1.9210000e+002 -3.2000000e-002  1.0000000e-003
  2.8020000e+003  1.9440000e+002 -3.2000000e-002  1.0000000e-003
  2.8220000e+003  1.9690000e+002 -3.3000000e-002  1.0000000e-003
  2.8420000e+003  1.9920000e+002 -3.3000000e-002  1.0000000e-003
  2.8620000e+003  2.0160000e+002 -3.3000000e-002  1.0000000e-003
  2.8820000e+003  2.0410000e+002 -3.4000000e-002  1.0000000e-003
  2.9020000e+003  2.0670000e+002 -3.4000000e-002  1.0000000e-003
  2.9220000e+003  2.0820000e+002 -3.4000000e-002  1.0000000e-003
  2.9430000e+003  2.1050000e+002 -3.5000000e-002  1.0000000e-003
  2.9670000e+003  2.1330000e+002 -3.5000000e-002  1.0000000e-003
  2.9870000e+003  2.1560000e+002 -3.5000000e-002  1.0000000e-003
  3.0070000e+003  2.1790000e+002 -3.5000000e-002  1.0000000e-003
  3.0270000e+003  2.2070000e+002 -3.6000000e-002  1.0000000e-003
  3.0480000e+003  2.2310000e+002 -3.6000000e-002  1.0000000e-003
  3.0680000e+003  2.2540000e+002 -3.6000000e-002  1.0000000e-003
  3.0880000e+003  2.2770000e+002 -3.6000000e-002  1.0000000e-003
  3.1080000e+003  2.3010000e+002 -3.7000000e-002  1.0000000e-003
  3.1280000e+003  2.3220000e+002 -3.7000000e-002  1.0000000e-003
  3.1480000e+003  2.3470000e+002 -3.7000000e-002  1.0000000e-003
  3.1680000e+003  2.3710000e+002 -3.7000000e-002  1.0000000e-003
  3.1880000e+003  2.3920000e+002 -3.8000000e-002  1.0000000e-003
  3.2080000e+003  2.4130000e+002 -3.8000000e-002  1.0000000e-003
  3.2280000e+003  2.4390000e+002 -3.8000000e-002  1.0000000e-003
  3.2480000e+003  2.4680000e+002 -3.8000000e-002  1.0000000e-003
  3.2680000e+003  2.4900000e+002 -3.9000000e-002  1.0000000e-003
  3.2880000e+003  2.5150000e+002 -3.9000000e-002  1.0000000e-003
  3.3080000e+003  2.5390000e+002 -3.9000000e-002  1.0000000e-003
  3.3280000e+003  2.5650000e+002 -4.0000000e-002  1.0000000e-003
  3.3480000e+003  2.5900000e+002 -4.0000000e-002  1.0000000e-003
  3.3680000e+003  2.6130000e+002 -4.0000000e-002  1.0000000e-003
  3.3880000e+003  2.6370000e+002 -4.1000000e-002  1.0000000e-003
  3.4080000e+003  2.6620000e+002 -4.1000000e-002  1.0000000e-003
  3.4290000e+003  2.6880000e+002 -4.1000000e-002  1.0000000e-003
  3.4490000e+003  2.7110000e+002 -4.2000000e-002  1.0000000e-003
  3.4690000e+003  2.7330000e+002 -4.2000000e-002  1.0000000e-003
  3.4890000e+003  2.7600000e+002 -4.3000000e-002  1.0000000e-003
  3.5090000e+003  2.7860000e+002 -4.3000000e-002  1.0000000e-003
  3.5290000e+003  2.8070000e+002 -4.3000000e-002  1.0000000e-003
  3.5490000e+003  2.8330000e+002 -4.4000000e-002  1.0000000e-003
  3.5690000e+003  2.8560000e+002 -4.4000000e-002  1.0000000e-003
  3.5890000e+003  2.8790000e+002 -4.4000000e-002  1.0000000e-003
  3.6090000e+003  2.9010000e+002 -4.5000000e-002  1.0000000e-003
  3.6290000e+003  2.9260000e+002 -4.5000000e-002  1.0000000e-003
  3.6490000e+003  2.9520000e+002 -4.5000000e-002  1.0000000e-003
  3.6690000e+003  2.9770000e+002 -4.5000000e-002  1.0000000e-003
  3.6900000e+003  2.9990000e+002 -4.6000000e-002  1.0000000e-003
  3.7100000e+003  3.0280000e+002 -4.6000000e-002  1.0000000e-003
  3.7300000e+003  3.0490000e+002 -4.6000000e-002  1.0000000e-003
  3.7500000e+003  3.0750000e+002 -4.6000000e-002  1.0000000e-003
  3.7700000e+003  3.0990000e+002 -4.7000000e-002  1.0000000e-003
  3.7900000e+003  3.1240000e+002 -4.7000000e-002  1.0000000e-003
  3.8100000e+003  3.1460000e+002 -4.7000000e-002  1.0000000e-003
  3.8300000e+003  3.1710000e+002 -4.7000000e-002  1.0000000e-003
  3.8500000e+003  3.1960000e+002 -4.7000000e-002  1.0000000e-003
  3.8700000e+003  3.2220000e+002 -4.8000000e-002  1.0000000e-003
  3.8900000e+003  3.2460000e+002 -4.8000000e-002  1.0000000e-003
  3.9100000e+003  3.2740000e+002 -4.8000000e-002  1.0000000e-003
  3.9300000e+003  3.2970000e+002 -4.8000000e-002  1.0000000e-003
  3.9500000e+003  3.3230000e+002 -4.8000000e-002  1.0000000e-003
  3.9700000e+003  3.3490000e+002 -4.9000000e-002  1.0000000e-003
  3.9900000e+003  3.3720000e+002 -4.9000000e-002  1.0000000e-003
  4.0100000e+003  3.3980000e+002 -4.9000000e-002  1.0000000e-003
  4.0300000e+003  3.4210000e+002 -4.9000000e-002  1.0000000e-003
  4.0500000e+003  3.4480000e+002 -5.0000000e-002  1.0000000e-003
  4.0700000e+003  3.4740000e+002 -5.0000000e-002  1.0000000e-003
  4.0900000e+003  3.4980000e+002 -5.0000000e-002  1.0000000e-003
  4.1100000e+003  3.5240000e+002 -5.0000000e-002  1.0000000e-003
  4.1300000e+003  3.5470000e+002 -5.0000000e-002  1.0000000e-003
  4.1500000e+003  3.5720000e+002 -5.1000000e-002  1.0000000e-003
  4.1700000e+003  3.5980000e+002 -5.1000000e-002  1.0000000e-003
  4.1900000e+003  3.6230000e+002 -5.1000000e-002  1.0000000e-003
  4.2100000e+003  3.6450000e+002 -5.1000000e-002  1.0000000e-003
  4.2300000e+003  3.6700000e+002 -5.2000000e-002  1.0000000e-003
  4.2510000e+003  3.6930000e+002 -5.2000000e-002  1.0000000e-003
  4.2710000e+003  3.7190000e+002 -5.2000000e-002  1.0000000e-003
  4.2910000e+003  3.7430000e+002 -5.2000000e-002  1.0000000e-003
  4.3110000e+003  3.7700000e+002 -5.2000000e-002  1.0000000e-003
  4.3310000e+003  3.7920000e+002 -5.3000000e-002  1.0000000e-003
  4.3510000e+003  3.8190000e+002 -5.3000000e-002  1.0000000e-003
  4.3710000e+003  3.8430000e+002 -5.3000000e-002  1.0000000e-003
  4.3920000e+003  3.8690000e+002 -5.3000000e-002  1.0000000e-003
  4.4160000e+003  3.8950000e+002 -5.4000000e-002  1.0000000e-003
  4.4360000e+003  3.9220000e+002 -5.4000000e-002  1.0000000e-003
  4.4570000e+003  3.9460000e+002 -5.4000000e-002  1.0000000e-003
  4.4770000e+003  3.9710000e+002 -5.4000000e-002  1.0000000e-003
  4.4970000e+003  3.9950000e+002 -5.5000000e-002  1.0000000e-003
  4.5180000e+003  4.0200000e+002 -5.5000000e-002  1.0000000e-003
  4.5380000e+003  4.0460000e+002 -5.5000000e-002  1.0000000e-003
  4.5630000e+003  4.0780000e+002 -5.5000000e-002  1.0000000e-003
  4.5880000e+003  4.1090000e+002 -5.6000000e-002  1.0000000e-003
  4.6120000e+003  4.1370000e+002 -5.6000000e-002  1.0000000e-003
  4.6320000e+003  4.1610000e+002 -5.6000000e-002  1.0000000e-003
  4.6530000e+003  4.1880000e+002 -5.6000000e-002  1.0000000e-003
  4.6730000e+003  4.2140000e+002 -5.7000000e-002  1.0000000e-003
  4.6930000e+003  4.2380000e+002 -5.7000000e-002  1.0000000e-003
  4.7130000e+003  4.2610000e+002 -5.7000000e-002  1.0000000e-003
  4.7340000e+003  4.2910000e+002 -5.7000000e-002  1.0000000e-003
  4.7580000e+003  4.3190000e+002 -5.8000000e-002  1.0000000e-003
  4.7790000e+003  4.3450000e+002 -5.8000000e-002  1.0000000e-003
  4.8040000e+003  4.3730000e+002 -5.8000000e-002  1.0000000e-003
  4.8240000e+003  4.3980000e+002 -5.8000000e-002  1.0000000e-003
  4.8440000e+003  4.4220000e+002 -5.9000000e-002  1.0000000e-003
  4.8640000e+003  4.4490000e+002 -5.9000000e-002  1.0000000e-003
  4.8840000e+003  4.4730000e+002 -5.9000000e-002  1.0000000e-003
  4.9040000e+003  4.4980000e+002 -5.9000000e-002  1.0000000e-003
  4.9240000e+003  4.5200000e+002 -6.0000000e-002  1.0000000e-003
  4.9440000e+003  4.5430000e+002 -6.0000000e-002  1.0000000e-003
  4.9640000e+003  4.5730000e+002 -6.0000000e-002  1.0000000e-003
  4.9840000e+003  4.5920000e+002 -6.1000000e-002  1.0000000e-003
  5.0040000e+003  4.6150000e+002 -6.1000000e-002  1.0000000e-003
  5.0240000e+003  4.6370000e+002 -6.1000000e-002  1.0000000e-003
  5.0440000e+003  4.6620000e+002 -6.2000000e-002  1.0000000e-003
  5.0640000e+003  4.6850000e+002 -6.2000000e-002  1.0000000e-003
  5.0840000e+003  4.7090000e+002 -6.2000000e-002  1.0000000e-003
  5.1040000e+003  4.7340000e+002 -6.3000000e-002  1.0000000e-003
  5.1250000e+003  4.7570000e+002 -6.3000000e-002  1.0000000e-003
  5.1450000e+003  4.7810000e+002 -6.3000000e-002  1.0000000e-003
  5.1650000e+003  4.8050000e+002 -6.4000000e-002  1.0000000e-003
  5.1850000e+003  4.8320000e+002 -6.4000000e-002  1.0000000e-003
  5.2050000e+003  4.8540000e+002 -6.4000000e-002  1.0000000e-003
  5.2250000e+003  4.8760000e+002 -6.5000000e-002  1.0000000e-003
  5.2450000e+003  4.8980000e+002 -6.5000000e-002  1.0000000e-003
  5.2650000e+003  4.9210000e+002 -6.5000000e-002  1.0000000e-003
  5.2850000e+003  4.9460000e+002 -6.6000000e-002  1.0000000e-003
  5.3050000e+003  4.9680000e+002 -6.6000000e-002  1.0000000e-003
  5.3260000e+003  4.9930000e+002 -6.6000000e-002  1.0000000e-003
  5.3460000e+003  5.0170000e+002 -6.7000000e-002  1.0000000e-003
  5.3660000e+003  5.0400000e+002 -6.7000000e-002  1.0000000e-003
  5.3860000e+003  5.0680000e+002 -6.8000000e-002  1.0000000e-003
  5.4060000e+003  5.0910000e+002 -6.8000000e-002  1.0000000e-003
  5.4260000e+003  5.1120000e+002 -6.9000000e-002  1.0000000e-003
  5.4460000e+003  5.1330000e+002 -6.9000000e-002  1.0000000e-003
  5.4660000e+003  5.1610000e+002 -7.0000000e-002  1.0000000e-003
  5.4860000e+003  5.1780000e+002 -7.0000000e-002  1.0000000e-003
  5.5060000e+003  5.2030000e+002 -7.1000000e-002  1.0000000e-003
  5.5260000e+003  5.2270000e+002 -7.2000000e-002  1.0000000e-003
  5.5460000e+003  5.2520000e+002 -7.2000000e-002  1.0000000e-003
  5.5660000e+003  5.2750000e+002 -7.3000000e-002  1.0000000e-003
  5.5860000e+003  5.2990000e+002 -7.3000000e-002  1.0000000e-003
  5.6060000e+003  5.3220000e+002 -7.4000000e-002  1.0000000e-003
  5.6260000e+003  5.3450000e+002 -7.4000000e-002  1.0000000e-003
  5.6460000e+003  5.3690000e+002 -7.5000000e-002  1.0000000e-003
  5.6660000e+003  5.3920000e+002 -7.6000000e-002  1.0000000e-003
  5.6860000e+003  5.4150000e+002 -7.6000000e-002  1.0000000e-003
  5.7070000e+003  5.4410000e+002 -7.6000000e-002  1.0000000e-003
  5.7270000e+003  5.4620000e+002 -7.7000000e-002  1.0000000e-003
  5.7470000e+003  5.4850000e+002 -7.8000000e-002  1.0000000e-003
  5.7670000e+003  5.5090000e+002 -7.8000000e-002  1.0000000e-003
  5.7870000e+003  5.5350000e+002 -7.9000000e-002  1.0000000e-003
  5.8070000e+003  5.5580000e+002 -8.0000000e-002  1.0000000e-003
  5.8270000e+003  5.5790000e+002 -8.1000000e-002  1.0000000e-003
  5.8470000e+003  5.5980000e+002 -8.2000000e-002  1.0000000e-003
  5.8670000e+003  5.6210000e+002 -8.2000000e-002  1.0000000e-003
  5.8870000e+003  5.6450000e+002 -8.3000000e-002  1.0000000e-003
  5.9070000e+003  5.6650000e+002 -8.4000000e-002  1.0000000e-003
  5.9270000e+003  5.6890000e+002 -8.5000000e-002  1.0000000e-003
  5.9470000e+003  5.7120000e+002 -8.6000000e-002  1.0000000e-003
  5.9670000e+003  5.7350000e+002 -8.6000000e-002  1.0000000e-003
  5.9870000e+003  5.7580000e+002 -8.7000000e-002  1.0000000e-003
  6.0080000e+003  5.7800000e+002 -8.8000000e-002  1.0000000e-003
  6.0280000e+003  5.8010000e+002 -8.8000000e-002  1.0000000e-003
  6.0480000e+003  5.8220000e+002 -8.9000000e-002  1.0000000e-003
  6.0680000e+003  5.8450000e+002 -9.0000000e-002  1.0000000e-003
  6.0880000e+003  5.8660000e+002 -9.1000000e-002  1.0000000e-003
  6.1080000e+003  5.8900000e+002 -9.2000000e-002  1.0000000e-003
  6.1280000e+003  5.9100000e+002 -9.3000000e-002  1.0000000e-003
  6.1490000e+003  5.9360000e+002 -9.4000000e-002  1.0000000e-003
  6.1690000e+003  5.9590000e+002 -9.5000000e-002  1.0000000e-003
  6.1890000e+003  5.9800000e+002 -9.6000000e-002  1.0000000e-003
  6.2090000e+003  6.0010000e+002 -9.7000000e-002  1.0000000e-003
  6.2290000e+003  6.0230000e+002 -9.7000000e-002  1.0000000e-003
  6.2490000e+003  6.0450000e+002 -9.8000000e-002  1.0000000e-003
  6.2690000e+003  6.0650000e+002 -9.9000000e-002  1.0000000e-003
  6.2890000e+003  6.0900000e+002 -1.0000000e-001  1.0000000e-003
  6.3090000e+003  6.1110000e+002 -1.0100000e-001  1.0000000e-003
  6.3290000e+003  6.1320000e+002 -1.0200000e-001  1.0000000e-003
  6.3490000e+003  6.1550000e+002 -1.0300000e-001  1.0000000e-003
  6.3690000e+003  6.1790000e+002 -1.0400000e-001  1.0000000e-003
  6.3900000e+003  6.2020000e+002 -1.0500000e-001  1.0000000e-003
  6.4100000e+003  6.2250000e+002 -1.0600000e-001  1.0000000e-003
  6.4300000e+003  6.2440000e+002 -1.0700000e-001  1.0000000e-003
  6.4500000e+003  6.2650000e+002 -1.0800000e-001  1.0000000e-003
  6.4710000e+003  6.2890000e+002 -1.1000000e-001  1.0000000e-003
  6.4950000e+003  6.3120000e+002 -1.1200000e-001  1.0000000e-003
  6.5150000e+003  6.3350000e+002 -1.1300000e-001  1.0000000e-003
  6.5350000e+003  6.3580000e+002 -1.1400000e-001  1.0000000e-003
  6.5550000e+003  6.3800000e+002 -1.1500000e-001  1.0000000e-003
  6.5760000e+003  6.4050000e+002 -1.1700000e-001  1.0000000e-003
  6.5960000e+003  6.4240000e+002 -1.1800000e-001  1.0000000e-003
  6.6160000e+003  6.4490000e+002 -1.1900000e-001  1.0000000e-003
  6.6360000e+003  6.4720000e+002 -1.2100000e-001  1.0000000e-003
  6.6560000e+003  6.4930000e+002 -1.2300000e-001  1.0000000e-003
  6.6760000e+003  6.5140000e+002 -1.2400000e-001  1.0000000e-003
  6.6960000e+003  6.5380000e+002 -1.2600000e-001  1.0000000e-003
  6.7160000e+003  6.5570000e+002 -1.2700000e-001  1.0000000e-003
  6.7360000e+003  6.5800000e+002 -1.2800000e-001  1.0000000e-003
  6.7560000e+003  6.6010000e+002 -1.3000000e-001  1.0000000e-003
  6.7760000e+003  6.6220000e+002 -1.3200000e-001  1.0000000e-003
  6.7960000e+003  6.6430000e+002 -1.3300000e-001  1.0000000e-003
  6.8160000e+003  6.6640000e+002 -1.3500000e-001  1.0000000e-003
  6.8360000e+003  6.6870000e+002 -1.3700000e-001  1.0000000e-003
  6.8560000e+003  6.7080000e+002 -1.3900000e-001  1.0000000e-003
  6.8760000e+003  6.7300000e+002 -1.4000000e-001  1.0000000e-003
  6.8960000e+003  6.7520000e+002 -1.4200000e-001  1.0000000e-003
  6.9170000e+003  6.7730000e+002 -1.4400000e-001  1.0000000e-003
  6.9370000e+003  6.7900000e+002 -1.4600000e-001  1.0000000e-003
  6.9570000e+003  6.8110000e+002 -1.4800000e-001  1.0000000e-003
  6.9770000e+003  6.8340000e+002 -1.5000000e-001  1.0000000e-003
  6.9970000e+003  6.8530000e+002 -1.5300000e-001  1.0000000e-003
  7.0170000e+003  6.8760000e+002 -1.5500000e-001  1.0000000e-003
  7.0370000e+003  6.8980000e+002 -1.5700000e-001  1.0000000e-003
  7.0570000e+003  6.9210000e+002 -1.6000000e-001  1.0000000e-003
  7.0770000e+003  6.9420000e+002 -1.6300000e-001  1.0000000e-003
  7.0970000e+003  6.9600000e+002 -1.6500000e-001  1.0000000e-003
  7.1170000e+003  6.9860000e+002 -1.6800000e-001  1.0000000e-003
  7.1370000e+003  7.0050000e+002 -1.7000000e-001  1.0000000e-003
  7.1570000e+003  7.0250000e+002 -1.7400000e-001  1.0000000e-003
  7.1770000e+003  7.0450000e+002 -1.7700000e-001  1.0000000e-003
  7.1970000e+003  7.0650000e+002 -1.8000000e-001  1.0000000e-003
  7.2170000e+003  7.0880000e+002 -1.8300000e-001  1.0000000e-003
  7.2370000e+003  7.1080000e+002 -1.8600000e-001  1.0000000e-003
  7.2570000e+003  7.1300000e+002 -1.9000000e-001  1.0000000e-003
  7.2780000e+003  7.1520000e+002 -1.9400000e-001  1.0000000e-003
  7.2980000e+003  7.1750000e+002 -1.9700000e-001  1.0000000e-003
  7.3180000e+003  7.1930000e+002 -2.0200000e-001  1.0000000e-003
  7.3380000e+003  7.2150000e+002 -2.0600000e-001  1.0000000e-003
  7.3580000e+003  7.2360000e+002 -2.1000000e-001  1.0000000e-003
  7.3780000e+003  7.2540000e+002 -2.1500000e-001  1.0000000e-003
  7.3980000e+003  7.2750000e+002 -2.1900000e-001  1.0000000e-003
  7.4180000e+003  7.2940000e+002 -2.2400000e-001  1.0000000e-003
  7.4380000e+003  7.3170000e+002 -2.2800000e-001  1.0000000e-003
  7.4580000e+003  7.3390000e+002 -2.3400000e-001  1.0000000e-003
  7.4780000e+003  7.3610000e+002 -2.3900000e-001  1.0000000e-003
  7.4980000e+003  7.3830000e+002 -2.4600000e-001  1.0000000e-003
  7.5180000e+003  7.4020000e+002 -2.5100000e-001  1.0000000e-003
  7.5410000e+003  7.4270000e+002 -2.5700000e-001  1.0000000e-003
  7.5630000e+003  7.4520000e+002 -2.6400000e-001  1.0000000e-003
  7.5830000e+003  7.4740000e+002 -2.7000000e-001  1.0000000e-003
  7.6030000e+003  7.4940000e+002 -2.7700000e-001  1.0000000e-003
  7.6310000e+003  7.5200000e+002 -2.8500000e-001  1.0000000e-003
  7.6540000e+003  7.5440000e+002 -2.9500000e-001  1.0000000e-003
  7.6740000e+003  7.5670000e+002 -3.0200000e-001  1.0000000e-003
  7.6940000e+003  7.5920000e+002 -3.1000000e-001  1.0000000e-003
  7.7140000e+003  7.6090000e+002 -3.1800000e-001  1.0000000e-003
  7.7340000e+003  7.6320000e+002 -3.2600000e-001  1.0000000e-003
  7.7540000e+003  7.6530000e+002 -3.3400000e-001  1.0000000e-003
  7.7740000e+003  7.6720000e+002 -3.4200000e-001  1.0000000e-003
  7.7940000e+003  7.6960000e+002 -3.5100000e-001  1.0000000e-003
  7.8140000e+003  7.7140000e+002 -3.5900000e-001  1.0000000e-003
  7.8340000e+003  7.7350000e+002 -3.6800000e-001  1.0000000e-003
  7.8540000e+003  7.7530000e+002 -3.7800000e-001  1.0000000e-003
  7.8740000e+003  7.7720000e+002 -3.8600000e-001  1.0000000e-003
  7.8940000e+003  7.7930000e+002 -3.9600000e-001  1.0000000e-003
  7.9140000e+003  7.8140000e+002 -4.0600000e-001  1.0000000e-003
  7.9340000e+003  7.8330000e+002 -4.1500000e-001  1.0000000e-003
  7.9540000e+003  7.8580000e+002 -4.2500000e-001  1.0000000e-003
  7.9740000e+003  7.8780000e+002 -4.3500000e-001  1.0000000e-003
  7.9940000e+003  7.8980000e+002 -4.4500000e-001  1.0000000e-003
  8.0140000e+003  7.9200000e+002 -4.5500000e-001  1.0000000e-003
  8.0340000e+003  7.9420000e+002 -4.6500000e-001  1.0000000e-003
  8.0550000e+003  7.9550000e+002 -4.7500000e-001  1.0000000e-003
  8.0750000e+003  7.9770000e+002 -4.8600000e-001  1.0000000e-003
  8.0950000e+003  7.9960000e+002 -4.9700000e-001  1.0000000e-003
  8.1150000e+003  8.0170000e+002 -5.0700000e-001  1.0000000e-003
  8.1350000e+003  8.0380000e+002 -5.1800000e-001  1.0000000e-003
  8.1550000e+003  8.0570000e+002 -5.2900000e-001  1.0000000e-003
  8.1750000e+003  8.0780000e+002 -5.4000000e-001  1.0000000e-003
  8.1960000e+003  8.1030000e+002 -5.5100000e-001  1.0000000e-003
  8.2200000e+003  8.1270000e+002 -5.6600000e-001  1.0000000e-003
  8.2400000e+003  8.1480000e+002 -5.7700000e-001  1.0000000e-003
  8.2600000e+003  8.1670000e+002 -5.8700000e-001  1.0000000e-003
  8.2800000e+003  8.1850000e+002 -5.9900000e-001  1.0000000e-003
  8.3000000e+003  8.2040000e+002 -6.1100000e-001  1.0000000e-003
  8.3200000e+003  8.2280000e+002 -6.2200000e-001  1.0000000e-003
  8.3400000e+003  8.2500000e+002 -6.3400000e-001  1.0000000e-003
  8.3600000e+003  8.2690000e+002 -6.4600000e-001  1.0000000e-003
  8.3800000e+003  8.2860000e+002 -6.5700000e-001  1.0000000e-003
  8.4000000e+003  8.3110000e+002 -6.6900000e-001  1.0000000e-003
  8.4200000e+003  8.3300000e+002 -6.8100000e-001  1.0000000e-003
  8.4410000e+003  8.3530000e+002 -6.9300000e-001  1.0000000e-003
  8.4650000e+003  8.3750000e+002 -7.0700000e-001  1.0000000e-003
  8.4860000e+003  8.3950000e+002 -7.1900000e-001  1.0000000e-003
  8.5060000e+003  8.4140000e+002 -7.3100000e-001  1.0000000e-003
  8.5260000e+003  8.4370000e+002 -7.4300000e-001  1.0000000e-003
  8.5460000e+003  8.4580000e+002 -7.5500000e-001  1.0000000e-003
  8.5660000e+003  8.4750000e+002 -7.6700000e-001  1.0000000e-003
  8.5860000e+003  8.4980000e+002 -7.7900000e-001  1.0000000e-003
  8.6060000e+003  8.5190000e+002 -7.9100000e-001  1.0000000e-003
  8.6260000e+003  8.5400000e+002 -8.0300000e-001  1.0000000e-003
  8.6460000e+003  8.5630000e+002 -8.1500000e-001  1.0000000e-003
  8.6660000e+003  8.5800000e+002 -8.2700000e-001  1.0000000e-003
  8.6860000e+003  8.6030000e+002 -8.3900000e-001  1.0000000e-003
  8.7060000e+003  8.6220000e+002 -8.5200000e-001  1.0000000e-003
  8.7260000e+003  8.6420000e+002 -8.6400000e-001  1.0000000e-003
  8.7460000e+003  8.6630000e+002 -8.7600000e-001  1.0000000e-003
  8.7660000e+003  8.6830000e+002 -8.8800000e-001  1.0000000e-003
  8.7860000e+003  8.7060000e+002 -9.0000000e-001  1.0000000e-003
  8.8060000e+003  8.7250000e+002 -9.1200000e-001  1.0000000e-003
  8.8260000e+003  8.7470000e+002 -9.2500000e-001  1.0000000e-003
  8.8460000e+003  8.7680000e+002 -9.3600000e-001  1.0000000e-003
  8.8660000e+003  8.7890000e+002 -9.4700000e-001  1.0000000e-003
  8.8860000e+003  8.8060000e+002 -9.5900000e-001  1.0000000e-003
  8.9060000e+003  8.8250000e+002 -9.7100000e-001  1.0000000e-003
  8.9260000e+003  8.8460000e+002 -9.8300000e-001  1.0000000e-003
  8.9470000e+003  8.8690000e+002 -9.9500000e-001  1.0000000e-003
  8.9670000e+003  8.8860000e+002 -1.0060000e+000  1.0000000e-003
  8.9870000e+003  8.9080000e+002 -1.0180000e+000  1.0000000e-003
  9.0070000e+003  8.9250000e+002 -1.0290000e+000  1.0000000e-003
  9.0270000e+003  8.9480000e+002 -1.0410000e+000  1.0000000e-003
  9.0470000e+003  8.9700000e+002 -1.0530000e+000  1.0000000e-003
  9.0670000e+003  8.9900000e+002 -1.0640000e+000  1.0000000e-003
  9.0870000e+003  9.0090000e+002 -1.0750000e+000  1.0000000e-003
  9.1070000e+003  9.0320000e+002 -1.0870000e+000  1.0000000e-003
  9.1270000e+003  9.0530000e+002 -1.0980000e+000  1.0000000e-003
  9.1470000e+003  9.0720000e+002 -1.1090000e+000  1.0000000e-003
  9.1670000e+003  9.0910000e+002 -1.1200000e+000  1.0000000e-003
  9.1870000e+003  9.1110000e+002 -1.1310000e+000  1.0000000e-003
  9.2070000e+003  9.1310000e+002 -1.1420000e+000  1.0000000e-003
  9.2270000e+003  9.1510000e+002 -1.1540000e+000  1.0000000e-003
  9.2470000e+003  9.1720000e+002 -1.1650000e+000  1.0000000e-003
  9.2670000e+003  9.1930000e+002 -1.1760000e+000  1.0000000e-003
  9.2870000e+003  9.2150000e+002 -1.1860000e+000  1.0000000e-003
  9.3070000e+003  9.2310000e+002 -1.1970000e+000  1.0000000e-003
  9.3270000e+003  9.2540000e+002 -1.2080000e+000  1.0000000e-003
  9.3470000e+003  9.2750000e+002 -1.2190000e+000  1.0000000e-003
  9.3670000e+003  9.2920000e+002 -1.2290000e+000  1.0000000e-003
  9.3870000e+003  9.3150000e+002 -1.2400000e+000  1.0000000e-003
  9.4080000e+003  9.3330000e+002 -1.2500000e+000  1.0000000e-003
  9.4280000e+003  9.3520000e+002 -1.2610000e+000  1.0000000e-003
  9.4480000e+003  9.3770000e+002 -1.2710000e+000  1.0000000e-003
  9.4680000e+003  9.3920000e+002 -1.2820000e+000  1.0000000e-003
  9.4880000e+003  9.4150000e+002 -1.2920000e+000  1.0000000e-003
  9.5080000e+003  9.4390000e+002 -1.3020000e+000  1.0000000e-003
  9.5280000e+003  9.4570000e+002 -1.3130000e+000  1.0000000e-003
  9.5480000e+003  9.4800000e+002 -1.3230000e+000  1.0000000e-003
  9.5680000e+003  9.4990000e+002 -1.3320000e+000  1.0000000e-003
  9.5880000e+003  9.5200000e+002 -1.3420000e+000  1.0000000e-003
  9.6080000e+003  9.5380000e+002 -1.3520000e+000  1.0000000e-003
  9.6280000e+003  9.5600000e+002 -1.3630000e+000  1.0000000e-003
  9.6480000e+003  9.5780000e+002 -1.3720000e+000  1.0000000e-003
  9.6680000e+003  9.5970000e+002 -1.3820000e+000  1.0000000e-003
  9.6880000e+003  9.6200000e+002 -1.3910000e+000  1.0000000e-003
  9.7080000e+003  9.6370000e+002 -1.4010000e+000  1.0000000e-003
  9.7280000e+003  9.6600000e+002 -1.4100000e+000  1.0000000e-003
  9.7480000e+003  9.6830000e+002 -1.4200000e+000  1.0000000e-003
  9.7680000e+003  9.7040000e+002 -1.4290000e+000  1.0000000e-003
  9.7880000e+003  9.7250000e+002 -1.4390000e+000  1.0000000e-003
  9.8080000e+003  9.7470000e+002 -1.4480000e+000  1.0000000e-003
  9.8280000e+003  9.7630000e+002 -1.4580000e+000  1.0000000e-003
  9.8480000e+003  9.7840000e+002 -1.4670000e+000  1.0000000e-003
  9.8680000e+003  9.8050000e+002 -1.4760000e+000  1.0000000e-003
  9.8880000e+003  9.8280000e+002 -1.4860000e+000  1.0000000e-003
  9.9080000e+003  9.8470000e+002 -1.4950000e+000  1.0000000e-003
  9.9280000e+003  9.8670000e+002 -1.5040000e+000  1.0000000e-003
  9.9480000e+003  9.8880000e+002 -1.5140000e+000  1.0000000e-003
  9.9680000e+003  9.9090000e+002 -1.5230000e+000  1.0000000e-003
  9.9890000e+003  9.9310000e+002 -1.5320000e+000  1.0000000e-003
  1.0009000e+004  9.9490000e+002 -1.5410000e+000  1.0000000e-003
  1.0029000e+004  9.9730000e+002 -1.5500000e+000  1.0000000e-003
  1.0049000e+004  9.9890000e+002 -1.5590000e+000  1.0000000e-003
  1.0069000e+004  1.0010000e+003 -1.5680000e+000  1.0000000e-003
  1.0089000e+004  1.0031000e+003 -1.5770000e+000  1.0000000e-003
  1.0109000e+004  1.0050000e+003 -1.5860000e+000  1.0000000e-003
  1.0129000e+004  1.0073000e+003 -1.5950000e+000  1.0000000e-003
  1.0149000e+004  1.0091000e+003 -1.6040000e+000  1.0000000e-003
  1.0169000e+004  1.0110000e+003 -1.6120000e+000  1.0000000e-003
  1.0189000e+004  1.0131000e+003 -1.6210000e+000  1.0000000e-003
  1.0209000e+004  1.0154000e+003 -1.6290000e+000  1.0000000e-003
  1.0229000e+004  1.0176000e+003 -1.6380000e+000  1.0000000e-003
  1.0249000e+004  1.0195000e+003 -1.6470000e+000  1.0000000e-003
  1.0269000e+004  1.0217000e+003 -1.6560000e+000  1.0000000e-003
  1.0289000e+004  1.0237000e+003 -1.6640000e+000  1.0000000e-003
  1.0309000e+004  1.0255000e+003 -1.6730000e+000  1.0000000e-003
  1.0329000e+004  1.0273000e+003 -1.6810000e+000  1.0000000e-003
  1.0349000e+004  1.0295000e+003 -1.6900000e+000  1.0000000e-003
  1.0369000e+004  1.0316000e+003 -1.6980000e+000  1.0000000e-003
  1.0389000e+004  1.0337000e+003 -1.7060000e+000  1.0000000e-003
  1.0409000e+004  1.0358000e+003 -1.7150000e+000  1.0000000e-003
  1.0429000e+004  1.0378000e+003 -1.7240000e+000  1.0000000e-003
  1.0449000e+004  1.0398000e+003 -1.7320000e+000  1.0000000e-003
  1.0469000e+004  1.0420000e+003 -1.7400000e+000  1.0000000e-003
  1.0489000e+004  1.0441000e+003 -1.7480000e+000  1.0000000e-003
  1.0509000e+004  1.0462000e+003 -1.7560000e+000  1.0000000e-003
  1.0529000e+004  1.0479000e+003 -1.7650000e+000  1.0000000e-003
  1.0549000e+004  1.0498000e+003 -1.7730000e+000  1.0000000e-003
  1.0569000e+004  1.0518000e+003 -1.7810000e+000  1.0000000e-003
  1.0589000e+004  1.0542000e+003 -1.7880000e+000  1.0000000e-003
  1.0609000e+004  1.0563000e+003 -1.7960000e+000  1.0000000e-003
  1.0629000e+004  1.0584000e+003 -1.8050000e+000  1.0000000e-003
  1.0649000e+004  1.0602000e+003 -1.8120000e+000  1.0000000e-003
  1.0670000e+004  1.0623000e+003 -1.8200000e+000  1.0000000e-003
  1.0690000e+004  1.0645000e+003 -1.8270000e+000  1.0000000e-003
  1.0710000e+004  1.0664000e+003 -1.8360000e+000  1.0000000e-003
  1.0730000e+004  1.0687000e+003 -1.8440000e+000  1.0000000e-003
  1.0750000e+004  1.0703000e+003 -1.8510000e+000  1.0000000e-003
  1.0770000e+004  1.0728000e+003 -1.8580000e+000  1.0000000e-003
  1.0790000e+004  1.0743000e+003 -1.8660000e+000  1.0000000e-003
  1.0810000e+004  1.0768000e+003 -1.8740000e+000  1.0000000e-003
  1.0830000e+004  1.0785000e+003 -1.8810000e+000  1.0000000e-003
  1.0850000e+004  1.0808000e+003 -1.8880000e+000  1.0000000e-003
  1.0873000e+004  1.0831000e+003 -1.8960000e+000  1.0000000e-003
  1.0897000e+004  1.0855000e+003 -1.9050000e+000  1.0000000e-003
  1.0917000e+004  1.0880000e+003 -1.9130000e+000  1.0000000e-003
  1.0937000e+004  1.0899000e+003 -1.9200000e+000  1.0000000e-003
  1.0957000e+004  1.0917000e+003 -1.9270000e+000  1.0000000e-003
  1.0977000e+004  1.0941000e+003 -1.9340000e+000  1.0000000e-003
  1.0997000e+004  1.0960000e+003 -1.9410000e+000  1.0000000e-003
  1.1017000e+004  1.0980000e+003 -1.9480000e+000  1.0000000e-003
  1.1037000e+004  1.1002000e+003 -1.9550000e+000  1.0000000e-003
  1.1057000e+004  1.1025000e+003 -1.9620000e+000  1.0000000e-003
  1.1078000e+004  1.1043000e+003 -1.9690000e+000  1.0000000e-003
  1.1102000e+004  1.1071000e+003 -1.9780000e+000  1.0000000e-003
  1.1123000e+004  1.1093000e+003 -1.9840000e+000  1.0000000e-003
  1.1143000e+004  1.1116000e+003 -1.9910000e+000  1.0000000e-003
  1.1163000e+004  1.1135000e+003 -1.9980000e+000  1.0000000e-003
  1.1183000e+004  1.1155000e+003 -2.0050000e+000  1.0000000e-003
  1.1203000e+004  1.1174000e+003 -2.0110000e+000  1.0000000e-003
  1.1223000e+004  1.1195000e+003 -2.0180000e+000  1.0000000e-003
  1.1243000e+004  1.1212000e+003 -2.0240000e+000  1.0000000e-003
  1.1263000e+004  1.1235000e+003 -2.0310000e+000  1.0000000e-003
  1.1283000e+004  1.1256000e+003 -2.0370000e+000  1.0000000e-003
  1.1303000e+004  1.1280000e+003 -2.0440000e+000  1.0000000e-003
  1.1323000e+004  1.1300000e+003 -2.0490000e+000  1.0000000e-003
  1.1343000e+004  1.1321000e+003 -2.0560000e+000  1.0000000e-003
  1.1363000e+004  1.1338000e+003 -2.0620000e+000  1.0000000e-003
  1.1383000e+004  1.1359000e+003 -2.0680000e+000  1.0000000e-003
  1.1403000e+004  1.1378000e+003 -2.0740000e+000  1.0000000e-003
  1.1423000e+004  1.1396000e+003 -2.0800000e+000  1.0000000e-003
  1.1443000e+004  1.1421000e+003 -2.0860000e+000  1.0000000e-003
  1.1463000e+004  1.1438000e+003 -2.0920000e+000  1.0000000e-003
  1.1483000e+004  1.1461000e+003 -2.0980000e+000  1.0000000e-003
  1.1503000e+004  1.1482000e+003 -2.1040000e+000  1.0000000e-003
  1.1524000e+004  1.1503000e+003 -2.1090000e+000  1.0000000e-003
  1.1544000e+004  1.1524000e+003 -2.1150000e+000  1.0000000e-003
  1.1564000e+004  1.1545000e+003 -2.1210000e+000  1.0000000e-003
  1.1584000e+004  1.1568000e+003 -2.1260000e+000  1.0000000e-003
  1.1604000e+004  1.1585000e+003 -2.1310000e+000  1.0000000e-003
  1.1624000e+004  1.1604000e+003 -2.1370000e+000  1.0000000e-003
  1.1644000e+004  1.1627000e+003 -2.1430000e+000  1.0000000e-003
  1.1664000e+004  1.1648000e+003 -2.1480000e+000  1.0000000e-003
  1.1684000e+004  1.1669000e+003 -2.1540000e+000  1.0000000e-003
  1.1704000e+004  1.1690000e+003 -2.1590000e+000  1.0000000e-003
  1.1724000e+004  1.1713000e+003 -2.1650000e+000  1.0000000e-003
  1.1744000e+004  1.1728000e+003 -2.1690000e+000  1.0000000e-003
  1.1764000e+004  1.1751000e+003 -2.1750000e+000  1.0000000e-003
  1.1784000e+004  1.1774000e+003 -2.1800000e+000  1.0000000e-003
  1.1804000e+004  1.1795000e+003 -2.1850000e+000  1.0000000e-003
  1.1824000e+004  1.1816000e+003 -2.1900000e+000  1.0000000e-003
  1.1844000e+004  1.1832000e+003 -2.1950000e+000  1.0000000e-003
  1.1864000e+004  1.1854000e+003 -2.2000000e+000  1.0000000e-003
  1.1884000e+004  1.1876000e+003 -2.2050000e+000  1.0000000e-003
  1.1904000e+004  1.1898000e+003 -2.2090000e+000  1.0000000e-003
  1.1925000e+004  1.1916000e+003 -2.2150000e+000  1.0000000e-003
  1.1945000e+004  1.1940000e+003 -2.2190000e+000  1.0000000e-003
  1.1965000e+004  1.1959000e+003 -2.2240000e+000  1.0000000e-003
  1.1985000e+004  1.1982000e+003 -2.2280000e+000  1.0000000e-003
  1.2005000e+004  1.2002000e+003 -2.2330000e+000  1.0000000e-003
  1.2025000e+004  1.2021000e+003 -2.2380000e+000  1.0000000e-003
  1.2045000e+004  1.2043000e+003 -2.2430000e+000  1.0000000e-003
  1.2065000e+004  1.2063000e+003 -2.2470000e+000  1.0000000e-003
  1.2085000e+004  1.2084000e+003 -2.2510000e+000  1.0000000e-003
  1.2105000e+004  1.2107000e+003 -2.2560000e+000  1.0000000e-003
  1.2125000e+004  1.2126000e+003 -2.2600000e+000  1.0000000e-003
  1.2145000e+004  1.2147000e+003 -2.2640000e+000  1.0000000e-003
  1.2165000e+004  1.2166000e+003 -2.2680000e+000  1.0000000e-003
  1.2185000e+004  1.2191000e+003 -2.2730000e+000  1.0000000e-003
  1.2205000e+004  1.2210000e+003 -2.2770000e+000  1.0000000e-003
  1.2225000e+004  1.2233000e+003 -2.2810000e+000  1.0000000e-003
  1.2245000e+004  1.2255000e+003 -2.2850000e+000  1.0000000e-003
  1.2265000e+004  1.2273000e+003 -2.2880000e+000  1.0000000e-003
  1.2285000e+004  1.2294000e+003 -2.2920000e+000  1.0000000e-003
  1.2305000e+004  1.2313000e+003 -2.2970000e+000  1.0000000e-003
  1.2325000e+004  1.2336000e+003 -2.3000000e+000  1.0000000e-003
  1.2345000e+004  1.2358000e+003 -2.3040000e+000  1.0000000e-003
  1.2365000e+004  1.2381000e+003 -2.3070000e+000  1.0000000e-003
  1.2385000e+004  1.2400000e+003 -2.3110000e+000  1.0000000e-003
  1.2406000e+004  1.2418000e+003 -2.3150000e+000  1.0000000e-003
  1.2426000e+004  1.2441000e+003 -2.3180000e+000  1.0000000e-003
  1.2446000e+004  1.2465000e+003 -2.3220000e+000  1.0000000e-003
  1.2466000e+004  1.2483000e+003 -2.3260000e+000  1.0000000e-003
  1.2486000e+004  1.2502000e+003 -2.3290000e+000  1.0000000e-003
  1.2506000e+004  1.2525000e+003 -2.3320000e+000  1.0000000e-003
  1.2526000e+004  1.2544000e+003 -2.3360000e+000  1.0000000e-003
  1.2546000e+004  1.2568000e+003 -2.3390000e+000  1.0000000e-003
  1.2566000e+004  1.2586000e+003 -2.3420000e+000  1.0000000e-003
  1.2586000e+004  1.2607000e+003 -2.3450000e+000  1.0000000e-003
  1.2607000e+004  1.2632000e+003 -2.3480000e+000  1.0000000e-003
  1.2627000e+004  1.2651000e+003 -2.3520000e+000  1.0000000e-003
  1.2647000e+004  1.2672000e+003 -2.3550000e+000  1.0000000e-003
  1.2667000e+004  1.2695000e+003 -2.3580000e+000  1.0000000e-003
  1.2688000e+004  1.2714000e+003 -2.3610000e+000  1.0000000e-003
  1.2712000e+004  1.2737000e+003 -2.3650000e+000  1.0000000e-003
  1.2732000e+004  1.2758000e+003 -2.3680000e+000  1.0000000e-003
  1.2752000e+004  1.2778000e+003 -2.3700000e+000  1.0000000e-003
  1.2772000e+004  1.2800000e+003 -2.3730000e+000  1.0000000e-003
  1.2792000e+004  1.2824000e+003 -2.3760000e+000  1.0000000e-003
  1.2813000e+004  1.2845000e+003 -2.3790000e+000  1.0000000e-003
  1.2833000e+004  1.2866000e+003 -2.3820000e+000  1.0000000e-003
  1.2854000e+004  1.2887000e+003 -2.3840000e+000  1.0000000e-003
  1.2878000e+004  1.2913000e+003 -2.3880000e+000  1.0000000e-003
  1.2899000e+004  1.2934000e+003 -2.3910000e+000  1.0000000e-003
  1.2924000e+004  1.2959000e+003 -2.3940000e+000  1.0000000e-003
  1.2944000e+004  1.2982000e+003 -2.3960000e+000  1.0000000e-003
  1.2964000e+004  1.3003000e+003 -2.3990000e+000  1.0000000e-003
  1.2984000e+004  1.3025000e+003 -2.4010000e+000  1.0000000e-003
  1.3004000e+004  1.3045000e+003 -2.4040000e+000  1.0000000e-003
  1.3024000e+004  1.3066000e+003 -2.4060000e+000  1.0000000e-003
  1.3044000e+004  1.3083000e+003 -2.4080000e+000  1.0000000e-003
  1.3064000e+004  1.3106000e+003 -2.4100000e+000  1.0000000e-003
  1.3084000e+004  1.3127000e+003 -2.4130000e+000  1.0000000e-003
  1.3104000e+004  1.3151000e+003 -2.4150000e+000  1.0000000e-003
  1.3124000e+004  1.3171000e+003 -2.4170000e+000  1.0000000e-003
  1.3145000e+004  1.3190000e+003 -2.4200000e+000  1.0000000e-003
  1.3170000e+004  1.3214000e+003 -2.4220000e+000  1.0000000e-003
  1.3190000e+004  1.3235000e+003 -2.4240000e+000  1.0000000e-003
  1.3210000e+004  1.3258000e+003 -2.4260000e+000  1.0000000e-003
  1.3230000e+004  1.3281000e+003 -2.4280000e+000  1.0000000e-003
  1.3250000e+004  1.3302000e+003 -2.4300000e+000  1.0000000e-003
  1.3270000e+004  1.3321000e+003 -2.4330000e+000  1.0000000e-003
  1.3290000e+004  1.3340000e+003 -2.4350000e+000  1.0000000e-003
  1.3310000e+004  1.3363000e+003 -2.4370000e+000  1.0000000e-003
  1.3330000e+004  1.3384000e+003 -2.4380000e+000  1.0000000e-003
  1.3350000e+004  1.3405000e+003 -2.4400000e+000  1.0000000e-003
  1.3370000e+004  1.3424000e+003 -2.4420000e+000  1.0000000e-003
  1.3390000e+004  1.3443000e+003 -2.4450000e+000  1.0000000e-003
  1.3410000e+004  1.3464000e+003 -2.4460000e+000  1.0000000e-003
  1.3430000e+004  1.3484000e+003 -2.4480000e+000  1.0000000e-003
  1.3450000e+004  1.3507000e+003 -2.4490000e+000  1.0000000e-003
  1.3470000e+004  1.3526000e+003 -2.4510000e+000  1.0000000e-003
  1.3490000e+004  1.3547000e+003 -2.4530000e+000  1.0000000e-003
  1.3510000e+004  1.3569000e+003 -2.4550000e+000  1.0000000e-003
  1.3530000e+004  1.3589000e+003 -2.4560000e+000  1.0000000e-003
  1.3550000e+004  1.3608000e+003 -2.4580000e+000  1.0000000e-003
  1.3570000e+004  1.3633000e+003 -2.4590000e+000  1.0000000e-003
  1.3590000e+004  1.3650000e+003 -2.4610000e+000  1.0000000e-003
  1.3610000e+004  1.3671000e+003 -2.4630000e+000  1.0000000e-003
  1.3631000e+004  1.3692000e+003 -2.4640000e+000  1.0000000e-003
  1.3656000e+004  1.3718000e+003 -2.4660000e+000  1.0000000e-003
  1.3676000e+004  1.3738000e+003 -2.4670000e+000  1.0000000e-003
  1.3700000e+004  1.3762000e+003 -2.4690000e+000  1.0000000e-003
  1.3721000e+004  1.3781000e+003 -2.4710000e+000  1.0000000e-003
  1.3741000e+004  1.3804000e+003 -2.4720000e+000  1.0000000e-003
  1.3761000e+004  1.3825000e+003 -2.4740000e+000  1.0000000e-003
  1.3781000e+004  1.3841000e+003 -2.4750000e+000  1.0000000e-003
