  0.0000000e+000  2.3300000e+001  1.0000000e-003  1.0000000e-003
  2.0000000e+001  2.3100000e+001  1.0000000e-003  1.0000000e-003
  4.0000000e+001  2.3100000e+001  1.0000000e-003  1.0000000e-003
  6.0000000e+001  2.3500000e+001  2.0000000e-003  1.0000000e-003
  8.0000000e+001  2.2700000e+001  2.0000000e-003  1.0000000e-003
  1.0000000e+002  2.3500000e+001  2.0000000e-003  1.0000000e-003
  1.2000000e+002  2.2900000e+001  2.0000000e-003  1.0000000e-003
  1.4000000e+002  2.2700000e+001  2.0000000e-003  1.0000000e-003
  1.6000000e+002  2.3100000e+001  2.0000000e-003  1.0000000e-003
  1.8000000e+002  2.2700000e+001  2.0000000e-003  1.0000000e-003
  2.0000000e+002  2.3100000e+001  2.0000000e-003  1.0000000e-003
  2.2000000e+002  2.3100000e+001  2.0000000e-003  1.0000000e-003
  2.4000000e+002  2.3300000e+001  2.0000000e-003  1.0000000e-003
  2.6000000e+002  2.3600000e+001  2.0000000e-003  1.0000000e-003
  2.8000000e+002  2.3800000e+001  1.0000000e-003  1.0000000e-003
  3.0000000e+002  2.3800000e+001  1.0000000e-003  1.0000000e-003
  3.2000000e+002  2.4000000e+001  1.0000000e-003  1.0000000e-003
  3.4000000e+002  2.4000000e+001  0.0000000e+000  1.0000000e-003
  3.6000000e+002  2.4700000e+001  0.0000000e+000  1.0000000e-003
  3.8100000e+002  2.5400000e+001  0.0000000e+000  1.0000000e-003
  4.0100000e+002  2.5700000e+001  0.0000000e+000  1.0000000e-003
  4.2100000e+002  2.6400000e+001  0.0000000e+000  1.0000000e-003
  4.4100000e+002  2.6800000e+001  0.0000000e+000  1.0000000e-003
  4.6100000e+002  2.7700000e+001 -1.0000000e-003  1.0000000e-003
  4.8100000e+002  2.7800000e+001 -1.0000000e-003  1.0000000e-003
  5.0100000e+002  2.8700000e+001 -1.0000000e-003  1.0000000e-003
  5.2100000e+002  2.9400000e+001 -1.0000000e-003  1.0000000e-003
  5.4100000e+002  2.9900000e+001 -1.0000000e-003  1.0000000e-003
  5.6100000e+002  3.1100000e+001 -2.0000000e-003  1.0000000e-003
  5.8100000e+002  3.2000000e+001 -2.0000000e-003  1.0000000e-003
  6.0100000e+002  3.2900000e+001 -2.0000000e-003  1.0000000e-003
  6.2100000e+002  3.4000000e+001 -2.0000000e-003  1.0000000e-003
  6.4100000e+002  3.4800000e+001 -3.0000000e-003  1.0000000e-003
  6.6100000e+002  3.6200000e+001 -3.0000000e-003  1.0000000e-003
  6.8100000e+002  3.7100000e+001 -3.0000000e-003  1.0000000e-003
  7.0100000e+002  3.8300000e+001 -3.0000000e-003  1.0000000e-003
  7.2100000e+002  3.9700000e+001 -4.0000000e-003  1.0000000e-003
  7.4100000e+002  4.1000000e+001 -4.0000000e-003  1.0000000e-003
  7.6100000e+002  4.2700000e+001 -4.0000000e-003  1.0000000e-003
  7.8100000e+002  4.3900000e+001 -4.0000000e-003  1.0000000e-003
  8.0100000e+002  4.5500000e+001 -4.0000000e-003  1.0000000e-003
  8.2100000e+002  4.7100000e+001 -5.0000000e-003  1.0000000e-003
  8.4100000e+002  4.8800000e+001 -5.0000000e-003  1.0000000e-003
  8.6100000e+002  5.0200000e+001 -5.0000000e-003  1.0000000e-003
  8.8100000e+002  5.2000000e+001 -5.0000000e-003  1.0000000e-003
  9.0100000e+002  5.3700000e+001 -6.0000000e-003  1.0000000e-003
  9.2100000e+002  5.5700000e+001 -6.0000000e-003  1.0000000e-003
  9.4100000e+002  5.7800000e+001 -6.0000000e-003  1.0000000e-003
  9.6100000e+002  5.9900000e+001 -7.0000000e-003  1.0000000e-003
  9.8100000e+002  6.1400000e+001 -7.0000000e-003  1.0000000e-003
  1.0010000e+003  6.3700000e+001 -7.0000000e-003  1.0000000e-003
  1.0210000e+003  6.5400000e+001 -8.0000000e-003  1.0000000e-003
  1.0410000e+003  6.7200000e+001 -8.0000000e-003  1.0000000e-003
  1.0610000e+003  6.9500000e+001 -9.0000000e-003  1.0000000e-003
  1.0810000e+003  7.1200000e+001 -9.0000000e-003  1.0000000e-003
  1.1010000e+003  7.3800000e+001 -9.0000000e-003  1.0000000e-003
  1.1210000e+003  7.6000000e+001 -1.0000000e-002  1.0000000e-003
  1.1410000e+003  7.8200000e+001 -1.1000000e-002  1.0000000e-003
  1.1610000e+003  8.0500000e+001 -1.1000000e-002  1.0000000e-003
  1.1810000e+003  8.3100000e+001 -1.2000000e-002  1.0000000e-003
  1.2010000e+003  8.5600000e+001 -1.2000000e-002  1.0000000e-003
  1.2210000e+003  8.8000000e+001 -1.3000000e-002  1.0000000e-003
  1.2410000e+003  9.0800000e+001 -1.4000000e-002  1.0000000e-003
  1.2610000e+003  9.3500000e+001 -1.5000000e-002  1.0000000e-003
  1.2810000e+003  9.6300000e+001 -1.5000000e-002  1.0000000e-003
  1.3010000e+003  9.9000000e+001 -1.6000000e-002  1.0000000e-003
  1.3210000e+003  1.0190000e+002 -1.7000000e-002  1.0000000e-003
  1.3420000e+003  1.0430000e+002 -1.7000000e-002  1.0000000e-003
  1.3620000e+003  1.0710000e+002 -1.8000000e-002  1.0000000e-003
  1.3820000e+003  1.1010000e+002 -1.8000000e-002  1.0000000e-003
  1.4020000e+003  1.1290000e+002 -1.9000000e-002  1.0000000e-003
  1.4220000e+003  1.1570000e+002 -2.0000000e-002  1.0000000e-003
  1.4420000e+003  1.1880000e+002 -2.0000000e-002  1.0000000e-003
  1.4620000e+003  1.2200000e+002 -2.0000000e-002  1.0000000e-003
  1.4820000e+003  1.2500000e+002 -2.1000000e-002  1.0000000e-003
  1.5020000e+003  1.2830000e+002 -2.2000000e-002  1.0000000e-003
  1.5220000e+003  1.3130000e+002 -2.2000000e-002  1.0000000e-003
  1.5420000e+003  1.3440000e+002 -2.2000000e-002  1.0000000e-003
  1.5620000e+003  1.3760000e+002 -2.3000000e-002  1.0000000e-003
  1.5820000e+003  1.4120000e+002 -2.4000000e-002  1.0000000e-003
  1.6020000e+003  1.4470000e+002 -2.4000000e-002  1.0000000e-003
  1.6220000e+003  1.4810000e+002 -2.5000000e-002  1.0000000e-003
  1.6420000e+003  1.5160000e+002 -2.5000000e-002  1.0000000e-003
  1.6620000e+003  1.5490000e+002 -2.5000000e-002  1.0000000e-003
  1.6820000e+003  1.5820000e+002 -2.6000000e-002  1.0000000e-003
  1.7020000e+003  1.6120000e+002 -2.6000000e-002  1.0000000e-003
  1.7220000e+003  1.6470000e+002 -2.7000000e-002  1.0000000e-003
  1.7420000e+003  1.6820000e+002 -2.7000000e-002  1.0000000e-003
  1.7620000e+003  1.7170000e+002 -2.7000000e-002  1.0000000e-003
  1.7820000e+003  1.7590000e+002 -2.8000000e-002  1.0000000e-003
  1.8020000e+003  1.7920000e+002 -2.8000000e-002  1.0000000e-003
  1.8220000e+003  1.8290000e+002 -2.9000000e-002  1.0000000e-003
  1.8420000e+003  1.8660000e+002 -2.9000000e-002  1.0000000e-003
  1.8620000e+003  1.9020000e+002 -2.9000000e-002  1.0000000e-003
  1.8820000e+003  1.9410000e+002 -2.9000000e-002  1.0000000e-003
  1.9020000e+003  1.9780000e+002 -3.0000000e-002  1.0000000e-003
  1.9220000e+003  2.0190000e+002 -3.0000000e-002  1.0000000e-003
  1.9420000e+003  2.0560000e+002 -3.0000000e-002  1.0000000e-003
  1.9620000e+003  2.0910000e+002 -3.1000000e-002  1.0000000e-003
  1.9820000e+003  2.1350000e+002 -3.1000000e-002  1.0000000e-003
  2.0020000e+003  2.1670000e+002 -3.1000000e-002  1.0000000e-003
  2.0220000e+003  2.2050000e+002 -3.1000000e-002  1.0000000e-003
  2.0420000e+003  2.2450000e+002 -3.2000000e-002  1.0000000e-003
  2.0620000e+003  2.2840000e+002 -3.2000000e-002  1.0000000e-003
  2.0820000e+003  2.3240000e+002 -3.2000000e-002  1.0000000e-003
  2.1020000e+003  2.3630000e+002 -3.3000000e-002  1.0000000e-003
  2.1220000e+003  2.4040000e+002 -3.3000000e-002  1.0000000e-003
  2.1420000e+003  2.4410000e+002 -3.3000000e-002  1.0000000e-003
  2.1620000e+003  2.4850000e+002 -3.3000000e-002  1.0000000e-003
  2.1820000e+003  2.5230000e+002 -3.4000000e-002  1.0000000e-003
  2.2020000e+003  2.5670000e+002 -3.4000000e-002  1.0000000e-003
  2.2220000e+003  2.6110000e+002 -3.4000000e-002  1.0000000e-003
  2.2420000e+003  2.6510000e+002 -3.5000000e-002  1.0000000e-003
  2.2620000e+003  2.6930000e+002 -3.5000000e-002  1.0000000e-003
  2.2820000e+003  2.7320000e+002 -3.5000000e-002  1.0000000e-003
  2.3020000e+003  2.7760000e+002 -3.6000000e-002  1.0000000e-003
  2.3220000e+003  2.8160000e+002 -3.6000000e-002  1.0000000e-003
  2.3420000e+003  2.8560000e+002 -3.6000000e-002  1.0000000e-003
  2.3620000e+003  2.9000000e+002 -3.7000000e-002  1.0000000e-003
  2.3820000e+003  2.9420000e+002 -3.7000000e-002  1.0000000e-003
  2.4020000e+003  2.9840000e+002 -3.7000000e-002  1.0000000e-003
  2.4220000e+003  3.0240000e+002 -3.8000000e-002  1.0000000e-003
  2.4430000e+003  3.0660000e+002 -3.8000000e-002  1.0000000e-003
  2.4630000e+003  3.1080000e+002 -3.8000000e-002  1.0000000e-003
  2.4830000e+003  3.1520000e+002 -3.9000000e-002  1.0000000e-003
  2.5030000e+003  3.1920000e+002 -3.9000000e-002  1.0000000e-003
  2.5230000e+003  3.2340000e+002 -3.9000000e-002  1.0000000e-003
  2.5430000e+003  3.2760000e+002 -3.9000000e-002  1.0000000e-003
  2.5630000e+003  3.3210000e+002 -3.9000000e-002  1.0000000e-003
  2.5830000e+003  3.3650000e+002 -4.0000000e-002  1.0000000e-003
  2.6030000e+003  3.4070000e+002 -4.0000000e-002  1.0000000e-003
  2.6230000e+003  3.4530000e+002 -4.0000000e-002  1.0000000e-003
  2.6430000e+003  3.4980000e+002 -4.0000000e-002  1.0000000e-003
  2.6630000e+003  3.5400000e+002 -4.0000000e-002  1.0000000e-003
  2.6830000e+003  3.5820000e+002 -4.1000000e-002  1.0000000e-003
  2.7030000e+003  3.6240000e+002 -4.1000000e-002  1.0000000e-003
  2.7230000e+003  3.6680000e+002 -4.1000000e-002  1.0000000e-003
  2.7430000e+003  3.7100000e+002 -4.1000000e-002  1.0000000e-003
  2.7630000e+003  3.7520000e+002 -4.1000000e-002  1.0000000e-003
  2.7830000e+003  3.7960000e+002 -4.1000000e-002  1.0000000e-003
  2.8030000e+003  3.8400000e+002 -4.2000000e-002  1.0000000e-003
  2.8230000e+003  3.8810000e+002 -4.2000000e-002  1.0000000e-003
  2.8430000e+003  3.9250000e+002 -4.2000000e-002  1.0000000e-003
  2.8630000e+003  3.9670000e+002 -4.2000000e-002  1.0000000e-003
  2.8830000e+003  4.0090000e+002 -4.2000000e-002  1.0000000e-003
  2.9030000e+003  4.0550000e+002 -4.3000000e-002  1.0000000e-003
  2.9230000e+003  4.0990000e+002 -4.3000000e-002  1.0000000e-003
  2.9430000e+003  4.1440000e+002 -4.3000000e-002  1.0000000e-003
  2.9630000e+003  4.1860000e+002 -4.3000000e-002  1.0000000e-003
  2.9830000e+003  4.2260000e+002 -4.3000000e-002  1.0000000e-003
  3.0030000e+003  4.2680000e+002 -4.3000000e-002  1.0000000e-003
  3.0230000e+003  4.3120000e+002 -4.4000000e-002  1.0000000e-003
  3.0440000e+003  4.3560000e+002 -4.4000000e-002  1.0000000e-003
  3.0640000e+003  4.4010000e+002 -4.4000000e-002  1.0000000e-003
  3.0840000e+003  4.4450000e+002 -4.4000000e-002  1.0000000e-003
  3.1040000e+003  4.4840000e+002 -4.4000000e-002  1.0000000e-003
  3.1240000e+003  4.5270000e+002 -4.4000000e-002  1.0000000e-003
  3.1440000e+003  4.5690000e+002 -4.5000000e-002  1.0000000e-003
  3.1640000e+003  4.6110000e+002 -4.5000000e-002  1.0000000e-003
  3.1840000e+003  4.6550000e+002 -4.5000000e-002  1.0000000e-003
  3.2040000e+003  4.6970000e+002 -4.5000000e-002  1.0000000e-003
  3.2240000e+003  4.7370000e+002 -4.5000000e-002  1.0000000e-003
  3.2440000e+003  4.7810000e+002 -4.6000000e-002  1.0000000e-003
  3.2640000e+003  4.8210000e+002 -4.6000000e-002  1.0000000e-003
  3.2840000e+003  4.8650000e+002 -4.6000000e-002  1.0000000e-003
  3.3040000e+003  4.9070000e+002 -4.6000000e-002  1.0000000e-003
  3.3240000e+003  4.9470000e+002 -4.7000000e-002  1.0000000e-003
  3.3440000e+003  4.9890000e+002 -4.7000000e-002  1.0000000e-003
  3.3640000e+003  5.0300000e+002 -4.7000000e-002  1.0000000e-003
  3.3840000e+003  5.0730000e+002 -4.8000000e-002  1.0000000e-003
  3.4040000e+003  5.1140000e+002 -4.8000000e-002  1.0000000e-003
  3.4240000e+003  5.1590000e+002 -4.8000000e-002  1.0000000e-003
  3.4440000e+003  5.1980000e+002 -4.9000000e-002  1.0000000e-003
  3.4640000e+003  5.2380000e+002 -4.9000000e-002  1.0000000e-003
  3.4840000e+003  5.2800000e+002 -5.0000000e-002  1.0000000e-003
  3.5040000e+003  5.3230000e+002 -5.0000000e-002  1.0000000e-003
  3.5240000e+003  5.3640000e+002 -5.0000000e-002  1.0000000e-003
  3.5440000e+003  5.4040000e+002 -5.1000000e-002  1.0000000e-003
  3.5640000e+003  5.4440000e+002 -5.1000000e-002  1.0000000e-003
  3.5840000e+003  5.4860000e+002 -5.2000000e-002  1.0000000e-003
  3.6040000e+003  5.5280000e+002 -5.2000000e-002  1.0000000e-003
  3.6240000e+003  5.5680000e+002 -5.3000000e-002  1.0000000e-003
  3.6440000e+003  5.6090000e+002 -5.4000000e-002  1.0000000e-003
  3.6640000e+003  5.6510000e+002 -5.4000000e-002  1.0000000e-003
  3.6840000e+003  5.6880000e+002 -5.5000000e-002  1.0000000e-003
  3.7040000e+003  5.7280000e+002 -5.6000000e-002  1.0000000e-003
  3.7240000e+003  5.7640000e+002 -5.6000000e-002  1.0000000e-003
  3.7440000e+003  5.8070000e+002 -5.7000000e-002  1.0000000e-003
  3.7640000e+003  5.8450000e+002 -5.7000000e-002  1.0000000e-003
  3.7840000e+003  5.8870000e+002 -5.8000000e-002  1.0000000e-003
  3.8040000e+003  5.9270000e+002 -5.9000000e-002  1.0000000e-003
  3.8240000e+003  5.9660000e+002 -5.9000000e-002  1.0000000e-003
  3.8440000e+003  6.0040000e+002 -6.0000000e-002  1.0000000e-003
  3.8640000e+003  6.0460000e+002 -6.1000000e-002  1.0000000e-003
  3.8850000e+003  6.0850000e+002 -6.1000000e-002  1.0000000e-003
  3.9050000e+003  6.1230000e+002 -6.2000000e-002  1.0000000e-003
  3.9250000e+003  6.1620000e+002 -6.3000000e-002  1.0000000e-003
  3.9450000e+003  6.2000000e+002 -6.4000000e-002  1.0000000e-003
  3.9650000e+003  6.2400000e+002 -6.5000000e-002  1.0000000e-003
  3.9850000e+003  6.2790000e+002 -6.7000000e-002  1.0000000e-003
  4.0050000e+003  6.3190000e+002 -6.7000000e-002  1.0000000e-003
  4.0250000e+003  6.3580000e+002 -6.8000000e-002  1.0000000e-003
  4.0450000e+003  6.3960000e+002 -6.9000000e-002  1.0000000e-003
  4.0650000e+003  6.4330000e+002 -7.0000000e-002  1.0000000e-003
  4.0850000e+003  6.4750000e+002 -7.1000000e-002  1.0000000e-003
  4.1050000e+003  6.5140000e+002 -7.2000000e-002  1.0000000e-003
  4.1250000e+003  6.5540000e+002 -7.4000000e-002  1.0000000e-003
  4.1450000e+003  6.5870000e+002 -7.5000000e-002  1.0000000e-003
  4.1650000e+003  6.6150000e+002 -7.6000000e-002  1.0000000e-003
  4.1850000e+003  6.6410000e+002 -7.8000000e-002  1.0000000e-003
  4.2100000e+003  6.6710000e+002 -7.9000000e-002  1.0000000e-003
  4.2300000e+003  6.6990000e+002 -8.0000000e-002  1.0000000e-003
  4.2500000e+003  6.7230000e+002 -8.1000000e-002  1.0000000e-003
  4.2700000e+003  6.7460000e+002 -8.2000000e-002  1.0000000e-003
  4.2900000e+003  6.7710000e+002 -8.4000000e-002  1.0000000e-003
  4.3300000e+003  6.8110000e+002 -8.6000000e-002  1.0000000e-003
  4.3500000e+003  6.8320000e+002 -8.7000000e-002  1.0000000e-003
  4.3700000e+003  6.8490000e+002 -8.8000000e-002  1.0000000e-003
  4.3900000e+003  6.8640000e+002 -8.9000000e-002  1.0000000e-003
  4.4100000e+003  6.8810000e+002 -8.9000000e-002  1.0000000e-003
  4.4300000e+003  6.8970000e+002 -9.0000000e-002  1.0000000e-003
  4.4500000e+003  6.9110000e+002 -9.1000000e-002  1.0000000e-003
  4.4700000e+003  6.9250000e+002 -9.2000000e-002  1.0000000e-003
  4.4900000e+003  6.9390000e+002 -9.4000000e-002  1.0000000e-003
  4.5100000e+003  6.9480000e+002 -9.5000000e-002  1.0000000e-003
  4.5300000e+003  6.9650000e+002 -9.6000000e-002  1.0000000e-003
  4.5500000e+003  6.9720000e+002 -9.7000000e-002  1.0000000e-003
  4.5700000e+003  6.9860000e+002 -9.7000000e-002  1.0000000e-003
  4.5900000e+003  6.9950000e+002 -9.8000000e-002  1.0000000e-003
  4.6100000e+003  7.0020000e+002 -9.9000000e-002  1.0000000e-003
  4.6300000e+003  7.0110000e+002 -1.0000000e-001  1.0000000e-003
  4.6500000e+003  7.0190000e+002 -1.0100000e-001  1.0000000e-003
  4.6700000e+003  7.0280000e+002 -1.0100000e-001  1.0000000e-003
  4.6900000e+003  7.0370000e+002 -1.0200000e-001  1.0000000e-003
  4.7100000e+003  7.0420000e+002 -1.0300000e-001  1.0000000e-003
  4.7300000e+003  7.0490000e+002 -1.0400000e-001  1.0000000e-003
  4.7510000e+003  7.0560000e+002 -1.0500000e-001  1.0000000e-003
  4.7710000e+003  7.0610000e+002 -1.0600000e-001  1.0000000e-003
  4.7910000e+003  7.0670000e+002 -1.0700000e-001  1.0000000e-003
  4.8110000e+003  7.0700000e+002 -1.0800000e-001  1.0000000e-003
  4.8310000e+003  7.0730000e+002 -1.0900000e-001  1.0000000e-003
  4.8510000e+003  7.0790000e+002 -1.0900000e-001  1.0000000e-003
  4.8710000e+003  7.0820000e+002 -1.1000000e-001  1.0000000e-003
  4.8910000e+003  7.0890000e+002 -1.1000000e-001  1.0000000e-003
  4.9110000e+003  7.0910000e+002 -1.1100000e-001  1.0000000e-003
  4.9310000e+003  7.0950000e+002 -1.1200000e-001  1.0000000e-003
  4.9510000e+003  7.0980000e+002 -1.1300000e-001  1.0000000e-003
  4.9710000e+003  7.1020000e+002 -1.1300000e-001  1.0000000e-003
  4.9910000e+003  7.1030000e+002 -1.1400000e-001  1.0000000e-003
  5.0110000e+003  7.1070000e+002 -1.1500000e-001  1.0000000e-003
  5.0310000e+003  7.1080000e+002 -1.1600000e-001  1.0000000e-003
  5.0510000e+003  7.1120000e+002 -1.1700000e-001  1.0000000e-003
  5.0710000e+003  7.1150000e+002 -1.1700000e-001  1.0000000e-003
  5.0910000e+003  7.1150000e+002 -1.1800000e-001  1.0000000e-003
  5.1110000e+003  7.1170000e+002 -1.1900000e-001  1.0000000e-003
  5.1360000e+003  7.1190000e+002 -1.2000000e-001  1.0000000e-003
  5.1560000e+003  7.1210000e+002 -1.2000000e-001  1.0000000e-003
  5.1760000e+003  7.1230000e+002 -1.2100000e-001  1.0000000e-003
  5.1960000e+003  7.1240000e+002 -1.2200000e-001  1.0000000e-003
  5.2160000e+003  7.1260000e+002 -1.2200000e-001  1.0000000e-003
  5.2360000e+003  7.1280000e+002 -1.2300000e-001  1.0000000e-003
  5.2560000e+003  7.1300000e+002 -1.2400000e-001  1.0000000e-003
  5.2760000e+003  7.1300000e+002 -1.2400000e-001  1.0000000e-003
  5.2960000e+003  7.1310000e+002 -1.2500000e-001  1.0000000e-003
  5.3160000e+003  7.1330000e+002 -1.2600000e-001  1.0000000e-003
  5.3360000e+003  7.1350000e+002 -1.2600000e-001  1.0000000e-003
  5.3560000e+003  7.1350000e+002 -1.2700000e-001  1.0000000e-003
  5.3760000e+003  7.1330000e+002 -1.2800000e-001  1.0000000e-003
  5.3960000e+003  7.1350000e+002 -1.2800000e-001  1.0000000e-003
  5.4160000e+003  7.1360000e+002 -1.2900000e-001  1.0000000e-003
  5.4360000e+003  7.1360000e+002 -1.2900000e-001  1.0000000e-003
  5.4560000e+003  7.1400000e+002 -1.3000000e-001  1.0000000e-003
  5.4760000e+003  7.1400000e+002 -1.3000000e-001  1.0000000e-003
  5.4960000e+003  7.1400000e+002 -1.3100000e-001  1.0000000e-003
  5.5160000e+003  7.1420000e+002 -1.3200000e-001  1.0000000e-003
  5.5360000e+003  7.1400000e+002 -1.3200000e-001  1.0000000e-003
  5.5560000e+003  7.1420000e+002 -1.3300000e-001  1.0000000e-003
  5.5760000e+003  7.1420000e+002 -1.3300000e-001  1.0000000e-003
  5.5960000e+003  7.1430000e+002 -1.3400000e-001  1.0000000e-003
  5.6160000e+003  7.1420000e+002 -1.3500000e-001  1.0000000e-003
  5.6360000e+003  7.1430000e+002 -1.3500000e-001  1.0000000e-003
  5.6560000e+003  7.1430000e+002 -1.3600000e-001  1.0000000e-003
  5.6760000e+003  7.1430000e+002 -1.3700000e-001  1.0000000e-003
  5.6960000e+003  7.1430000e+002 -1.3700000e-001  1.0000000e-003
  5.7160000e+003  7.1450000e+002 -1.3700000e-001  1.0000000e-003
  5.7360000e+003  7.1430000e+002 -1.3800000e-001  1.0000000e-003
  5.7560000e+003  7.1450000e+002 -1.3800000e-001  1.0000000e-003
  5.7760000e+003  7.1430000e+002 -1.3900000e-001  1.0000000e-003
  5.7960000e+003  7.1450000e+002 -1.3900000e-001  1.0000000e-003
  5.8170000e+003  7.1450000e+002 -1.3900000e-001  1.0000000e-003
  5.8370000e+003  7.1470000e+002 -1.4000000e-001  1.0000000e-003
  5.8570000e+003  7.1470000e+002 -1.4000000e-001  1.0000000e-003
  5.8770000e+003  7.1470000e+002 -1.4100000e-001  1.0000000e-003
  5.8970000e+003  7.1470000e+002 -1.4100000e-001  1.0000000e-003
  5.9170000e+003  7.1490000e+002 -1.4200000e-001  1.0000000e-003
  5.9370000e+003  7.1490000e+002 -1.4200000e-001  1.0000000e-003
  5.9570000e+003  7.1470000e+002 -1.4300000e-001  1.0000000e-003
  5.9770000e+003  7.1490000e+002 -1.4300000e-001  1.0000000e-003
  6.0220000e+003  7.1400000e+002 -1.4400000e-001  1.0000000e-003
  6.0420000e+003  7.1630000e+002 -1.4400000e-001  1.0000000e-003
  6.0620000e+003  7.1710000e+002 -1.4500000e-001  1.0000000e-003
  6.0820000e+003  7.1840000e+002 -1.4600000e-001  1.0000000e-003
  6.1020000e+003  7.1940000e+002 -1.4600000e-001  1.0000000e-003
  6.1220000e+003  7.2050000e+002 -1.4700000e-001  1.0000000e-003
  6.1420000e+003  7.2200000e+002 -1.4800000e-001  1.0000000e-003
  6.1620000e+003  7.2350000e+002 -1.4800000e-001  1.0000000e-003
  6.1820000e+003  7.2480000e+002 -1.4900000e-001  1.0000000e-003
  6.2020000e+003  7.2660000e+002 -1.5000000e-001  1.0000000e-003
  6.2220000e+003  7.2820000e+002 -1.5000000e-001  1.0000000e-003
  6.2420000e+003  7.3010000e+002 -1.5100000e-001  1.0000000e-003
  6.2620000e+003  7.3200000e+002 -1.5300000e-001  1.0000000e-003
  6.2820000e+003  7.3390000e+002 -1.5400000e-001  1.0000000e-003
  6.3020000e+003  7.3640000e+002 -1.5500000e-001  1.0000000e-003
  6.3220000e+003  7.3850000e+002 -1.5700000e-001  1.0000000e-003
  6.3420000e+003  7.4080000e+002 -1.5800000e-001  1.0000000e-003
  6.3620000e+003  7.4360000e+002 -1.6000000e-001  1.0000000e-003
  6.3820000e+003  7.4620000e+002 -1.6200000e-001  1.0000000e-003
  6.4020000e+003  7.4870000e+002 -1.6400000e-001  1.0000000e-003
  6.4220000e+003  7.5130000e+002 -1.6600000e-001  1.0000000e-003
  6.4420000e+003  7.5360000e+002 -1.6900000e-001  1.0000000e-003
  6.4620000e+003  7.5640000e+002 -1.7100000e-001  1.0000000e-003
  6.4820000e+003  7.5900000e+002 -1.7500000e-001  1.0000000e-003
  6.5020000e+003  7.6210000e+002 -1.7800000e-001  1.0000000e-003
  6.5220000e+003  7.6510000e+002 -1.8100000e-001  1.0000000e-003
  6.5420000e+003  7.6790000e+002 -1.8500000e-001  1.0000000e-003
  6.5620000e+003  7.7090000e+002 -1.8900000e-001  1.0000000e-003
  6.5820000e+003  7.7440000e+002 -1.9200000e-001  1.0000000e-003
  6.6020000e+003  7.7700000e+002 -1.9700000e-001  1.0000000e-003
  6.6270000e+003  7.8020000e+002 -2.0300000e-001  1.0000000e-003
  6.6470000e+003  7.8230000e+002 -2.0800000e-001  1.0000000e-003
  6.6880000e+003  7.8640000e+002 -2.1900000e-001  1.0000000e-003
  6.7080000e+003  7.8800000e+002 -2.2400000e-001  1.0000000e-003
  6.7280000e+003  7.8960000e+002 -2.2900000e-001  1.0000000e-003
  6.7480000e+003  7.9120000e+002 -2.3300000e-001  1.0000000e-003
  6.7680000e+003  7.9290000e+002 -2.3800000e-001  1.0000000e-003
  6.7880000e+003  7.9430000e+002 -2.4300000e-001  1.0000000e-003
  6.8080000e+003  7.9610000e+002 -2.4800000e-001  1.0000000e-003
  6.8280000e+003  7.9710000e+002 -2.5200000e-001  1.0000000e-003
  6.8480000e+003  7.9870000e+002 -2.5700000e-001  1.0000000e-003
  6.8680000e+003  7.9940000e+002 -2.6100000e-001  1.0000000e-003
  6.8880000e+003  8.0080000e+002 -2.6600000e-001  1.0000000e-003
  6.9080000e+003  8.0150000e+002 -2.7000000e-001  1.0000000e-003
  6.9280000e+003  8.0260000e+002 -2.7300000e-001  1.0000000e-003
  6.9480000e+003  8.0330000e+002 -2.7800000e-001  1.0000000e-003
  6.9680000e+003  8.0430000e+002 -2.8200000e-001  1.0000000e-003
  6.9880000e+003  8.0520000e+002 -2.8600000e-001  1.0000000e-003
  7.0080000e+003  8.0590000e+002 -2.9000000e-001  1.0000000e-003
  7.0280000e+003  8.0640000e+002 -2.9400000e-001  1.0000000e-003
  7.0480000e+003  8.0710000e+002 -2.9800000e-001  1.0000000e-003
  7.0680000e+003  8.0760000e+002 -3.0000000e-001  1.0000000e-003
  7.0880000e+003  8.0820000e+002 -3.0400000e-001  1.0000000e-003
  7.1080000e+003  8.0890000e+002 -3.0800000e-001  1.0000000e-003
  7.1280000e+003  8.0940000e+002 -3.1000000e-001  1.0000000e-003
  7.1480000e+003  8.0970000e+002 -3.1300000e-001  1.0000000e-003
  7.1680000e+003  8.1030000e+002 -3.1700000e-001  1.0000000e-003
  7.1880000e+003  8.1040000e+002 -3.2000000e-001  1.0000000e-003
  7.2080000e+003  8.1080000e+002 -3.2200000e-001  1.0000000e-003
  7.2280000e+003  8.1150000e+002 -3.2500000e-001  1.0000000e-003
  7.2480000e+003  8.1180000e+002 -3.2800000e-001  1.0000000e-003
  7.2680000e+003  8.1180000e+002 -3.3100000e-001  1.0000000e-003
  7.2890000e+003  8.1230000e+002 -3.3400000e-001  1.0000000e-003
  7.3130000e+003  8.1270000e+002 -3.3700000e-001  1.0000000e-003
  7.3340000e+003  8.1250000e+002 -3.3900000e-001  1.0000000e-003
  7.3540000e+003  8.1300000e+002 -3.4100000e-001  1.0000000e-003
  7.3740000e+003  8.1290000e+002 -3.4400000e-001  1.0000000e-003
  7.3940000e+003  8.1320000e+002 -3.4600000e-001  1.0000000e-003
  7.4240000e+003  8.1340000e+002 -3.4900000e-001  1.0000000e-003
  7.4440000e+003  8.1380000e+002 -3.5100000e-001  1.0000000e-003
  7.4640000e+003  8.1380000e+002 -3.5200000e-001  1.0000000e-003
  7.4840000e+003  8.1390000e+002 -3.5500000e-001  1.0000000e-003
  7.5040000e+003  8.1410000e+002 -3.5700000e-001  1.0000000e-003
  7.5240000e+003  8.1430000e+002 -3.5900000e-001  1.0000000e-003
  7.5440000e+003  8.1430000e+002 -3.6100000e-001  1.0000000e-003
  7.5640000e+003  8.1450000e+002 -3.6200000e-001  1.0000000e-003
  7.5840000e+003  8.1430000e+002 -3.6400000e-001  1.0000000e-003
  7.6040000e+003  8.1480000e+002 -3.6600000e-001  1.0000000e-003
  7.6240000e+003  8.1460000e+002 -3.6800000e-001  1.0000000e-003
  7.6440000e+003  8.1480000e+002 -3.6900000e-001  1.0000000e-003
  7.6640000e+003  8.1480000e+002 -3.7100000e-001  1.0000000e-003
  7.6840000e+003  8.1500000e+002 -3.7300000e-001  1.0000000e-003
  7.7040000e+003  8.1520000e+002 -3.7500000e-001  1.0000000e-003
  7.7240000e+003  8.1520000e+002 -3.7600000e-001  1.0000000e-003
  7.7440000e+003  8.1520000e+002 -3.7800000e-001  1.0000000e-003
  7.7640000e+003  8.1530000e+002 -3.7900000e-001  1.0000000e-003
  7.7840000e+003  8.1530000e+002 -3.8000000e-001  1.0000000e-003
  7.8040000e+003  8.1550000e+002 -3.8100000e-001  1.0000000e-003
  7.8240000e+003  8.1550000e+002 -3.8300000e-001  1.0000000e-003
  7.8440000e+003  8.1550000e+002 -3.8400000e-001  1.0000000e-003
  7.8640000e+003  8.1550000e+002 -3.8600000e-001  1.0000000e-003
  7.8840000e+003  8.1580000e+002 -3.8700000e-001  1.0000000e-003
  7.9040000e+003  8.1580000e+002 -3.8800000e-001  1.0000000e-003
  7.9240000e+003  8.1570000e+002 -3.8900000e-001  1.0000000e-003
  7.9440000e+003  8.1580000e+002 -3.9000000e-001  1.0000000e-003
  7.9640000e+003  8.1570000e+002 -3.9100000e-001  1.0000000e-003
  7.9840000e+003  8.1570000e+002 -3.9200000e-001  1.0000000e-003
  8.0040000e+003  8.1570000e+002 -3.9300000e-001  1.0000000e-003
  8.0240000e+003  8.1580000e+002 -3.9500000e-001  1.0000000e-003
  8.0440000e+003  8.1580000e+002 -3.9600000e-001  1.0000000e-003
  8.0640000e+003  8.1580000e+002 -3.9700000e-001  1.0000000e-003
  8.0840000e+003  8.1570000e+002 -3.9800000e-001  1.0000000e-003
  8.1040000e+003  8.1570000e+002 -4.0000000e-001  1.0000000e-003
  8.1240000e+003  8.1580000e+002 -4.0100000e-001  1.0000000e-003
  8.1440000e+003  8.1580000e+002 -4.0200000e-001  1.0000000e-003
  8.1640000e+003  8.1580000e+002 -4.0300000e-001  1.0000000e-003
  8.1840000e+003  8.1570000e+002 -4.0400000e-001  1.0000000e-003
  8.2040000e+003  8.1580000e+002 -4.0500000e-001  1.0000000e-003
  8.2240000e+003  8.1570000e+002 -4.0600000e-001  1.0000000e-003
  8.2440000e+003  8.1580000e+002 -4.0700000e-001  1.0000000e-003
  8.2640000e+003  8.1580000e+002 -4.0800000e-001  1.0000000e-003
  8.2840000e+003  8.1580000e+002 -4.0900000e-001  1.0000000e-003
  8.3040000e+003  8.1580000e+002 -4.1000000e-001  1.0000000e-003
  8.3240000e+003  8.1580000e+002 -4.1100000e-001  1.0000000e-003
  8.3440000e+003  8.1580000e+002 -4.1200000e-001  1.0000000e-003
  8.3640000e+003  8.1600000e+002 -4.1300000e-001  1.0000000e-003
  8.3840000e+003  8.1600000e+002 -4.1400000e-001  1.0000000e-003
  8.4040000e+003  8.1600000e+002 -4.1500000e-001  1.0000000e-003
  8.4390000e+003  8.1430000e+002 -4.1700000e-001  1.0000000e-003
  8.4590000e+003  8.1730000e+002 -4.1700000e-001  1.0000000e-003
  8.4790000e+003  8.1850000e+002 -4.1800000e-001  1.0000000e-003
  8.4990000e+003  8.1970000e+002 -4.1900000e-001  1.0000000e-003
  8.5190000e+003  8.2090000e+002 -4.1900000e-001  1.0000000e-003
  8.5390000e+003  8.2230000e+002 -4.2000000e-001  1.0000000e-003
  8.5590000e+003  8.2390000e+002 -4.2200000e-001  1.0000000e-003
  8.5790000e+003  8.2550000e+002 -4.2300000e-001  1.0000000e-003
  8.5990000e+003  8.2720000e+002 -4.2400000e-001  1.0000000e-003
  8.6190000e+003  8.2920000e+002 -4.2600000e-001  1.0000000e-003
  8.6400000e+003  8.3110000e+002 -4.2800000e-001  1.0000000e-003
  8.6600000e+003  8.3300000e+002 -4.2900000e-001  1.0000000e-003
  8.6800000e+003  8.3510000e+002 -4.3000000e-001  1.0000000e-003
  8.7000000e+003  8.3720000e+002 -4.3200000e-001  1.0000000e-003
  8.7200000e+003  8.3960000e+002 -4.3400000e-001  1.0000000e-003
  8.7400000e+003  8.4210000e+002 -4.3700000e-001  1.0000000e-003
  8.7600000e+003  8.4440000e+002 -4.3900000e-001  1.0000000e-003
  8.7800000e+003  8.4720000e+002 -4.4200000e-001  1.0000000e-003
  8.8000000e+003  8.4960000e+002 -4.4500000e-001  1.0000000e-003
  8.8200000e+003  8.5260000e+002 -4.4800000e-001  1.0000000e-003
  8.8400000e+003  8.5540000e+002 -4.5100000e-001  1.0000000e-003
  8.8600000e+003  8.5800000e+002 -4.5400000e-001  1.0000000e-003
  8.8800000e+003  8.6080000e+002 -4.5800000e-001  1.0000000e-003
  8.9000000e+003  8.6360000e+002 -4.6100000e-001  1.0000000e-003
  8.9200000e+003  8.6660000e+002 -4.6600000e-001  1.0000000e-003
  8.9400000e+003  8.6980000e+002 -4.7000000e-001  1.0000000e-003
  8.9600000e+003  8.7290000e+002 -4.7400000e-001  1.0000000e-003
  8.9800000e+003  8.7620000e+002 -4.7900000e-001  1.0000000e-003
  9.0000000e+003  8.7920000e+002 -4.8500000e-001  1.0000000e-003
  9.0200000e+003  8.8220000e+002 -4.9000000e-001  1.0000000e-003
  9.0400000e+003  8.8570000e+002 -4.9700000e-001  1.0000000e-003
  9.0600000e+003  8.8860000e+002 -5.0200000e-001  1.0000000e-003
  9.0800000e+003  8.9180000e+002 -5.0900000e-001  1.0000000e-003
  9.1000000e+003  8.9480000e+002 -5.1400000e-001  1.0000000e-003
  9.1200000e+003  8.9830000e+002 -5.2100000e-001  1.0000000e-003
  9.1400000e+003  9.0140000e+002 -5.2900000e-001  1.0000000e-003
  9.1600000e+003  9.0440000e+002 -5.3700000e-001  1.0000000e-003
  9.1800000e+003  9.0770000e+002 -5.4300000e-001  1.0000000e-003
  9.2000000e+003  9.1120000e+002 -5.5000000e-001  1.0000000e-003
  9.2200000e+003  9.1450000e+002 -5.5800000e-001  1.0000000e-003
  9.2400000e+003  9.1800000e+002 -5.6600000e-001  1.0000000e-003
  9.2600000e+003  9.2120000e+002 -5.7500000e-001  1.0000000e-003
  9.2800000e+003  9.2430000e+002 -5.8200000e-001  1.0000000e-003
  9.3000000e+003  9.2770000e+002 -5.9000000e-001  1.0000000e-003
  9.3200000e+003  9.3100000e+002 -5.9800000e-001  1.0000000e-003
  9.3400000e+003  9.3450000e+002 -6.0700000e-001  1.0000000e-003
  9.3600000e+003  9.3800000e+002 -6.1600000e-001  1.0000000e-003
  9.3800000e+003  9.4130000e+002 -6.2400000e-001  1.0000000e-003
  9.4000000e+003  9.4480000e+002 -6.3100000e-001  1.0000000e-003
  9.4200000e+003  9.4800000e+002 -6.4000000e-001  1.0000000e-003
  9.4400000e+003  9.5150000e+002 -6.4900000e-001  1.0000000e-003
  9.4600000e+003  9.5500000e+002 -6.5800000e-001  1.0000000e-003
  9.4800000e+003  9.5850000e+002 -6.6600000e-001  1.0000000e-003
  9.5000000e+003  9.6200000e+002 -6.7300000e-001  1.0000000e-003
  9.5300000e+003  9.6640000e+002 -6.8700000e-001  1.0000000e-003
  9.5500000e+003  9.6840000e+002 -6.9600000e-001  1.0000000e-003
  9.5910000e+003  9.7230000e+002 -7.0900000e-001  1.0000000e-003
  9.6110000e+003  9.7400000e+002 -7.1600000e-001  1.0000000e-003
  9.6310000e+003  9.7580000e+002 -7.2200000e-001  1.0000000e-003
  9.6510000e+003  9.7750000e+002 -7.2900000e-001  1.0000000e-003
  9.6710000e+003  9.7910000e+002 -7.3500000e-001  1.0000000e-003
  9.6910000e+003  9.8070000e+002 -7.4000000e-001  1.0000000e-003
  9.7110000e+003  9.8180000e+002 -7.4500000e-001  1.0000000e-003
  9.7310000e+003  9.8300000e+002 -7.4900000e-001  1.0000000e-003
  9.7510000e+003  9.8400000e+002 -7.5300000e-001  1.0000000e-003
  9.7710000e+003  9.8520000e+002 -7.5900000e-001  1.0000000e-003
  9.7910000e+003  9.8630000e+002 -7.6300000e-001  1.0000000e-003
  9.8110000e+003  9.8720000e+002 -7.6700000e-001  1.0000000e-003
  9.8310000e+003  9.8800000e+002 -7.7100000e-001  1.0000000e-003
  9.8510000e+003  9.8840000e+002 -7.7500000e-001  1.0000000e-003
  9.8710000e+003  9.8930000e+002 -7.7900000e-001  1.0000000e-003
  9.8910000e+003  9.9000000e+002 -7.8200000e-001  1.0000000e-003
  9.9110000e+003  9.9030000e+002 -7.8500000e-001  1.0000000e-003
  9.9310000e+003  9.9090000e+002 -7.8800000e-001  1.0000000e-003
  9.9510000e+003  9.9100000e+002 -7.9100000e-001  1.0000000e-003
  9.9710000e+003  9.9170000e+002 -7.9300000e-001  1.0000000e-003
  9.9910000e+003  9.9190000e+002 -7.9600000e-001  1.0000000e-003
  1.0011000e+004  9.9240000e+002 -7.9900000e-001  1.0000000e-003
  1.0031000e+004  9.9280000e+002 -8.0200000e-001  1.0000000e-003
  1.0051000e+004  9.9310000e+002 -8.0500000e-001  1.0000000e-003
  1.0071000e+004  9.9310000e+002 -8.0700000e-001  1.0000000e-003
  1.0091000e+004  9.9360000e+002 -8.0900000e-001  1.0000000e-003
  1.0111000e+004  9.9380000e+002 -8.1200000e-001  1.0000000e-003
  1.0131000e+004  9.9400000e+002 -8.1400000e-001  1.0000000e-003
  1.0151000e+004  9.9420000e+002 -8.1600000e-001  1.0000000e-003
  1.0171000e+004  9.9420000e+002 -8.1800000e-001  1.0000000e-003
  1.0191000e+004  9.9430000e+002 -8.2000000e-001  1.0000000e-003
  1.0211000e+004  9.9490000e+002 -8.2100000e-001  1.0000000e-003
  1.0231000e+004  9.9490000e+002 -8.2300000e-001  1.0000000e-003
  1.0251000e+004  9.9520000e+002 -8.2500000e-001  1.0000000e-003
  1.0281000e+004  9.9540000e+002 -8.2800000e-001  1.0000000e-003
  1.0301000e+004  9.9540000e+002 -8.2900000e-001  1.0000000e-003
  1.0321000e+004  9.9560000e+002 -8.3100000e-001  1.0000000e-003
  1.0341000e+004  9.9560000e+002 -8.3200000e-001  1.0000000e-003
  1.0361000e+004  9.9590000e+002 -8.3300000e-001  1.0000000e-003
  1.0382000e+004  9.9590000e+002 -8.3500000e-001  1.0000000e-003
  1.0406000e+004  9.9610000e+002 -8.3700000e-001  1.0000000e-003
  1.0426000e+004  9.9630000e+002 -8.3900000e-001  1.0000000e-003
  1.0446000e+004  9.9630000e+002 -8.4000000e-001  1.0000000e-003
  1.0466000e+004  9.9630000e+002 -8.4100000e-001  1.0000000e-003
  1.0486000e+004  9.9630000e+002 -8.4300000e-001  1.0000000e-003
  1.0506000e+004  9.9650000e+002 -8.4400000e-001  1.0000000e-003
  1.0526000e+004  9.9650000e+002 -8.4600000e-001  1.0000000e-003
  1.0546000e+004  9.9630000e+002 -8.4700000e-001  1.0000000e-003
  1.0567000e+004  9.9650000e+002 -8.4800000e-001  1.0000000e-003
  1.0587000e+004  9.9650000e+002 -8.4900000e-001  1.0000000e-003
  1.0607000e+004  9.9630000e+002 -8.5000000e-001  1.0000000e-003
  1.0627000e+004  9.9660000e+002 -8.5200000e-001  1.0000000e-003
  1.0647000e+004  9.9650000e+002 -8.5300000e-001  1.0000000e-003
  1.0667000e+004  9.9650000e+002 -8.5400000e-001  1.0000000e-003
  1.0687000e+004  9.9680000e+002 -8.5500000e-001  1.0000000e-003
  1.0707000e+004  9.9700000e+002 -8.5600000e-001  1.0000000e-003
  1.0727000e+004  9.9660000e+002 -8.5700000e-001  1.0000000e-003
  1.0747000e+004  9.9680000e+002 -8.5800000e-001  1.0000000e-003
  1.0767000e+004  9.9660000e+002 -8.5900000e-001  1.0000000e-003
  1.0787000e+004  9.9660000e+002 -8.6000000e-001  1.0000000e-003
  1.0807000e+004  9.9700000e+002 -8.6000000e-001  1.0000000e-003
  1.0827000e+004  9.9680000e+002 -8.6100000e-001  1.0000000e-003
  1.0847000e+004  9.9680000e+002 -8.6200000e-001  1.0000000e-003
  1.0867000e+004  9.9680000e+002 -8.6300000e-001  1.0000000e-003
  1.0887000e+004  9.9720000e+002 -8.6400000e-001  1.0000000e-003
  1.0907000e+004  9.9700000e+002 -8.6500000e-001  1.0000000e-003
  1.0927000e+004  9.9700000e+002 -8.6600000e-001  1.0000000e-003
  1.0947000e+004  9.9720000e+002 -8.6700000e-001  1.0000000e-003
  1.0967000e+004  9.9720000e+002 -8.6800000e-001  1.0000000e-003
  1.0987000e+004  9.9720000e+002 -8.6800000e-001  1.0000000e-003
  1.1007000e+004  9.9720000e+002 -8.6900000e-001  1.0000000e-003
  1.1027000e+004  9.9700000e+002 -8.6900000e-001  1.0000000e-003
  1.1047000e+004  9.9700000e+002 -8.7000000e-001  1.0000000e-003
  1.1067000e+004  9.9720000e+002 -8.7100000e-001  1.0000000e-003
  1.1087000e+004  9.9720000e+002 -8.7100000e-001  1.0000000e-003
  1.1107000e+004  9.9720000e+002 -8.7200000e-001  1.0000000e-003
  1.1127000e+004  9.9720000e+002 -8.7300000e-001  1.0000000e-003
  1.1147000e+004  9.9730000e+002 -8.7400000e-001  1.0000000e-003
  1.1167000e+004  9.9750000e+002 -8.7400000e-001  1.0000000e-003
  1.1187000e+004  9.9750000e+002 -8.7500000e-001  1.0000000e-003
  1.1207000e+004  9.9730000e+002 -8.7600000e-001  1.0000000e-003
  1.1228000e+004  9.9750000e+002 -8.7700000e-001  1.0000000e-003
  1.1252000e+004  9.9750000e+002 -8.7700000e-001  1.0000000e-003
  1.1273000e+004  9.9720000e+002 -8.7800000e-001  1.0000000e-003
  1.1293000e+004  9.9730000e+002 -8.7900000e-001  1.0000000e-003
  1.1343000e+004  9.9420000e+002 -8.8100000e-001  1.0000000e-003
  1.1363000e+004  9.9870000e+002 -8.8100000e-001  1.0000000e-003
  1.1383000e+004  1.0005000e+003 -8.8100000e-001  1.0000000e-003
  1.1403000e+004  1.0020000e+003 -8.8200000e-001  1.0000000e-003
  1.1423000e+004  1.0036000e+003 -8.8300000e-001  1.0000000e-003
  1.1443000e+004  1.0054000e+003 -8.8400000e-001  1.0000000e-003
  1.1463000e+004  1.0073000e+003 -8.8500000e-001  1.0000000e-003
  1.1483000e+004  1.0092000e+003 -8.8600000e-001  1.0000000e-003
  1.1503000e+004  1.0115000e+003 -8.8700000e-001  1.0000000e-003
  1.1523000e+004  1.0138000e+003 -8.8800000e-001  1.0000000e-003
  1.1543000e+004  1.0159000e+003 -8.9000000e-001  1.0000000e-003
  1.1563000e+004  1.0181000e+003 -8.9100000e-001  1.0000000e-003
  1.1583000e+004  1.0208000e+003 -8.9200000e-001  1.0000000e-003
  1.1603000e+004  1.0232000e+003 -8.9400000e-001  1.0000000e-003
  1.1623000e+004  1.0262000e+003 -8.9600000e-001  1.0000000e-003
  1.1643000e+004  1.0290000e+003 -8.9800000e-001  1.0000000e-003
  1.1663000e+004  1.0322000e+003 -8.9900000e-001  1.0000000e-003
  1.1683000e+004  1.0349000e+003 -9.0100000e-001  1.0000000e-003
  1.1703000e+004  1.0379000e+003 -9.0300000e-001  1.0000000e-003
  1.1723000e+004  1.0409000e+003 -9.0500000e-001  1.0000000e-003
  1.1743000e+004  1.0439000e+003 -9.0800000e-001  1.0000000e-003
  1.1763000e+004  1.0470000e+003 -9.1000000e-001  1.0000000e-003
  1.1783000e+004  1.0503000e+003 -9.1200000e-001  1.0000000e-003
  1.1803000e+004  1.0539000e+003 -9.1500000e-001  1.0000000e-003
  1.1823000e+004  1.0570000e+003 -9.1900000e-001  1.0000000e-003
  1.1843000e+004  1.0603000e+003 -9.2200000e-001  1.0000000e-003
  1.1863000e+004  1.0638000e+003 -9.2600000e-001  1.0000000e-003
  1.1883000e+004  1.0672000e+003 -9.2900000e-001  1.0000000e-003
  1.1903000e+004  1.0705000e+003 -9.3400000e-001  1.0000000e-003
  1.1923000e+004  1.0740000e+003 -9.3800000e-001  1.0000000e-003
  1.1943000e+004  1.0773000e+003 -9.4100000e-001  1.0000000e-003
  1.1963000e+004  1.0810000e+003 -9.4600000e-001  1.0000000e-003
  1.1983000e+004  1.0845000e+003 -9.5000000e-001  1.0000000e-003
  1.2003000e+004  1.0882000e+003 -9.5400000e-001  1.0000000e-003
  1.2023000e+004  1.0917000e+003 -9.6000000e-001  1.0000000e-003
  1.2043000e+004  1.0950000e+003 -9.6500000e-001  1.0000000e-003
  1.2063000e+004  1.0988000e+003 -9.7000000e-001  1.0000000e-003
  1.2083000e+004  1.1023000e+003 -9.7600000e-001  1.0000000e-003
  1.2103000e+004  1.1062000e+003 -9.8100000e-001  1.0000000e-003
  1.2123000e+004  1.1097000e+003 -9.8700000e-001  1.0000000e-003
  1.2144000e+004  1.1132000e+003 -9.9100000e-001  1.0000000e-003
  1.2164000e+004  1.1168000e+003 -9.9800000e-001  1.0000000e-003
  1.2184000e+004  1.1200000e+003 -1.0040000e+000  1.0000000e-003
  1.2204000e+004  1.1224000e+003 -1.0100000e+000  1.0000000e-003
  1.2224000e+004  1.1247000e+003 -1.0160000e+000  1.0000000e-003
  1.2249000e+004  1.1270000e+003 -1.0220000e+000  1.0000000e-003
  1.2279000e+004  1.1294000e+003 -1.0290000e+000  1.0000000e-003
  1.2299000e+004  1.1308000e+003 -1.0330000e+000  1.0000000e-003
  1.2319000e+004  1.1321000e+003 -1.0380000e+000  1.0000000e-003
  1.2339000e+004  1.1335000e+003 -1.0420000e+000  1.0000000e-003
  1.2359000e+004  1.1347000e+003 -1.0460000e+000  1.0000000e-003
  1.2379000e+004  1.1358000e+003 -1.0500000e+000  1.0000000e-003
  1.2399000e+004  1.1368000e+003 -1.0540000e+000  1.0000000e-003
  1.2419000e+004  1.1375000e+003 -1.0580000e+000  1.0000000e-003
  1.2439000e+004  1.1385000e+003 -1.0610000e+000  1.0000000e-003
  1.2459000e+004  1.1394000e+003 -1.0640000e+000  1.0000000e-003
  1.2479000e+004  1.1403000e+003 -1.0670000e+000  1.0000000e-003
  1.2499000e+004  1.1406000e+003 -1.0700000e+000  1.0000000e-003
  1.2519000e+004  1.1413000e+003 -1.0720000e+000  1.0000000e-003
  1.2539000e+004  1.1421000e+003 -1.0760000e+000  1.0000000e-003
  1.2559000e+004  1.1422000e+003 -1.0780000e+000  1.0000000e-003
  1.2579000e+004  1.1429000e+003 -1.0810000e+000  1.0000000e-003
  1.2599000e+004  1.1434000e+003 -1.0840000e+000  1.0000000e-003
  1.2619000e+004  1.1436000e+003 -1.0870000e+000  1.0000000e-003
  1.2639000e+004  1.1440000e+003 -1.0890000e+000  1.0000000e-003
  1.2659000e+004  1.1440000e+003 -1.0920000e+000  1.0000000e-003
  1.2679000e+004  1.1443000e+003 -1.0940000e+000  1.0000000e-003
  1.2699000e+004  1.1443000e+003 -1.0970000e+000  1.0000000e-003
  1.2719000e+004  1.1447000e+003 -1.0990000e+000  1.0000000e-003
  1.2739000e+004  1.1448000e+003 -1.1000000e+000  1.0000000e-003
  1.2759000e+004  1.1450000e+003 -1.1020000e+000  1.0000000e-003
  1.2779000e+004  1.1454000e+003 -1.1040000e+000  1.0000000e-003
  1.2799000e+004  1.1455000e+003 -1.1060000e+000  1.0000000e-003
  1.2829000e+004  1.1455000e+003 -1.1090000e+000  1.0000000e-003
  1.2849000e+004  1.1455000e+003 -1.1100000e+000  1.0000000e-003
  1.2869000e+004  1.1457000e+003 -1.1120000e+000  1.0000000e-003
  1.2889000e+004  1.1459000e+003 -1.1140000e+000  1.0000000e-003
  1.2909000e+004  1.1461000e+003 -1.1160000e+000  1.0000000e-003
  1.2929000e+004  1.1461000e+003 -1.1170000e+000  1.0000000e-003
  1.2949000e+004  1.1464000e+003 -1.1190000e+000  1.0000000e-003
  1.2969000e+004  1.1463000e+003 -1.1210000e+000  1.0000000e-003
  1.2989000e+004  1.1463000e+003 -1.1220000e+000  1.0000000e-003
  1.3009000e+004  1.1464000e+003 -1.1240000e+000  1.0000000e-003
  1.3029000e+004  1.1464000e+003 -1.1260000e+000  1.0000000e-003
  1.3049000e+004  1.1466000e+003 -1.1270000e+000  1.0000000e-003
  1.3069000e+004  1.1464000e+003 -1.1290000e+000  1.0000000e-003
  1.3089000e+004  1.1464000e+003 -1.1300000e+000  1.0000000e-003
  1.3109000e+004  1.1466000e+003 -1.1310000e+000  1.0000000e-003
  1.3129000e+004  1.1466000e+003 -1.1330000e+000  1.0000000e-003
  1.3149000e+004  1.1466000e+003 -1.1340000e+000  1.0000000e-003
  1.3169000e+004  1.1466000e+003 -1.1360000e+000  1.0000000e-003
  1.3189000e+004  1.1468000e+003 -1.1370000e+000  1.0000000e-003
  1.3210000e+004  1.1470000e+003 -1.1380000e+000  1.0000000e-003
  1.3230000e+004  1.1470000e+003 -1.1390000e+000  1.0000000e-003
  1.3250000e+004  1.1470000e+003 -1.1400000e+000  1.0000000e-003
  1.3270000e+004  1.1470000e+003 -1.1410000e+000  1.0000000e-003
  1.3290000e+004  1.1471000e+003 -1.1420000e+000  1.0000000e-003
  1.3310000e+004  1.1470000e+003 -1.1440000e+000  1.0000000e-003
  1.3330000e+004  1.1470000e+003 -1.1450000e+000  1.0000000e-003
  1.3350000e+004  1.1468000e+003 -1.1460000e+000  1.0000000e-003
  1.3370000e+004  1.1470000e+003 -1.1470000e+000  1.0000000e-003
  1.3390000e+004  1.1470000e+003 -1.1480000e+000  1.0000000e-003
  1.3410000e+004  1.1466000e+003 -1.1490000e+000  1.0000000e-003
  1.3430000e+004  1.1468000e+003 -1.1500000e+000  1.0000000e-003
  1.3450000e+004  1.1464000e+003 -1.1510000e+000  1.0000000e-003
  1.3470000e+004  1.1466000e+003 -1.1520000e+000  1.0000000e-003
  1.3490000e+004  1.1468000e+003 -1.1530000e+000  1.0000000e-003
  1.3510000e+004  1.1468000e+003 -1.1540000e+000  1.0000000e-003
  1.3530000e+004  1.1468000e+003 -1.1550000e+000  1.0000000e-003
  1.3550000e+004  1.1470000e+003 -1.1560000e+000  1.0000000e-003
  1.3570000e+004  1.1471000e+003 -1.1570000e+000  1.0000000e-003
  1.3590000e+004  1.1473000e+003 -1.1580000e+000  1.0000000e-003
  1.3610000e+004  1.1471000e+003 -1.1590000e+000  1.0000000e-003
  1.3630000e+004  1.1473000e+003 -1.1600000e+000  1.0000000e-003
  1.3650000e+004  1.1470000e+003 -1.1610000e+000  1.0000000e-003
  1.3670000e+004  1.1470000e+003 -1.1620000e+000  1.0000000e-003
  1.3690000e+004  1.1470000e+003 -1.1630000e+000  1.0000000e-003
  1.3710000e+004  1.1470000e+003 -1.1630000e+000  1.0000000e-003
  1.3730000e+004  1.1471000e+003 -1.1650000e+000  1.0000000e-003
  1.3750000e+004  1.1470000e+003 -1.1650000e+000  1.0000000e-003
  1.3770000e+004  1.1470000e+003 -1.1660000e+000  1.0000000e-003
  1.3790000e+004  1.1471000e+003 -1.1670000e+000  1.0000000e-003
  1.3810000e+004  1.1470000e+003 -1.1680000e+000  1.0000000e-003
  1.3830000e+004  1.1470000e+003 -1.1690000e+000  1.0000000e-003
  1.3850000e+004  1.1471000e+003 -1.1700000e+000  1.0000000e-003
  1.3870000e+004  1.1470000e+003 -1.1710000e+000  1.0000000e-003
  1.3891000e+004  1.1470000e+003 -1.1720000e+000  1.0000000e-003
  1.3911000e+004  1.1470000e+003 -1.1720000e+000  1.0000000e-003
  1.3931000e+004  1.1470000e+003 -1.1730000e+000  1.0000000e-003
  1.3951000e+004  1.1471000e+003 -1.1740000e+000  1.0000000e-003
  1.3971000e+004  1.1470000e+003 -1.1750000e+000  1.0000000e-003
  1.3991000e+004  1.1470000e+003 -1.1760000e+000  1.0000000e-003
  1.4011000e+004  1.1470000e+003 -1.1770000e+000  1.0000000e-003
  1.4061000e+004  1.1424000e+003 -1.1780000e+000  1.0000000e-003
  1.4081000e+004  1.1482000e+003 -1.1780000e+000  1.0000000e-003
  1.4101000e+004  1.1503000e+003 -1.1790000e+000  1.0000000e-003
  1.4121000e+004  1.1519000e+003 -1.1800000e+000  1.0000000e-003
  1.4141000e+004  1.1536000e+003 -1.1800000e+000  1.0000000e-003
  1.4161000e+004  1.1555000e+003 -1.1810000e+000  1.0000000e-003
  1.4181000e+004  1.1576000e+003 -1.1820000e+000  1.0000000e-003
  1.4201000e+004  1.1597000e+003 -1.1830000e+000  1.0000000e-003
  1.4221000e+004  1.1620000e+003 -1.1850000e+000  1.0000000e-003
  1.4241000e+004  1.1643000e+003 -1.1860000e+000  1.0000000e-003
  1.4261000e+004  1.1667000e+003 -1.1880000e+000  1.0000000e-003
  1.4281000e+004  1.1690000e+003 -1.1890000e+000  1.0000000e-003
  1.4301000e+004  1.1720000e+003 -1.1900000e+000  1.0000000e-003
  1.4321000e+004  1.1746000e+003 -1.1910000e+000  1.0000000e-003
  1.4341000e+004  1.1776000e+003 -1.1920000e+000  1.0000000e-003
  1.4361000e+004  1.1806000e+003 -1.1940000e+000  1.0000000e-003
  1.4381000e+004  1.1834000e+003 -1.1960000e+000  1.0000000e-003
  1.4401000e+004  1.1863000e+003 -1.1980000e+000  1.0000000e-003
  1.4421000e+004  1.1891000e+003 -1.2000000e+000  1.0000000e-003
  1.4441000e+004  1.1921000e+003 -1.2020000e+000  1.0000000e-003
  1.4461000e+004  1.1951000e+003 -1.2050000e+000  1.0000000e-003
  1.4481000e+004  1.1982000e+003 -1.2080000e+000  1.0000000e-003
  1.4502000e+004  1.2016000e+003 -1.2100000e+000  1.0000000e-003
  1.4522000e+004  1.2049000e+003 -1.2130000e+000  1.0000000e-003
  1.4542000e+004  1.2084000e+003 -1.2160000e+000  1.0000000e-003
  1.4562000e+004  1.2117000e+003 -1.2180000e+000  1.0000000e-003
  1.4582000e+004  1.2148000e+003 -1.2210000e+000  1.0000000e-003
  1.4602000e+004  1.2180000e+003 -1.2240000e+000  1.0000000e-003
  1.4622000e+004  1.2215000e+003 -1.2280000e+000  1.0000000e-003
  1.4642000e+004  1.2250000e+003 -1.2300000e+000  1.0000000e-003
  1.4662000e+004  1.2285000e+003 -1.2340000e+000  1.0000000e-003
  1.4682000e+004  1.2320000e+003 -1.2380000e+000  1.0000000e-003
  1.4702000e+004  1.2355000e+003 -1.2420000e+000  1.0000000e-003
  1.4722000e+004  1.2388000e+003 -1.2460000e+000  1.0000000e-003
  1.4742000e+004  1.2423000e+003 -1.2500000e+000  1.0000000e-003
  1.4762000e+004  1.2458000e+003 -1.2540000e+000  1.0000000e-003
  1.4782000e+004  1.2495000e+003 -1.2590000e+000  1.0000000e-003
  1.4802000e+004  1.2528000e+003 -1.2620000e+000  1.0000000e-003
  1.4822000e+004  1.2565000e+003 -1.2670000e+000  1.0000000e-003
  1.4842000e+004  1.2595000e+003 -1.2710000e+000  1.0000000e-003
  1.4862000e+004  1.2633000e+003 -1.2750000e+000  1.0000000e-003
  1.4882000e+004  1.2668000e+003 -1.2800000e+000  1.0000000e-003
  1.4902000e+004  1.2705000e+003 -1.2850000e+000  1.0000000e-003
  1.4922000e+004  1.2740000e+003 -1.2900000e+000  1.0000000e-003
  1.4942000e+004  1.2775000e+003 -1.2950000e+000  1.0000000e-003
  1.4967000e+004  1.2810000e+003 -1.3000000e+000  1.0000000e-003
  1.4987000e+004  1.2831000e+003 -1.3050000e+000  1.0000000e-003
  1.5027000e+004  1.2873000e+003 -1.3120000e+000  1.0000000e-003
  1.5047000e+004  1.2885000e+003 -1.3160000e+000  1.0000000e-003
  1.5067000e+004  1.2901000e+003 -1.3200000e+000  1.0000000e-003
  1.5087000e+004  1.2912000e+003 -1.3230000e+000  1.0000000e-003
  1.5107000e+004  1.2922000e+003 -1.3260000e+000  1.0000000e-003
  1.5127000e+004  1.2931000e+003 -1.3290000e+000  1.0000000e-003
  1.5147000e+004  1.2938000e+003 -1.3320000e+000  1.0000000e-003
  1.5167000e+004  1.2947000e+003 -1.3350000e+000  1.0000000e-003
  1.5187000e+004  1.2952000e+003 -1.3370000e+000  1.0000000e-003
  1.5207000e+004  1.2957000e+003 -1.3390000e+000  1.0000000e-003
  1.5227000e+004  1.2964000e+003 -1.3410000e+000  1.0000000e-003
  1.5247000e+004  1.2969000e+003 -1.3430000e+000  1.0000000e-003
  1.5267000e+004  1.2971000e+003 -1.3450000e+000  1.0000000e-003
  1.5287000e+004  1.2974000e+003 -1.3470000e+000  1.0000000e-003
  1.5307000e+004  1.2976000e+003 -1.3480000e+000  1.0000000e-003
  1.5327000e+004  1.2978000e+003 -1.3490000e+000  1.0000000e-003
  1.5347000e+004  1.2982000e+003 -1.3510000e+000  1.0000000e-003
  1.5367000e+004  1.2983000e+003 -1.3520000e+000  1.0000000e-003
  1.5387000e+004  1.2983000e+003 -1.3530000e+000  1.0000000e-003
  1.5407000e+004  1.2985000e+003 -1.3550000e+000  1.0000000e-003
  1.5427000e+004  1.2988000e+003 -1.3560000e+000  1.0000000e-003
  1.5447000e+004  1.2990000e+003 -1.3570000e+000  1.0000000e-003
  1.5487000e+004  1.2990000e+003 -1.3600000e+000  1.0000000e-003
  1.5507000e+004  1.2992000e+003 -1.3610000e+000  1.0000000e-003
  1.5527000e+004  1.2992000e+003 -1.3620000e+000  1.0000000e-003
  1.5547000e+004  1.2990000e+003 -1.3630000e+000  1.0000000e-003
  1.5568000e+004  1.2994000e+003 -1.3640000e+000  1.0000000e-003
  1.5588000e+004  1.2992000e+003 -1.3650000e+000  1.0000000e-003
  1.5608000e+004  1.2994000e+003 -1.3660000e+000  1.0000000e-003
  1.5628000e+004  1.2992000e+003 -1.3670000e+000  1.0000000e-003
  1.5648000e+004  1.2990000e+003 -1.3680000e+000  1.0000000e-003
  1.5668000e+004  1.2994000e+003 -1.3680000e+000  1.0000000e-003
  1.5688000e+004  1.2996000e+003 -1.3690000e+000  1.0000000e-003
  1.5708000e+004  1.2996000e+003 -1.3700000e+000  1.0000000e-003
  1.5728000e+004  1.2996000e+003 -1.3710000e+000  1.0000000e-003
  1.5748000e+004  1.2994000e+003 -1.3710000e+000  1.0000000e-003
  1.5768000e+004  1.2994000e+003 -1.3720000e+000  1.0000000e-003
  1.5788000e+004  1.2992000e+003 -1.3730000e+000  1.0000000e-003
  1.5808000e+004  1.2994000e+003 -1.3740000e+000  1.0000000e-003
  1.5828000e+004  1.2994000e+003 -1.3750000e+000  1.0000000e-003
  1.5848000e+004  1.2994000e+003 -1.3750000e+000  1.0000000e-003
  1.5868000e+004  1.2994000e+003 -1.3760000e+000  1.0000000e-003
  1.5888000e+004  1.2994000e+003 -1.3770000e+000  1.0000000e-003
  1.5908000e+004  1.2990000e+003 -1.3770000e+000  1.0000000e-003
  1.5928000e+004  1.2994000e+003 -1.3780000e+000  1.0000000e-003
  1.5948000e+004  1.2996000e+003 -1.3780000e+000  1.0000000e-003
  1.5968000e+004  1.2994000e+003 -1.3790000e+000  1.0000000e-003
  1.5988000e+004  1.2996000e+003 -1.3790000e+000  1.0000000e-003
  1.6008000e+004  1.2996000e+003 -1.3800000e+000  1.0000000e-003
  1.6028000e+004  1.2994000e+003 -1.3800000e+000  1.0000000e-003
  1.6048000e+004  1.2994000e+003 -1.3810000e+000  1.0000000e-003
  1.6068000e+004  1.2994000e+003 -1.3810000e+000  1.0000000e-003
  1.6088000e+004  1.2994000e+003 -1.3810000e+000  1.0000000e-003
  1.6108000e+004  1.2996000e+003 -1.3820000e+000  1.0000000e-003
  1.6128000e+004  1.2994000e+003 -1.3820000e+000  1.0000000e-003
  1.6148000e+004  1.2996000e+003 -1.3830000e+000  1.0000000e-003
  1.6168000e+004  1.2996000e+003 -1.3830000e+000  1.0000000e-003
  1.6188000e+004  1.2996000e+003 -1.3840000e+000  1.0000000e-003
  1.6208000e+004  1.2996000e+003 -1.3840000e+000  1.0000000e-003
  1.6228000e+004  1.2994000e+003 -1.3850000e+000  1.0000000e-003
  1.6248000e+004  1.2996000e+003 -1.3850000e+000  1.0000000e-003
  1.6268000e+004  1.2997000e+003 -1.3860000e+000  1.0000000e-003
  1.6288000e+004  1.2996000e+003 -1.3860000e+000  1.0000000e-003
  1.6308000e+004  1.2997000e+003 -1.3870000e+000  1.0000000e-003
  1.6328000e+004  1.2994000e+003 -1.3870000e+000  1.0000000e-003
  1.6348000e+004  1.2996000e+003 -1.3880000e+000  1.0000000e-003
  1.6368000e+004  1.2994000e+003 -1.3880000e+000  1.0000000e-003
  1.6388000e+004  1.2996000e+003 -1.3880000e+000  1.0000000e-003
  1.6409000e+004  1.2994000e+003 -1.3880000e+000  1.0000000e-003
  1.6429000e+004  1.2994000e+003 -1.3890000e+000  1.0000000e-003
  1.6449000e+004  1.2996000e+003 -1.3890000e+000  1.0000000e-003
  1.6469000e+004  1.2994000e+003 -1.3890000e+000  1.0000000e-003
  1.6489000e+004  1.2997000e+003 -1.3900000e+000  1.0000000e-003
  1.6509000e+004  1.2992000e+003 -1.3900000e+000  1.0000000e-003
  1.6529000e+004  1.2997000e+003 -1.3900000e+000  1.0000000e-003
  1.6549000e+004  1.2996000e+003 -1.3900000e+000  1.0000000e-003
  1.6569000e+004  1.2996000e+003 -1.3910000e+000  1.0000000e-003
  1.6589000e+004  1.2996000e+003 -1.3910000e+000  1.0000000e-003
  1.6609000e+004  1.2997000e+003 -1.3910000e+000  1.0000000e-003
  1.6629000e+004  1.2996000e+003 -1.3920000e+000  1.0000000e-003
  1.6649000e+004  1.2996000e+003 -1.3920000e+000  1.0000000e-003
  1.6669000e+004  1.2997000e+003 -1.3920000e+000  1.0000000e-003
