0	28.2	0	1E-3
20	28.2	0	1E-3
40	28.7	0	1E-3
60	28.4	0	1E-3
81	28.7	0	1E-3
101	28.9	0	1E-3
121	29.2	0	1E-3
141	29	0	1E-3
161	29.6	0	1E-3
181	29.6	0	1E-3
201	29.8	0	1E-3
221	29.4	0	1E-3
241	29.8	0	1E-3
261	30.1	0	1E-3
281	30.5	0	1E-3
301	30.1	0	1E-3
321	30.5	0	1E-3
341	30.6	0	1E-3
361	30.5	0	1E-3
381	31.1	0	1E-3
401	30.8	0	1E-3
421	31.3	0	1E-3
441	31.5	0	1E-3
461	31.5	0	1E-3
481	31.7	0	1E-3
501	32.2	0	1E-3
521	32.4	0	1E-3
541	32.7	0	1E-3
561	32.9	0	1E-3
581	32.7	0	1E-3
601	33.6	0	1E-3
621	33.8	0	1E-3
641	34.1	0	1E-3
661	34.5	0	1E-3
681	35	0	1E-3
701	35.2	0	1E-3
721	35.7	0	1E-3
741	36	0	1E-3
761	36.2	0	1E-3
781	36.8	0	1E-3
801	36.9	0	1E-3
821	37.5	0	1E-3
841	38	0	1E-3
861	38.2	0	1E-3
881	38.7	0	1E-3
901	39	0	1E-3
921	39.7	0	1E-3
941	40.1	-1E-3	1E-3
961	40.6	-1E-3	1E-3
981	41.3	-1E-3	1E-3
1001	41.8	-1E-3	1E-3
1021	42.3	-1E-3	1E-3
1041	42.9	-1E-3	1E-3
1061	43.2	-1E-3	1E-3
1081	43.8	-1E-3	1E-3
1101	44.3	-1E-3	1E-3
1121	44.6	-1E-3	1E-3
1141	45.5	-1E-3	1E-3
1161	46	-1E-3	1E-3
1181	46.4	-1E-3	1E-3
1201	47.1	-1E-3	1E-3
1221	47.6	-1E-3	1E-3
1241	48.3	-1E-3	1E-3
1261	48.6	-1E-3	1E-3
1281	49	-1E-3	1E-3
1301	49.9	-1E-3	1E-3
1321	50	-1E-3	1E-3
1341	50.9	-1E-3	1E-3
1361	51.5	-1E-3	1E-3
1381	52	-1E-3	1E-3
1401	52.5	-1E-3	1E-3
1421	53.4	-1E-3	1E-3
1441	53.9	-1E-3	1E-3
1461	54.4	-1E-3	1E-3
1481	55.1	-1E-3	1E-3
1501	56	-1E-3	1E-3
1521	56.7	-1E-3	1E-3
1541	57.2	-1E-3	1E-3
1561	58.1	-1E-3	1E-3
1581	58.6	-1E-3	1E-3
1601	59.3	-1E-3	1E-3
1621	60.4	-0.002	1E-3
1641	60.7	-0.002	1E-3
1661	61.6	-0.002	1E-3
1681	62.5	-0.002	1E-3
1701	63	-0.002	1E-3
1721	63.9	-0.002	1E-3
1741	64.4	-0.002	1E-3
1761	65.1	-0.002	1E-3
1781	66	-0.002	1E-3
1801	66.7	-0.002	1E-3
1821	67.2	-0.002	1E-3
1841	68.1	-0.002	1E-3
1861	68.8	-0.002	1E-3
1881	69.7	-0.002	1E-3
1901	70.3	-0.002	1E-3
1921	71	-0.002	1E-3
1941	72.1	-0.002	1E-3
1961	72.8	-0.002	1E-3
1981	73.3	-0.002	1E-3
2001	74.4	-0.002	1E-3
2021	75.1	-0.002	1E-3
2041	75.8	-0.002	1E-3
2061	76.5	-0.002	1E-3
2081	77.5	-0.002	1E-3
2101	78.2	-0.002	1E-3
2121	79.3	-0.002	1E-3
2141	80	-0.002	1E-3
2161	80.5	-0.002	1E-3
2181	81.4	-0.002	1E-3
2201	82.4	-0.002	1E-3
2221	83.1	-0.003	1E-3
2241	84.2	-0.003	1E-3
2261	84.9	-0.003	1E-3
2281	85.4	-0.003	1E-3
2301	86.3	-0.003	1E-3
2321	87.2	-0.003	1E-3
2341	88	-0.003	1E-3
2361	88.9	-0.003	1E-3
2381	89.9	-0.003	1E-3
2401	90.8	-0.003	1E-3
2421	91.7	-0.003	1E-3
2441	92.6	-0.003	1E-3
2461	93.8	-0.003	1E-3
2481	94.7	-0.003	1E-3
2501	95.4	-0.003	1E-3
2521	96.4	-0.003	1E-3
2541	97.3	-0.003	1E-3
2561	98.2	-0.003	1E-3
2581	99.6	-0.003	1E-3
2601	100.4	-0.003	1E-3
2621	101.2	-0.003	1E-3
2641	102.2	-0.003	1E-3
2661	103.3	-0.003	1E-3
2681	104.3	-0.003	1E-3
2701	105.2	-0.003	1E-3
2721	105.9	-0.003	1E-3
2741	107.1	-0.003	1E-3
2761	108	-0.003	1E-3
2781	109.2	-0.003	1E-3
2801	110.1	-0.003	1E-3
2821	110.9	-0.003	1E-3
2841	111.8	-0.003	1E-3
2861	113	-0.003	1E-3
2881	114.3	-0.003	1E-3
2901	114.8	-0.003	1E-3
2921	115.7	-0.003	1E-3
2941	116.7	-0.003	1E-3
2961	117.6	-0.003	1E-3
2981	118.8	-0.003	1E-3
3001	119.7	-0.003	1E-3
3021	120.8	-0.003	1E-3
3041	121.8	-0.003	1E-3
3061	122.8	-0.003	1E-3
3081	123.7	-0.003	1E-3
3101	125.1	-0.003	1E-3
3121	125.8	-0.003	1E-3
3141	126.9	-0.003	1E-3
3161	127.9	-0.003	1E-3
3181	129	-0.003	1E-3
3201	130.2	-0.003	1E-3
3221	131.1	-0.003	1E-3
3241	132.5	-0.003	1E-3
3261	133.5	-0.003	1E-3
3281	134.2	-0.003	1E-3
3301	135.6	-0.003	1E-3
3321	136.5	-0.003	1E-3
3341	137.6	-0.003	1E-3
3361	138.8	-0.003	1E-3
3381	140	-0.003	1E-3
3401	141.2	-0.003	1E-3
3421	142.3	-0.003	1E-3
3441	143.5	-0.003	1E-3
3461	144.2	-0.003	1E-3
3481	145.3	-0.003	1E-3
3501	146.3	-0.003	1E-3
3521	147.5	-0.003	1E-3
3541	148.4	-0.003	1E-3
3561	149.6	-0.003	1E-3
3581	150.7	-0.003	1E-3
3601	151.9	-0.003	1E-3
3621	152.9	-0.003	1E-3
3641	154	-0.003	1E-3
3661	155.2	-0.003	1E-3
3681	155.9	-0.003	1E-3
3701	157.3	-0.003	1E-3
3721	158.4	-0.003	1E-3
3741	159.6	-0.003	1E-3
3761	160.5	-0.003	1E-3
3781	161.7	-0.003	1E-3
3801	162.8	-0.003	1E-3
3821	164	-0.003	1E-3
3841	164.9	-0.003	1E-3
3861	165.9	-0.003	1E-3
3881	167.5	-0.003	1E-3
3901	168.3	-0.003	1E-3
3921	169.6	-0.003	1E-3
3941	170.6	-0.003	1E-3
3961	171.5	-0.003	1E-3
3981	172.6	-0.003	1E-3
4001	173.9	-0.003	1E-3
4021	174.8	-0.003	1E-3
4041	175.9	-0.003	1E-3
4061	176.9	-0.003	1E-3
4081	178	-0.003	1E-3
4101	179.2	-0.003	1E-3
4121	180.4	-0.003	1E-3
4141	181.5	-0.003	1E-3
4161	182.5	-0.003	1E-3
4181	183.9	-0.003	1E-3
4201	184.8	-0.003	1E-3
4221	186.2	-0.003	1E-3
4241	187.3	-0.003	1E-3
4261	188.5	-0.003	1E-3
4281	189.7	-0.003	1E-3
4301	190.6	-0.003	1E-3
4321	192	-0.003	1E-3
4341	193	-0.003	1E-3
4361	194.3	-0.003	1E-3
4381	195.3	-0.003	1E-3
4401	196.5	-0.003	1E-3
4421	197.8	-0.003	1E-3
4441	198.6	-0.003	1E-3
4461	199.9	-0.003	1E-3
4481	201.1	-0.003	1E-3
4501	202.3	-0.003	1E-3
4521	203.5	-0.003	1E-3
4541	204.6	-0.003	1E-3
4561	205.6	-0.003	1E-3
4581	206.5	-0.003	1E-3
4601	207.9	-0.003	1E-3
4621	208.8	-0.003	1E-3
4641	210	-0.002	1E-3
4661	211.1	-0.002	1E-3
4681	211.9	-0.002	1E-3
4701	213.2	-0.002	1E-3
4721	214.6	-0.002	1E-3
4741	215.3	-0.002	1E-3
4761	216.7	-0.002	1E-3
4781	217.5	-0.002	1E-3
4801	218.8	-0.002	1E-3
4821	220	-0.002	1E-3
4841	221.2	-0.002	1E-3
4861	222.3	-0.002	1E-3
4881	223.1	-0.002	1E-3
4901	224.9	-0.002	1E-3
4922	225.6	-0.002	1E-3
4946	227.1	-0.002	1E-3
4966	228	-0.002	1E-3
4986	229.3	-0.002	1E-3
5006	230.1	-0.002	1E-3
5026	231.7	-0.002	1E-3
5046	232.6	-0.002	1E-3
5066	233.8	-1E-3	1E-3
5086	235	-1E-3	1E-3
5106	236.1	-1E-3	1E-3
5126	237.3	-1E-3	1E-3
5146	238.2	-1E-3	1E-3
5166	239.2	-1E-3	1E-3
5186	240.6	-1E-3	1E-3
5206	242	-1E-3	1E-3
5226	242.9	-1E-3	1E-3
5247	244.3	-1E-3	1E-3
5267	245.7	-1E-3	1E-3
5291	247.1	-1E-3	1E-3
5312	248.3	-1E-3	1E-3
5337	249.9	-1E-3	1E-3
5361	251.1	-1E-3	1E-3
5381	252.5	-1E-3	1E-3
5401	253.6	-1E-3	1E-3
5421	254.6	0	1E-3
5441	255.7	0	1E-3
5461	256.9	0	1E-3
5482	257.9	0	1E-3
5506	259.3	0	1E-3
5526	260.6	0	1E-3
5546	261.6	0	1E-3
5566	263	0	1E-3
5586	264.3	0	1E-3
5606	265.5	0	1E-3
5626	266.7	0	1E-3
5646	267.8	0	1E-3
5666	269.1	0	1E-3
5686	270.2	0	1E-3
5706	271.4	0	1E-3
5726	272.5	0	1E-3
5746	273.9	0	1E-3
5766	274.9	0	1E-3
5786	276.1	0	1E-3
5806	277.2	0	1E-3
5826	278.6	1E-3	1E-3
5846	279.6	1E-3	1E-3
5866	280.9	1E-3	1E-3
5886	281.8	1E-3	1E-3
5906	283	1E-3	1E-3
5926	284	1E-3	1E-3
5946	285.2	1E-3	1E-3
5966	286.3	1E-3	1E-3
5986	287.4	1E-3	1E-3
6006	288.6	1E-3	1E-3
6026	289.8	1E-3	1E-3
6046	291	1E-3	1E-3
6066	292.1	1E-3	1E-3
6086	293.5	1E-3	1E-3
6106	294.5	1E-3	1E-3
6126	295.8	1E-3	1E-3
6146	296.8	0.002	1E-3
6166	298	0.002	1E-3
6186	299.1	0.002	1E-3
6206	300.3	0.002	1E-3
6226	301.3	0.002	1E-3
6246	302.8	0.002	1E-3
6266	304	0.002	1E-3
6286	305	0.002	1E-3
6307	306.4	0.002	1E-3
6332	307.6	0.002	1E-3
6352	308.7	0.002	1E-3
6376	310.1	0.002	1E-3
6396	311.3	0.002	1E-3
6416	312.6	0.002	1E-3
6436	313.6	0.002	1E-3
6456	315	0.002	1E-3
6476	316.2	0.002	1E-3
6496	317.5	0.002	1E-3
6516	318.7	0.002	1E-3
6536	319.6	0.003	1E-3
6556	321.1	0.003	1E-3
6576	322.2	0.003	1E-3
6596	323.4	0.003	1E-3
6616	324.8	0.003	1E-3
6636	325.9	0.003	1E-3
6656	327.1	0.003	1E-3
6676	328.3	0.003	1E-3
6696	329.4	0.003	1E-3
6716	330.8	0.003	1E-3
6736	332	0.003	1E-3
6756	333	0.003	1E-3
6776	333.9	0.003	1E-3
6796	335.1	0.003	1E-3
6816	336.5	0.003	1E-3
6836	337.7	0.003	1E-3
6856	338.8	0.003	1E-3
6876	340	0.004	1E-3
6896	341.3	0.004	1E-3
6916	342.5	0.004	1E-3
6936	343.5	0.004	1E-3
6956	344.8	0.004	1E-3
6976	346.2	0.004	1E-3
6996	347.6	0.004	1E-3
7016	348.8	0.004	1E-3
7036	350.2	0.004	1E-3
7056	351.4	0.004	1E-3
7076	352.3	0.004	1E-3
7096	353.7	0.004	1E-3
7116	354.6	0.004	1E-3
7136	355.6	0.005	1E-3
7156	356.8	0.005	1E-3
7176	358	0.005	1E-3
7196	359.3	0.005	1E-3
7216	360.5	0.005	1E-3
7236	361.7	0.005	1E-3
7256	362.8	0.005	1E-3
7276	363.6	0.005	1E-3
7296	364.9	0.005	1E-3
7316	366.3	0.005	1E-3
7336	367.5	0.005	1E-3
7356	368.7	0.005	1E-3
7376	369.9	0.005	1E-3
7396	371.2	0.005	1E-3
7416	372.6	0.005	1E-3
7436	373.8	0.005	1E-3
7457	374.7	0.006	1E-3
7482	376.1	0.006	1E-3
7506	377.5	0.006	1E-3
7526	378.5	0.006	1E-3
7546	379.6	0.006	1E-3
7566	381	0.006	1E-3
7586	382.2	0.006	1E-3
7606	383.3	0.006	1E-3
7626	384.5	0.006	1E-3
7646	385.7	0.006	1E-3
7666	386.8	0.006	1E-3
7686	388	0.006	1E-3
7706	389.2	0.006	1E-3
7726	390.2	0.006	1E-3
7746	391.8	0.006	1E-3
7766	392.7	0.006	1E-3
7786	393.9	0.007	1E-3
7806	395	0.007	1E-3
7826	396.4	0.007	1E-3
7846	397.4	0.007	1E-3
7866	398.7	0.007	1E-3
7886	399.9	0.007	1E-3
7906	401.3	0.007	1E-3
7926	402.3	0.007	1E-3
7946	403.2	0.007	1E-3
7966	404.3	0.007	1E-3
7986	405.6	0.007	1E-3
8006	406.7	0.007	1E-3
8026	408.1	0.007	1E-3
8046	409.1	0.007	1E-3
8066	410	0.007	1E-3
8086	411.4	0.007	1E-3
8106	412.6	0.007	1E-3
8126	413.9	0.008	1E-3
8146	415.1	0.008	1E-3
8166	416.5	0.008	1E-3
8186	417.7	0.008	1E-3
8206	418.8	0.008	1E-3
8226	419.8	0.008	1E-3
8246	421	0.008	1E-3
8266	422.1	0.008	1E-3
8286	423.3	0.008	1E-3
8307	424.6	0.008	1E-3
8331	426.1	0.008	1E-3
8351	427.4	0.008	1E-3
8371	428.6	0.008	1E-3
8391	429.5	0.008	1E-3
8412	430.3	0.008	1E-3
8432	431.7	0.008	1E-3
8452	433	0.008	1E-3
8472	434	0.009	1E-3
8492	435.4	0.009	1E-3
8512	436.8	0.009	1E-3
8532	437.9	0.009	1E-3
8552	439.1	0.009	1E-3
8572	440.5	0.009	1E-3
8592	441.2	0.009	1E-3
8612	442.4	0.009	1E-3
8632	443.8	0.009	1E-3
8652	444.7	0.009	1E-3
8672	445.9	0.009	1E-3
8692	447.1	0.009	1E-3
8712	448.4	0.009	1E-3
8732	449.4	0.009	1E-3
8752	450.5	0.009	1E-3
8772	451.8	0.009	1E-3
8792	453.1	0.009	1E-3
8812	454.1	0.009	1E-3
8832	455.2	0.009	1E-3
8852	456.2	0.009	1E-3
8872	457.3	0.009	1E-3
8892	458.7	0.01	1E-3
8912	459.7	0.01	1E-3
8932	460.9	0.01	1E-3
8952	462	0.01	1E-3
8972	463.2	0.01	1E-3
8992	464.1	0.01	1E-3
9012	465.5	0.01	1E-3
9032	466.4	0.01	1E-3
9052	467.6	0.01	1E-3
9072	469	0.01	1E-3
9092	470.1	0.01	1E-3
9112	471.1	0.01	1E-3
9132	472.3	0.01	1E-3
9152	473.2	0.01	1E-3
9172	474.3	0.01	1E-3
9192	475.3	0.01	1E-3
9212	476.3	0.01	1E-3
9232	477.6	0.01	1E-3
9252	478.8	0.01	1E-3
9272	479.7	0.01	1E-3
9292	480.7	0.011	1E-3
9312	482	0.011	1E-3
9332	483.2	0.011	1E-3
9352	484.4	0.011	1E-3
9372	485.4	0.011	1E-3
9392	486.7	0.011	1E-3
9412	487.6	0.011	1E-3
9432	489.1	0.011	1E-3
9452	490.2	0.011	1E-3
9472	491.2	0.011	1E-3
9492	492.1	0.011	1E-3
9512	493.5	0.011	1E-3
9532	494.6	0.011	1E-3
9552	495.8	0.011	1E-3
9572	497	0.011	1E-3
9592	497.7	0.011	1E-3
9612	499.1	0.011	1E-3
9632	500.2	0.011	1E-3
9652	501.2	0.011	1E-3
9672	501.9	0.011	1E-3
9692	503	0.011	1E-3
9712	504	0.011	1E-3
9732	505.4	0.011	1E-3
9752	506.1	0.011	1E-3
9772	507.5	0.011	1E-3
9792	508.9	0.011	1E-3
9812	509.8	0.011	1E-3
9832	511.2	0.012	1E-3
9852	512	0.012	1E-3
9872	513.3	0.012	1E-3
9892	514.3	0.012	1E-3
9912	515.5	0.012	1E-3
9932	516.3	0.012	1E-3
9952	517.7	0.012	1E-3
9972	518.7	0.012	1E-3
9992	519.8	0.012	1E-3
10012	520.6	0.012	1E-3
10032	521.7	0.012	1E-3
10052	523.1	0.012	1E-3
10072	524	0.012	1E-3
10092	525.2	0.012	1E-3
10112	526	0.012	1E-3
10132	527.3	0.012	1E-3
10152	528.3	0.012	1E-3
10172	529.2	0.012	1E-3
10192	530.6	0.012	1E-3
10212	531.5	0.012	1E-3
10232	532.7	0.012	1E-3
10252	533.9	0.012	1E-3
10272	534.8	0.012	1E-3
10292	536	0.012	1E-3
10312	537.3	0.012	1E-3
10332	538.1	0.013	1E-3
10352	539.3	0.013	1E-3
10372	540.2	0.013	1E-3
10392	541.6	0.013	1E-3
10412	542.9	0.013	1E-3
10432	543.9	0.013	1E-3
10452	544.8	0.013	1E-3
10472	545.8	0.013	1E-3
10492	546.7	0.013	1E-3
10512	547.9	0.013	1E-3
10532	549	0.013	1E-3
10552	550.4	0.013	1E-3
10572	551.3	0.013	1E-3
10592	552.3	0.013	1E-3
10612	553.5	0.013	1E-3
10632	554.6	0.013	1E-3
10652	555.6	0.013	1E-3
10672	556.8	0.013	1E-3
10692	558.1	0.013	1E-3
10712	559	0.013	1E-3
10732	560	0.013	1E-3
10752	561	0.013	1E-3
10772	562.3	0.013	1E-3
10792	563.1	0.013	1E-3
10812	564.4	0.013	1E-3
10832	565.6	0.014	1E-3
10852	566.7	0.014	1E-3
10872	567.3	0.014	1E-3
10892	568.4	0.014	1E-3
10912	569.6	0.014	1E-3
10932	570.5	0.014	1E-3
10952	571.5	0.014	1E-3
10972	572.8	0.014	1E-3
10992	573.8	0.014	1E-3
11012	575.1	0.014	1E-3
11032	575.9	0.014	1E-3
11052	577	0.014	1E-3
11072	578.2	0.014	1E-3
11092	579.1	0.014	1E-3
11112	580.3	0.014	1E-3
11132	581.2	0.014	1E-3
11152	582.6	0.014	1E-3
11172	583.5	0.014	1E-3
11192	584.7	0.014	1E-3
11212	585.7	0.014	1E-3
11232	587	0.014	1E-3
11252	588	0.014	1E-3
11272	588.9	0.014	1E-3
11292	589.9	0.014	1E-3
11312	591	0.014	1E-3
11332	592	0.015	1E-3
11352	592.9	0.015	1E-3
11372	594	0.015	1E-3
11392	594.8	0.015	1E-3
11412	595.9	0.015	1E-3
11432	597.3	0.015	1E-3
11452	598.2	0.015	1E-3
11472	599.2	0.015	1E-3
11492	600.3	0.015	1E-3
11512	601.3	0.015	1E-3
11532	602.3	0.015	1E-3
11552	603.4	0.015	1E-3
11572	604.6	0.015	1E-3
11592	605.7	0.015	1E-3
11612	606.5	0.015	1E-3
11632	607.8	0.015	1E-3
11652	609	0.015	1E-3
11672	610	0.015	1E-3
11692	610.9	0.015	1E-3
11712	612	0.015	1E-3
11732	613.4	0.015	1E-3
11752	614.1	0.015	1E-3
11772	615.1	0.015	1E-3
11792	616.5	0.015	1E-3
11812	617.4	0.015	1E-3
11832	618.5	0.015	1E-3
11852	619.3	0.015	1E-3
11872	620.4	0.016	1E-3
11892	621.6	0.016	1E-3
11912	622.7	0.016	1E-3
11932	623.5	0.016	1E-3
11952	624.8	0.016	1E-3
11972	625.6	0.016	1E-3
11992	626.8	0.016	1E-3
12012	627.7	0.016	1E-3
12032	628.8	0.016	1E-3
12052	630	0.016	1E-3
12072	630.9	0.016	1E-3
12092	632.3	0.016	1E-3
12112	633.2	0.016	1E-3
12132	634.4	0.016	1E-3
12152	635.1	0.016	1E-3
12172	636.3	0.016	1E-3
12192	637.3	0.016	1E-3
12212	638.2	0.016	1E-3
12232	639.3	0.016	1E-3
12252	640.5	0.016	1E-3
12272	641.7	0.016	1E-3
12292	642.6	0.016	1E-3
12312	643.7	0.016	1E-3
12332	644.7	0.016	1E-3
12352	645.6	0.016	1E-3
12372	646.6	0.016	1E-3
12392	648	0.016	1E-3
12412	648.9	0.016	1E-3
12432	650.1	0.016	1E-3
12452	651.2	0.016	1E-3
12472	652.2	0.016	1E-3
12492	653.5	0.016	1E-3
12512	654.3	0.016	1E-3
12532	655.7	0.017	1E-3
12552	656.6	0.017	1E-3
12572	657.7	0.017	1E-3
12592	658.5	0.017	1E-3
12612	659.6	0.017	1E-3
12632	660.5	0.017	1E-3
12652	661.7	0.017	1E-3
12672	662.5	0.017	1E-3
12692	663.6	0.017	1E-3
12712	664.5	0.017	1E-3
12732	665.3	0.017	1E-3
12752	666.6	0.017	1E-3
12772	667.6	0.017	1E-3
12792	668.7	0.017	1E-3
12812	669.5	0.017	1E-3
12832	670.8	0.017	1E-3
12852	672	0.017	1E-3
12872	673	0.017	1E-3
12892	673.9	0.017	1E-3
12912	675	0.017	1E-3
12932	676.2	0.017	1E-3
12952	676.7	0.017	1E-3
12972	678.1	0.017	1E-3
12992	679.3	0.017	1E-3
13012	680	0.017	1E-3
13032	681.4	0.017	1E-3
13052	682.1	0.017	1E-3
13072	683.4	0.017	1E-3
13092	684.4	0.017	1E-3
13112	685.5	0.017	1E-3
13132	686.5	0.017	1E-3
13152	687.6	0.017	1E-3
13172	688.6	0.017	1E-3
13192	689.7	0.017	1E-3
13212	690.5	0.017	1E-3
13232	691.3	0.017	1E-3
13252	692.3	0.017	1E-3
13272	693.3	0.017	1E-3
13292	694	0.017	1E-3
13312	695.3	0.017	1E-3
13332	696.3	0.017	1E-3
13352	697.6	0.017	1E-3
13372	698.6	0.017	1E-3
13392	699.7	0.017	1E-3
13412	700.7	0.017	1E-3
13432	701.8	0.017	1E-3
13452	702.8	0.017	1E-3
13472	703.7	0.017	1E-3
13492	704.5	0.017	1E-3
13512	705.4	0.017	1E-3
13532	706.7	0.017	1E-3
13552	707.7	0.017	1E-3
13572	708.6	0.017	1E-3
13592	710	0.017	1E-3
13612	710.7	0.017	1E-3
13632	711.7	0.017	1E-3
13652	713	0.017	1E-3
13672	713.8	0.017	1E-3
13692	714.9	0.017	1E-3
13712	715.9	0.017	1E-3
13732	717	0.017	1E-3
13752	717.8	0.017	1E-3
13772	719.1	0.017	1E-3
13792	720	0.017	1E-3
13812	721	0.017	1E-3
13832	722	0.017	1E-3
13852	723.1	0.017	1E-3
13872	724.2	0.017	1E-3
13892	725.2	0.017	1E-3
13912	726.3	0.017	1E-3
13932	727	0.017	1E-3
13952	728.2	0.017	1E-3
13972	729.4	0.017	1E-3
13992	730.3	0.017	1E-3
14012	731.3	0.017	1E-3
14032	732	0.017	1E-3
14052	733.1	0.017	1E-3
14072	734.5	0.017	1E-3
14092	735.3	0.017	1E-3
14112	736.4	0.017	1E-3
14132	736.9	0.017	1E-3
14152	738.2	0.017	1E-3
14172	739.4	0.017	1E-3
14192	740.2	0.017	1E-3
14212	741.1	0.017	1E-3
14232	742.7	0.017	1E-3
14252	743.2	0.017	1E-3
14272	744.6	0.017	1E-3
14292	745.3	0.017	1E-3
14312	746.5	0.017	1E-3
14332	747.4	0.017	1E-3
14352	748.5	0.017	1E-3
14372	749.7	0.017	1E-3
14392	750.6	0.017	1E-3
14412	751.8	0.017	1E-3
14432	752.7	0.017	1E-3
14452	753.7	0.017	1E-3
14472	754.6	0.017	1E-3
14492	755.5	0.017	1E-3
14512	756.7	0.017	1E-3
14532	757.8	0.017	1E-3
14552	758.6	0.017	1E-3
14572	759.7	0.017	1E-3
14592	760.9	0.017	1E-3
14612	761.8	0.017	1E-3
14632	762.7	0.017	1E-3
14652	763.9	0.017	1E-3
14672	764.9	0.017	1E-3
14692	766	0.017	1E-3
14712	766.8	0.017	1E-3
14732	768.1	0.017	1E-3
14752	768.9	0.017	1E-3
14772	770.2	0.017	1E-3
14792	771.2	0.017	1E-3
14812	772.1	0.017	1E-3
14832	773	0.017	1E-3
14852	774	0.017	1E-3
14872	774.9	0.017	1E-3
14892	776	0.017	1E-3
14912	776.8	0.017	1E-3
14932	777.9	0.017	1E-3
14952	778.9	0.017	1E-3
14972	779.6	0.017	1E-3
14992	780.5	0.017	1E-3
15012	781.5	0.017	1E-3
15032	782.6	0.017	1E-3
15052	783.6	0.017	1E-3
15072	784.5	0.017	1E-3
15092	785.8	0.017	1E-3
15112	787	0.017	1E-3
15132	787.7	0.017	1E-3
15152	788.7	0.017	1E-3
15172	789.8	0.017	1E-3
15192	790.6	0.017	1E-3
15212	791.9	0.017	1E-3
15232	792.9	0.017	1E-3
15252	794	0.017	1E-3
15272	795	0.016	1E-3
15292	796.1	0.016	1E-3
15312	797.1	0.016	1E-3
15332	797.8	0.016	1E-3
15352	799	0.016	1E-3
15372	799.8	0.016	1E-3
15392	801	0.016	1E-3
15412	801.9	0.016	1E-3
15432	802.9	0.016	1E-3
15452	804	0.016	1E-3
15472	805	0.016	1E-3
15492	806.1	0.016	1E-3
15513	806.9	0.016	1E-3
15537	808.2	0.016	1E-3
15557	809	0.016	1E-3
15577	810.1	0.016	1E-3
15597	811	0.016	1E-3
15617	812.2	0.016	1E-3
15637	813.2	0.016	1E-3
15657	814.1	0.016	1E-3
15677	815.3	0.016	1E-3
15697	816.2	0.016	1E-3
15717	817.3	0.016	1E-3
15737	818.5	0.016	1E-3
15757	819	0.015	1E-3
15777	820.2	0.015	1E-3
15797	820.9	0.015	1E-3
15817	822.1	0.015	1E-3
15837	823	0.015	1E-3
15857	824.1	0.015	1E-3
15877	825	0.015	1E-3
15897	826	0.015	1E-3
15917	827	0.015	1E-3
15937	828.1	0.015	1E-3
15957	829.2	0.015	1E-3
15977	830	0.015	1E-3
15997	831.1	0.015	1E-3
16017	832.3	0.015	1E-3
16037	833.2	0.015	1E-3
16057	834	0.014	1E-3
16077	835.1	0.014	1E-3
16097	836	0.014	1E-3
16117	837	0.014	1E-3
16137	838.1	0.014	1E-3
16157	839.1	0.014	1E-3
16177	840.2	0.014	1E-3
16197	841	0.014	1E-3
16217	842.1	0.014	1E-3
16237	843.1	0.013	1E-3
16257	843.9	0.013	1E-3
16277	845.1	0.013	1E-3
16297	845.9	0.013	1E-3
16317	847.3	0.013	1E-3
16337	848.2	0.013	1E-3
16357	848.8	0.013	1E-3
16377	850	0.013	1E-3
16397	851	0.013	1E-3
16417	852.1	0.013	1E-3
16437	853.1	0.013	1E-3
16457	854.2	0.012	1E-3
16477	855.2	0.012	1E-3
16497	856.1	0.012	1E-3
16517	857.3	0.012	1E-3
16537	858	0.012	1E-3
16557	859.1	0.012	1E-3
16577	860	0.012	1E-3
16597	861.2	0.012	1E-3
16617	862	0.011	1E-3
16637	863.5	0.011	1E-3
16657	864.3	0.011	1E-3
16677	865.4	0.011	1E-3
16697	866.1	0.011	1E-3
16717	867.3	0.011	1E-3
16737	868.3	0.011	1E-3
16757	869.4	0.011	1E-3
16777	870.1	0.01	1E-3
16797	871.5	0.01	1E-3
16817	872.5	0.01	1E-3
16837	873.4	0.01	1E-3
16857	874.5	0.01	1E-3
16877	875.4	0.01	1E-3
16897	876.6	0.009	1E-3
16917	877.8	0.009	1E-3
16937	878.7	0.009	1E-3
16957	879.5	0.009	1E-3
16977	880.8	0.009	1E-3
16997	881.7	0.008	1E-3
17017	882.7	0.008	1E-3
17037	883.8	0.008	1E-3
17057	884.6	0.008	1E-3
17077	885.5	0.008	1E-3
17097	886.7	0.007	1E-3
17117	887.8	0.007	1E-3
17137	888.6	0.007	1E-3
17157	889.7	0.006	1E-3
17177	890.6	0.006	1E-3
17197	891.6	0.006	1E-3
17217	892.7	0.005	1E-3
17237	893.4	0.005	1E-3
17257	894.6	0.004	1E-3
17277	895.3	0.004	1E-3
17297	896.9	0.004	1E-3
17317	897.4	0.003	1E-3
17337	898.5	0.003	1E-3
17357	899.2	0.002	1E-3
17377	900.5	0.002	1E-3
17397	901.4	0.002	1E-3
17417	902.3	1E-3	1E-3
17438	903.4	1E-3	1E-3
17463	904.8	1E-3	1E-3
17487	906.1	0	1E-3
17507	907	-1E-3	1E-3
17527	907.9	-1E-3	1E-3
17547	909	-1E-3	1E-3
17567	910.2	-0.002	1E-3
17587	911.1	-0.002	1E-3
17607	912.1	-0.003	1E-3
17627	913.1	-0.003	1E-3
17647	914.2	-0.004	1E-3
17667	915.1	-0.005	1E-3
17687	916.1	-0.005	1E-3
17707	917.2	-0.006	1E-3
17727	917.9	-0.006	1E-3
17747	918.7	-0.007	1E-3
17767	919.8	-0.007	1E-3
17787	920.8	-0.008	1E-3
17807	921.9	-0.009	1E-3
17827	923.3	-0.009	1E-3
17847	924	-0.01	1E-3
17867	925.2	-0.01	1E-3
17887	926.3	-0.011	1E-3
17907	927.3	-0.011	1E-3
17927	928.2	-0.012	1E-3
17947	929.4	-0.013	1E-3
17967	930.3	-0.014	1E-3
17987	931.5	-0.015	1E-3
18007	932.6	-0.016	1E-3
18027	933.3	-0.016	1E-3
18047	934.2	-0.017	1E-3
18067	935.2	-0.018	1E-3
18087	936.1	-0.018	1E-3
18107	937.1	-0.019	1E-3
18127	938.2	-0.02	1E-3
18147	939.2	-0.02	1E-3
18167	939.8	-0.021	1E-3
18187	941.2	-0.022	1E-3
18207	942	-0.023	1E-3
18227	942.9	-0.024	1E-3
18247	943.8	-0.025	1E-3
18267	945.3	-0.026	1E-3
18287	946.2	-0.027	1E-3
18307	947.1	-0.028	1E-3
18327	948.3	-0.029	1E-3
18347	949.4	-0.03	1E-3
18367	950.3	-0.03	1E-3
18387	951.3	-0.031	1E-3
18407	952.3	-0.032	1E-3
18427	953.4	-0.033	1E-3
18447	954.5	-0.035	1E-3
18467	955.3	-0.036	1E-3
18487	956.7	-0.037	1E-3
18508	957.8	-0.038	1E-3
18528	958.8	-0.039	1E-3
18548	959.5	-0.04	1E-3
18568	960.6	-0.042	1E-3
18588	961.4	-0.043	1E-3
18608	962.5	-0.044	1E-3
18628	963.5	-0.045	1E-3
18648	964.3	-0.047	1E-3
18668	965.5	-0.048	1E-3
18688	966.2	-0.049	1E-3
18708	967.4	-0.05	1E-3
18728	968.3	-0.052	1E-3
18748	969.1	-0.053	1E-3
18768	970.4	-0.055	1E-3
18788	971.6	-0.056	1E-3
18808	972.5	-0.058	1E-3
18828	973.3	-0.059	1E-3
18848	974.4	-0.06	1E-3
18868	975.4	-0.061	1E-3
18888	976.5	-0.063	1E-3
18908	977.5	-0.064	1E-3
18928	978.6	-0.066	1E-3
18948	979.8	-0.067	1E-3
18968	980.5	-0.069	1E-3
18988	981.4	-0.07	1E-3
19008	982.5	-0.071	1E-3
19028	983.5	-0.073	1E-3
19048	984.5	-0.074	1E-3
19068	985.6	-0.076	1E-3
19088	986.8	-0.078	1E-3
19108	987.7	-0.08	1E-3
19128	988.8	-0.081	1E-3
19148	989.8	-0.083	1E-3
19168	990.7	-0.085	1E-3
19188	991.9	-0.087	1E-3
19208	992.8	-0.089	1E-3
19228	993.5	-0.09	1E-3
19248	994.9	-0.092	1E-3
19268	995.8	-0.094	1E-3
19288	996.8	-0.096	1E-3
19308	998	-0.098	1E-3
19328	999.1	-0.1	1E-3
19348	999.9	-0.101	1E-3
19368	1001.2	-0.103	1E-3
19388	1002	-0.105	1E-3
19408	1002.9	-0.108	1E-3
19428	1004	-0.109	1E-3
19448	1005.2	-0.111	1E-3
19468	1006.1	-0.113	1E-3
19488	1007	-0.115	1E-3
19508	1008.4	-0.117	1E-3
19528	1009.1	-0.119	1E-3
19548	1009.9	-0.121	1E-3
19568	1011.1	-0.124	1E-3
19588	1011.7	-0.126	1E-3
19608	1012.9	-0.128	1E-3
19628	1014.1	-0.13	1E-3
19648	1015	-0.133	1E-3
19668	1016.1	-0.135	1E-3
19688	1016.9	-0.137	1E-3
19708	1017.8	-0.139	1E-3
19728	1018.8	-0.141	1E-3
19748	1020.1	-0.144	1E-3
19768	1021	-0.146	1E-3
19788	1022.2	-0.148	1E-3
19808	1022.9	-0.15	1E-3
19828	1024.4	-0.153	1E-3
19848	1025.2	-0.155	1E-3
19868	1026	-0.158	1E-3
19888	1027.1	-0.16	1E-3
19908	1028	-0.163	1E-3
19928	1028.8	-0.165	1E-3
19948	1029.9	-0.168	1E-3
19968	1030.9	-0.17	1E-3
19988	1032	-0.173	1E-3
20008	1033	-0.176	1E-3
20028	1034.1	-0.178	1E-3
20048	1035.1	-0.181	1E-3
20068	1036.2	-0.183	1E-3
20088	1037.2	-0.186	1E-3
20108	1038.1	-0.189	1E-3
20128	1039.5	-0.191	1E-3
20148	1040.4	-0.193	1E-3
20168	1041.4	-0.196	1E-3
20188	1042.3	-0.199	1E-3
20208	1043.2	-0.202	1E-3
20228	1044.2	-0.205	1E-3
20248	1045.3	-0.208	1E-3
20268	1046.3	-0.211	1E-3
20288	1047.4	-0.214	1E-3
20308	1048.4	-0.217	1E-3
20328	1049.3	-0.219	1E-3
20348	1050.3	-0.222	1E-3
20368	1051.2	-0.225	1E-3
20388	1052.3	-0.228	1E-3
20408	1053.3	-0.231	1E-3
20428	1054.4	-0.234	1E-3
20448	1055.3	-0.237	1E-3
20468	1056.3	-0.24	1E-3
20488	1057.5	-0.243	1E-3
20508	1058.4	-0.247	1E-3
20528	1059.5	-0.25	1E-3
20548	1060.7	-0.253	1E-3
20568	1061.4	-0.256	1E-3
20588	1062.1	-0.259	1E-3
20608	1063.7	-0.262	1E-3
20628	1064.7	-0.265	1E-3
20648	1065.4	-0.269	1E-3
20668	1066.3	-0.271	1E-3
20688	1067.5	-0.275	1E-3
20708	1068.6	-0.278	1E-3
20728	1069.3	-0.281	1E-3
20748	1070.5	-0.285	1E-3
20768	1071.7	-0.288	1E-3
20788	1072.6	-0.292	1E-3
20808	1073.6	-0.296	1E-3
20828	1074.5	-0.299	1E-3
20848	1075.2	-0.302	1E-3
20868	1076.6	-0.306	1E-3
20888	1077.7	-0.309	1E-3
20908	1078.3	-0.312	1E-3
20928	1079.6	-0.316	1E-3
20948	1080.6	-0.32	1E-3
20968	1081.5	-0.323	1E-3
20988	1082.6	-0.327	1E-3
21008	1083.6	-0.331	1E-3
21028	1084.6	-0.335	1E-3
21048	1085.5	-0.338	1E-3
21068	1086.6	-0.341	1E-3
21088	1087.8	-0.346	1E-3
21108	1088.7	-0.349	1E-3
21128	1089.5	-0.352	1E-3
21148	1090.6	-0.357	1E-3
21168	1091.8	-0.36	1E-3
21188	1092.7	-0.364	1E-3
21208	1093.8	-0.368	1E-3
21228	1094.8	-0.372	1E-3
21248	1095.7	-0.377	1E-3
21268	1096.9	-0.38	1E-3
21288	1097.8	-0.384	1E-3
21308	1098.8	-0.388	1E-3
21328	1099.7	-0.392	1E-3
21348	1101.1	-0.396	1E-3
21368	1101.6	-0.4	1E-3
21388	1102.9	-0.405	1E-3
21408	1103.9	-0.409	1E-3
21428	1104.9	-0.413	1E-3
21448	1106	-0.418	1E-3
21468	1107.1	-0.421	1E-3
21490	1108.1	-0.426	1E-3
21513	1109.5	-0.43	1E-3
21533	1110.4	-0.435	1E-3
21553	1111.1	-0.439	1E-3
21573	1112.5	-0.444	1E-3
21593	1113.3	-0.448	1E-3
21613	1114.4	-0.453	1E-3
21633	1115.3	-0.458	1E-3
21653	1116.7	-0.462	1E-3
21673	1117.7	-0.466	1E-3
21693	1118.6	-0.47	1E-3
21713	1119.5	-0.475	1E-3
21733	1120.3	-0.48	1E-3
21753	1121.6	-0.485	1E-3
21773	1122.4	-0.489	1E-3
21793	1123.7	-0.494	1E-3
21813	1124.7	-0.499	1E-3
21833	1125.8	-0.503	1E-3
21853	1126.6	-0.508	1E-3
21873	1127.7	-0.512	1E-3
21893	1128.6	-0.518	1E-3
21913	1129.6	-0.522	1E-3
21933	1130.8	-0.527	1E-3
21953	1131.9	-0.532	1E-3
21973	1132.9	-0.538	1E-3
21993	1134.2	-0.542	1E-3
22013	1135	-0.547	1E-3
22033	1135.9	-0.551	1E-3
22053	1137	-0.556	1E-3
22073	1137.8	-0.562	1E-3
22093	1138.9	-0.567	1E-3
22113	1139.9	-0.572	1E-3
22133	1141	-0.577	1E-3
22153	1141.9	-0.582	1E-3
22173	1142.8	-0.587	1E-3
22193	1143.8	-0.591	1E-3
22213	1144.8	-0.597	1E-3
22233	1145.9	-0.602	1E-3
22253	1146.8	-0.608	1E-3
22273	1148	-0.613	1E-3
22293	1148.9	-0.618	1E-3
22313	1149.9	-0.623	1E-3
22333	1151.1	-0.628	1E-3
22353	1152.2	-0.633	1E-3
22373	1153.4	-0.639	1E-3
22393	1154.1	-0.644	1E-3
22413	1155	-0.649	1E-3
22433	1156.2	-0.655	1E-3
22453	1157.5	-0.66	1E-3
22473	1158.5	-0.666	1E-3
22493	1159.6	-0.67	1E-3
22513	1160.4	-0.676	1E-3
22533	1161.3	-0.682	1E-3
22553	1162.3	-0.687	1E-3
22573	1163.1	-0.693	1E-3
22593	1164.1	-0.698	1E-3
22613	1165.2	-0.703	1E-3
22633	1165.9	-0.709	1E-3
22653	1167.1	-0.713	1E-3
22673	1168.1	-0.719	1E-3
22693	1169.3	-0.725	1E-3
22713	1170.4	-0.73	1E-3
22733	1171.3	-0.736	1E-3
22753	1172.5	-0.741	1E-3
22773	1173.4	-0.747	1E-3
22793	1174.4	-0.752	1E-3
22813	1175.5	-0.757	1E-3
22833	1176.5	-0.763	1E-3
22853	1177.4	-0.769	1E-3
22873	1178.3	-0.775	1E-3
22893	1179.2	-0.78	1E-3
22913	1180.6	-0.786	1E-3
22933	1181.8	-0.79	1E-3
22953	1182.8	-0.796	1E-3
22973	1184.1	-0.802	1E-3
22993	1184.9	-0.808	1E-3
23013	1186	-0.813	1E-3
23033	1186.7	-0.819	1E-3
23053	1187.9	-0.824	1E-3
23073	1189	-0.83	1E-3
23093	1190	-0.835	1E-3
23113	1190.9	-0.841	1E-3
23133	1192.1	-0.846	1E-3
23153	1193.2	-0.852	1E-3
23173	1193.8	-0.858	1E-3
23193	1195.1	-0.863	1E-3
23213	1195.9	-0.869	1E-3
23233	1197	-0.874	1E-3
23253	1198.1	-0.88	1E-3
23273	1199.1	-0.885	1E-3
23293	1200.2	-0.891	1E-3
23313	1201	-0.897	1E-3
23333	1202.3	-0.902	1E-3
23353	1202.9	-0.908	1E-3
23373	1204	-0.912	1E-3
23393	1205.1	-0.918	1E-3
23413	1205.9	-0.924	1E-3
23433	1207.2	-0.929	1E-3
23453	1208	-0.935	1E-3
23473	1208.7	-0.94	1E-3
23493	1210.3	-0.946	1E-3
23513	1211.2	-0.951	1E-3
23533	1212.4	-0.956	1E-3
23553	1213.3	-0.962	1E-3
23573	1214.5	-0.968	1E-3
23593	1215.4	-0.974	1E-3
23613	1216.4	-0.979	1E-3
23633	1217.5	-0.984	1E-3
23653	1218.3	-0.989	1E-3
23673	1219.4	-0.994	1E-3
23693	1220.1	-1	1E-3
23713	1221.5	-1.006	1E-3
23733	1222.6	-1.011	1E-3
23753	1223.3	-1.017	1E-3
23773	1224.8	-1.022	1E-3
23793	1225.5	-1.028	1E-3
23813	1226.6	-1.032	1E-3
23833	1227.8	-1.038	1E-3
23853	1228.7	-1.043	1E-3
23873	1229.7	-1.049	1E-3
23893	1230.9	-1.055	1E-3
23913	1231.8	-1.06	1E-3
23933	1232.9	-1.065	1E-3
23953	1234.1	-1.07	1E-3
23973	1235	-1.075	1E-3
23993	1236	-1.08	1E-3
24013	1237.1	-1.086	1E-3
24033	1237.8	-1.091	1E-3
24053	1239	-1.097	1E-3
24073	1240	-1.101	1E-3
24093	1240.9	-1.107	1E-3
24113	1242	-1.111	1E-3
24133	1243.2	-1.116	1E-3
24153	1244.3	-1.122	1E-3
24173	1245.1	-1.127	1E-3
24193	1246.2	-1.132	1E-3
24213	1246.9	-1.138	1E-3
24233	1247.8	-1.142	1E-3
24253	1249	-1.147	1E-3
24273	1250.2	-1.151	1E-3
24293	1251.1	-1.157	1E-3
24313	1251.9	-1.162	1E-3
24333	1253	-1.167	1E-3
24353	1254.1	-1.172	1E-3
24373	1255.1	-1.177	1E-3
24393	1256.1	-1.181	1E-3
24413	1257.2	-1.186	1E-3
24433	1258.3	-1.19	1E-3
24453	1259.3	-1.195	1E-3
24473	1260.3	-1.2	1E-3
24493	1261.4	-1.205	1E-3
24513	1262.6	-1.21	1E-3
24533	1263.3	-1.215	1E-3
24553	1264.4	-1.219	1E-3
24573	1265.1	-1.223	1E-3
24593	1266.1	-1.228	1E-3
24613	1267.2	-1.232	1E-3
24633	1268.4	-1.237	1E-3
24653	1269.3	-1.241	1E-3
24673	1270.3	-1.246	1E-3
24693	1271.7	-1.25	1E-3
24713	1272.6	-1.255	1E-3
24733	1273.7	-1.259	1E-3
24753	1274.7	-1.264	1E-3
24773	1275.8	-1.268	1E-3
24793	1276.8	-1.271	1E-3
24813	1278	-1.276	1E-3
24833	1278.9	-1.28	1E-3
24853	1279.8	-1.285	1E-3
24873	1281	-1.289	1E-3
24893	1281.9	-1.294	1E-3
24913	1282.9	-1.298	1E-3
24933	1284	-1.301	1E-3
24953	1284.8	-1.306	1E-3
24973	1285.7	-1.309	1E-3
24993	1287	-1.313	1E-3
25013	1287.8	-1.317	1E-3
25033	1289.2	-1.321	1E-3
25053	1289.9	-1.325	1E-3
25073	1291	-1.329	1E-3
25093	1291.8	-1.333	1E-3
25113	1293.1	-1.337	1E-3
25133	1294.1	-1.341	1E-3
25153	1294.8	-1.345	1E-3
25173	1296	-1.348	1E-3
25193	1297.3	-1.351	1E-3
25213	1298.2	-1.355	1E-3
25233	1298.8	-1.359	1E-3
25253	1300.1	-1.363	1E-3
25273	1301.3	-1.367	1E-3
25293	1302.3	-1.37	1E-3
25313	1303.2	-1.374	1E-3
25333	1304.3	-1.378	1E-3
25353	1305.3	-1.381	1E-3
25373	1306.4	-1.384	1E-3
25393	1307.6	-1.388	1E-3
25413	1308.5	-1.391	1E-3
25433	1309.3	-1.394	1E-3
25453	1310.2	-1.397	1E-3
25473	1311.1	-1.401	1E-3
25493	1312.2	-1.404	1E-3
25513	1313	-1.408	1E-3
25533	1313.9	-1.411	1E-3
25553	1314.8	-1.414	1E-3
25573	1315.8	-1.417	1E-3
25593	1317.2	-1.42	1E-3
25613	1318.1	-1.423	1E-3
25633	1319.3	-1.426	1E-3
25653	1320.2	-1.429	1E-3
25673	1321.4	-1.431	1E-3
25693	1322.7	-1.434	1E-3
25713	1323.5	-1.437	1E-3
25733	1324.6	-1.44	1E-3
25753	1325.8	-1.443	1E-3
25773	1326.7	-1.446	1E-3
25793	1327.6	-1.449	1E-3
25813	1328.8	-1.452	1E-3
25833	1329.5	-1.455	1E-3
25853	1330.5	-1.458	1E-3
25873	1331.8	-1.46	1E-3
25893	1332.6	-1.462	1E-3
25913	1333.8	-1.466	1E-3
25933	1334.6	-1.468	1E-3
25953	1335.4	-1.47	1E-3
25973	1336.5	-1.472	1E-3
25993	1337.5	-1.475	1E-3
26013	1338.6	-1.478	1E-3
26033	1339.6	-1.48	1E-3
26053	1340.7	-1.483	1E-3
26073	1341.7	-1.486	1E-3
26093	1342.8	-1.488	1E-3
26113	1343.8	-1.49	1E-3
26133	1344.7	-1.493	1E-3
26153	1345.9	-1.495	1E-3
26173	1346.8	-1.498	1E-3
26193	1348	-1.5	1E-3
26213	1348.9	-1.502	1E-3
26233	1349.9	-1.504	1E-3
26253	1351	-1.507	1E-3
26273	1352.2	-1.508	1E-3
26293	1352.9	-1.51	1E-3
26313	1354	-1.512	1E-3
26333	1355	-1.514	1E-3
26354	1356.1	-1.516	1E-3
26378	1357.1	-1.519	1E-3
26398	1358	-1.521	1E-3
26418	1359.1	-1.523	1E-3
26438	1359.9	-1.525	1E-3
26458	1361.1	-1.527	1E-3
26478	1361.8	-1.529	1E-3
26498	1363.1	-1.531	1E-3
26519	1364	-1.533	1E-3
26543	1365.5	-1.535	1E-3
26563	1366.6	-1.537	1E-3
26583	1367.4	-1.539	1E-3
26603	1368.5	-1.54	1E-3
26623	1369.7	-1.542	1E-3
26643	1370.8	-1.544	1E-3
26663	1371.6	-1.545	1E-3
26683	1372.7	-1.547	1E-3
26703	1373.8	-1.549	1E-3
26723	1374.8	-1.55	1E-3
26743	1375.7	-1.551	1E-3
26763	1376.9	-1.553	1E-3
26783	1378	-1.554	1E-3
26803	1378.8	-1.556	1E-3
26824	1379.7	-1.558	1E-3
26844	1380.9	-1.559	1E-3
26864	1381.6	-1.561	1E-3
26884	1382.7	-1.562	1E-3
26904	1383.6	-1.564	1E-3
26924	1384.6	-1.565	1E-3
26944	1385.5	-1.567	1E-3
26964	1386.5	-1.568	1E-3
26984	1387.8	-1.57	1E-3
27004	1388.6	-1.571	1E-3
27024	1389.8	-1.572	1E-3
27044	1390.7	-1.574	1E-3
27064	1391.6	-1.575	1E-3
27084	1392.5	-1.577	1E-3
27104	1393.5	-1.578	1E-3
27124	1394.8	-1.579	1E-3
27144	1396	-1.58	1E-3
27164	1397	-1.581	1E-3
27184	1397.9	-1.582	1E-3
27204	1398.6	-1.584	1E-3
27224	1399.3	-1.585	1E-3
27244	1399.8	-1.586	1E-3
27264	1400.2	-1.587	1E-3
27284	1400.3	-1.588	1E-3
27304	1400.5	-1.589	1E-3
27324	1400.7	-1.59	1E-3
27344	1400.5	-1.591	1E-3
27364	1400.5	-1.591	1E-3
27384	1400.7	-1.593	1E-3
27404	1400.5	-1.593	1E-3
27424	1400.9	-1.594	1E-3
27444	1401.2	-1.595	1E-3
27464	1401	-1.597	1E-3
27484	1401	-1.597	1E-3
27504	1401.2	-1.598	1E-3
27524	1401.2	-1.599	1E-3
27544	1401.2	-1.6	1E-3
27564	1401.2	-1.601	1E-3
27584	1401.2	-1.601	1E-3
27629	1393.5	-1.605	1E-3
27649	1397.6	-1.604	1E-3
27669	1397.9	-1.604	1E-3
27689	1397	-1.606	1E-3
27709	1395.3	-1.606	1E-3
27729	1393.2	-1.607	1E-3
27749	1390.7	-1.608	1E-3
27769	1388.3	-1.609	1E-3
27789	1385.1	-1.609	1E-3
27809	1382.2	-1.61	1E-3
27829	1379.5	-1.61	1E-3
27849	1376	-1.611	1E-3
27869	1372.9	-1.611	1E-3
27889	1369.7	-1.611	1E-3
27909	1366.2	-1.612	1E-3
27929	1363.1	-1.612	1E-3
27949	1359.9	-1.613	1E-3
27969	1356.6	-1.613	1E-3
27989	1353.4	-1.614	1E-3
28009	1350.1	-1.614	1E-3
28029	1346.8	-1.614	1E-3
28049	1343.6	-1.615	1E-3
28069	1340.3	-1.615	1E-3
28089	1337	-1.615	1E-3
28109	1333.8	-1.616	1E-3
28129	1330.7	-1.616	1E-3
28149	1327.4	-1.616	1E-3
28169	1324.1	-1.617	1E-3
28189	1320.9	-1.617	1E-3
28209	1317.6	-1.617	1E-3
28229	1314.3	-1.617	1E-3
28249	1310.9	-1.618	1E-3
28269	1307.9	-1.618	1E-3
28289	1304.5	-1.618	1E-3
28309	1301.5	-1.618	1E-3
28329	1298.2	-1.619	1E-3
28349	1294.8	-1.619	1E-3
28369	1291.7	-1.619	1E-3
28389	1288.5	-1.619	1E-3
28409	1285.6	-1.619	1E-3
28429	1282.2	-1.62	1E-3
28449	1278.9	-1.62	1E-3
28469	1275.8	-1.62	1E-3
28489	1272.4	-1.62	1E-3
28509	1268.9	-1.621	1E-3
28529	1266.1	-1.621	1E-3
28549	1263	-1.621	1E-3
28569	1259.8	-1.621	1E-3
28589	1256.3	-1.621	1E-3
28609	1253	-1.621	1E-3
28629	1249.8	-1.622	1E-3
28649	1246.5	-1.622	1E-3
28669	1243.5	-1.622	1E-3
28689	1240.4	-1.623	1E-3
28709	1237.1	-1.623	1E-3
28729	1233.8	-1.623	1E-3
28749	1230.4	-1.623	1E-3
28769	1227.3	-1.624	1E-3
28789	1224.7	-1.624	1E-3
28809	1221.3	-1.624	1E-3
28829	1217.8	-1.625	1E-3
28849	1214.8	-1.625	1E-3
28869	1211.3	-1.625	1E-3
28889	1208	-1.625	1E-3
28909	1204.7	-1.625	1E-3
28929	1201.9	-1.626	1E-3
28949	1198.8	-1.626	1E-3
28969	1195.6	-1.626	1E-3
28989	1192.3	-1.627	1E-3
29009	1189.1	-1.627	1E-3
29029	1185.8	-1.627	1E-3
29049	1182.7	-1.627	1E-3
29069	1179.3	-1.627	1E-3
29089	1176	-1.628	1E-3
29109	1173	-1.628	1E-3
29129	1169.7	-1.628	1E-3
29149	1166.6	-1.628	1E-3
29169	1163.2	-1.629	1E-3
29189	1160.3	-1.629	1E-3
29209	1156.8	-1.629	1E-3
29229	1153.8	-1.629	1E-3
29249	1150.6	-1.629	1E-3
29269	1147.5	-1.629	1E-3
29289	1144.7	-1.63	1E-3
29309	1141	-1.63	1E-3
29329	1137.8	-1.63	1E-3
29349	1134.9	-1.63	1E-3
29369	1131.6	-1.63	1E-3
29389	1128.6	-1.631	1E-3
29409	1125.6	-1.631	1E-3
29429	1122.3	-1.631	1E-3
29449	1118.9	-1.631	1E-3
29469	1115.8	-1.631	1E-3
29489	1112.8	-1.631	1E-3
29509	1109.7	-1.632	1E-3
29529	1106.5	-1.632	1E-3
29549	1103.2	-1.632	1E-3
29569	1100.1	-1.632	1E-3
29589	1096.7	-1.633	1E-3
29609	1093.4	-1.633	1E-3
29629	1090.3	-1.633	1E-3
29649	1087.1	-1.634	1E-3
29669	1083.9	-1.634	1E-3
29689	1080.8	-1.634	1E-3
29709	1077.5	-1.634	1E-3
29729	1074.3	-1.635	1E-3
29749	1071	-1.635	1E-3
29769	1067.8	-1.635	1E-3
29789	1064.9	-1.635	1E-3
29809	1061.7	-1.636	1E-3
29829	1058.6	-1.636	1E-3
29849	1055.3	-1.636	1E-3
29869	1051.9	-1.636	1E-3
29889	1048.8	-1.637	1E-3
29909	1045.8	-1.637	1E-3
29929	1042.7	-1.637	1E-3
29949	1039.3	-1.638	1E-3
29970	1036.2	-1.638	1E-3
29990	1032.8	-1.638	1E-3
30010	1029.3	-1.638	1E-3
30030	1026.2	-1.638	1E-3
30050	1023.4	-1.639	1E-3
30070	1020.1	-1.639	1E-3
30090	1017.1	-1.639	1E-3
30110	1014	-1.639	1E-3
30130	1010.6	-1.64	1E-3
30150	1007.5	-1.64	1E-3
30171	1004.5	-1.64	1E-3
30191	1001.2	-1.64	1E-3
30211	998.2	-1.641	1E-3
30231	995.2	-1.641	1E-3
30251	991.9	-1.641	1E-3
30271	988.8	-1.641	1E-3
30291	985.8	-1.641	1E-3
30311	982.1	-1.642	1E-3
30331	978.9	-1.642	1E-3
30351	976	-1.642	1E-3
30372	972.8	-1.642	1E-3
30392	969.7	-1.642	1E-3
30412	966.4	-1.643	1E-3
30432	963.4	-1.643	1E-3
30452	959.9	-1.643	1E-3
30472	956.9	-1.644	1E-3
30492	954.1	-1.644	1E-3
30512	950.8	-1.644	1E-3
30532	947.5	-1.644	1E-3
30553	944.3	-1.645	1E-3
30578	940.3	-1.645	1E-3
30598	937.1	-1.645	1E-3
30618	934	-1.645	1E-3
30638	931	-1.646	1E-3
30658	927.7	-1.646	1E-3
30678	924.5	-1.646	1E-3
30698	921.2	-1.646	1E-3
30718	918	-1.646	1E-3
30738	915.1	-1.647	1E-3
30758	911.9	-1.647	1E-3
30779	908.8	-1.647	1E-3
30799	905.6	-1.647	1E-3
30819	902.7	-1.647	1E-3
30839	899.3	-1.648	1E-3
30859	896.2	-1.648	1E-3
30879	893	-1.648	1E-3
30899	890	-1.648	1E-3
30919	887.1	-1.649	1E-3
30939	883.9	-1.649	1E-3
30959	880.8	-1.649	1E-3
30979	877.6	-1.649	1E-3
30999	874.5	-1.649	1E-3
31019	871.1	-1.649	1E-3
31039	868	-1.65	1E-3
31059	865.2	-1.65	1E-3
31079	861.7	-1.65	1E-3
31099	858.6	-1.65	1E-3
31119	855.6	-1.651	1E-3
31139	852.3	-1.651	1E-3
31159	849.3	-1.651	1E-3
31179	846.1	-1.651	1E-3
31199	842.8	-1.651	1E-3
31219	839.8	-1.651	1E-3
31239	836.8	-1.652	1E-3
31259	833.7	-1.652	1E-3
31279	830.4	-1.652	1E-3
31299	827.2	-1.652	1E-3
31319	824.3	-1.653	1E-3
31339	821.1	-1.653	1E-3
31360	817.8	-1.653	1E-3
31380	815.2	-1.653	1E-3
31400	812	-1.654	1E-3
31420	808.9	-1.654	1E-3
31440	805.7	-1.654	1E-3
31460	802.4	-1.654	1E-3
31480	799.2	-1.655	1E-3
31500	796.3	-1.655	1E-3
31520	793.5	-1.655	1E-3
31540	790.3	-1.655	1E-3
31560	787.1	-1.655	1E-3
31580	784.2	-1.656	1E-3
31600	781	-1.656	1E-3
31620	777.9	-1.656	1E-3
31640	775.1	-1.656	1E-3
31660	771.9	-1.657	1E-3
31680	768.9	-1.657	1E-3
31700	765.8	-1.657	1E-3
31720	762.8	-1.657	1E-3
31740	759.5	-1.657	1E-3
31760	756.5	-1.657	1E-3
31780	753.4	-1.658	1E-3
31800	750.4	-1.658	1E-3
31820	747.6	-1.658	1E-3
31840	744.3	-1.658	1E-3
31860	741.3	-1.658	1E-3
31880	738.2	-1.658	1E-3
31900	735	-1.659	1E-3
31920	731.7	-1.659	1E-3
31940	729	-1.659	1E-3
31960	726.3	-1.659	1E-3
31980	723.1	-1.659	1E-3
32000	720.1	-1.659	1E-3
32020	717	-1.66	1E-3
32040	714	-1.66	1E-3
32060	711.2	-1.66	1E-3
32080	708	-1.66	1E-3
32100	705.4	-1.66	1E-3
32120	702.6	-1.66	1E-3
32140	699.7	-1.66	1E-3
32160	696.9	-1.661	1E-3
32181	694	-1.661	1E-3
32205	690.4	-1.661	1E-3
32225	687.6	-1.661	1E-3
32245	684.8	-1.661	1E-3
32266	682.1	-1.661	1E-3
32286	679.5	-1.661	1E-3
32306	676.9	-1.661	1E-3
32326	674.1	-1.662	1E-3
32346	671.5	-1.662	1E-3
32366	668.7	-1.662	1E-3
32386	666	-1.662	1E-3
32406	663.3	-1.662	1E-3
32426	660.8	-1.662	1E-3
32446	658.2	-1.663	1E-3
32466	655.9	-1.663	1E-3
32486	653.5	-1.663	1E-3
32506	650.7	-1.663	1E-3
32526	648	-1.663	1E-3
32546	645.4	-1.663	1E-3
32566	642.8	-1.664	1E-3
32586	640.3	-1.664	1E-3
32606	637.7	-1.664	1E-3
32626	635.1	-1.664	1E-3
32646	632.8	-1.664	1E-3
32666	630.5	-1.665	1E-3
32686	628.3	-1.665	1E-3
32706	625.6	-1.665	1E-3
32726	623.2	-1.665	1E-3
32746	620.9	-1.666	1E-3
32766	618.3	-1.666	1E-3
32786	615.8	-1.666	1E-3
32806	613.4	-1.666	1E-3
32826	611.1	-1.666	1E-3
32846	608.6	-1.666	1E-3
32866	606.7	-1.667	1E-3
32886	604.5	-1.667	1E-3
32906	602	-1.667	1E-3
32926	599.7	-1.667	1E-3
32946	597.5	-1.667	1E-3
32966	595.2	-1.667	1E-3
32986	592.7	-1.667	1E-3
33006	590.5	-1.668	1E-3
33026	588.2	-1.668	1E-3
33046	586.3	-1.668	1E-3
33066	584.2	-1.668	1E-3
33086	581.9	-1.668	1E-3
33106	579.6	-1.668	1E-3
33127	577.5	-1.668	1E-3
33147	575.2	-1.668	1E-3
33167	573.1	-1.669	1E-3
33187	570.8	-1.669	1E-3
33207	568.8	-1.669	1E-3
33227	566.7	-1.669	1E-3
33247	564.5	-1.669	1E-3
33267	562.6	-1.669	1E-3
33287	560.5	-1.669	1E-3
33307	558.6	-1.669	1E-3
33327	556.3	-1.67	1E-3
33347	554.2	-1.67	1E-3
33367	552.1	-1.67	1E-3
33387	549.9	-1.67	1E-3
33407	547.9	-1.67	1E-3
33427	545.8	-1.67	1E-3
33447	543.5	-1.67	1E-3
33467	541.6	-1.67	1E-3
33487	539.9	-1.67	1E-3
33507	537.8	-1.671	1E-3
33527	535.7	-1.671	1E-3
33547	533.8	-1.671	1E-3
33567	531.5	-1.671	1E-3
33587	529.5	-1.671	1E-3
33608	527.6	-1.671	1E-3
33628	525.5	-1.671	1E-3
33648	523.8	-1.671	1E-3
33668	521.5	-1.671	1E-3
33688	519.8	-1.671	1E-3
33708	517.8	-1.672	1E-3
33728	516.1	-1.672	1E-3
33748	514	-1.672	1E-3
33768	512	-1.672	1E-3
33788	510.3	-1.672	1E-3
33808	508.4	-1.672	1E-3
33828	506.5	-1.672	1E-3
33848	504.5	-1.673	1E-3
33868	502.6	-1.673	1E-3
33888	500.5	-1.673	1E-3
33908	498.8	-1.673	1E-3
33928	496.8	-1.673	1E-3
33948	495.1	-1.673	1E-3
33968	493.3	-1.673	1E-3
33988	491.6	-1.674	1E-3
34008	489.8	-1.674	1E-3
34028	487.9	-1.675	1E-3
34048	486	-1.675	1E-3
34068	484.4	-1.675	1E-3
34088	482.6	-1.675	1E-3
34108	480.7	-1.676	1E-3
34128	479	-1.676	1E-3
34148	477	-1.676	1E-3
34168	475.1	-1.676	1E-3
34188	473.4	-1.677	1E-3
34208	471.6	-1.677	1E-3
34228	470.1	-1.677	1E-3
34248	468.1	-1.677	1E-3
34268	466.6	-1.677	1E-3
34288	464.6	-1.677	1E-3
34308	463	-1.677	1E-3
34328	461.5	-1.678	1E-3
34348	459.9	-1.678	1E-3
34368	458.1	-1.678	1E-3
34389	456.4	-1.678	1E-3
34409	455	-1.678	1E-3
34429	453.3	-1.678	1E-3
34449	451.3	-1.678	1E-3
34469	449.9	-1.678	1E-3
34489	448	-1.678	1E-3
34509	446.6	-1.679	1E-3
34529	444.9	-1.679	1E-3
34549	443.1	-1.679	1E-3
34569	441.5	-1.679	1E-3
34589	440.1	-1.679	1E-3
34609	438.4	-1.679	1E-3
34629	437	-1.679	1E-3
34649	435.2	-1.679	1E-3
34669	433.5	-1.679	1E-3
34689	431.9	-1.68	1E-3
34709	430.1	-1.68	1E-3
34729	428.4	-1.68	1E-3
34749	426.8	-1.68	1E-3
34769	425.4	-1.68	1E-3
34789	423.7	-1.68	1E-3
34809	421.9	-1.68	1E-3
34864	417.7	-1.68	1E-3
34884	416.3	-1.68	1E-3
34904	414.9	-1.68	1E-3
34924	413.4	-1.68	1E-3
34944	411.8	-1.68	1E-3
34964	410.2	-1.68	1E-3
34984	408.5	-1.681	1E-3
35004	407.1	-1.681	1E-3
35024	405.3	-1.681	1E-3
35044	403.9	-1.681	1E-3
35064	402.3	-1.681	1E-3
35084	400.9	-1.681	1E-3
35104	399.4	-1.681	1E-3
35124	397.6	-1.681	1E-3
35144	396.4	-1.681	1E-3
35164	394.6	-1.681	1E-3
35184	393.4	-1.681	1E-3
35204	392	-1.681	1E-3
35224	390.6	-1.681	1E-3
35244	389.2	-1.681	1E-3
35264	387.6	-1.681	1E-3
35285	386.2	-1.681	1E-3
35305	384.8	-1.681	1E-3
35325	383.4	-1.681	1E-3
35345	382	-1.682	1E-3
35365	380.5	-1.682	1E-3
35385	379	-1.682	1E-3
35405	377.6	-1.682	1E-3
35425	376.3	-1.682	1E-3
35445	374.9	-1.682	1E-3
35465	373.3	-1.682	1E-3
35485	372.1	-1.682	1E-3
35505	370.7	-1.682	1E-3
35525	369.3	-1.682	1E-3
35545	368	-1.682	1E-3
35565	366.8	-1.682	1E-3
35585	365.2	-1.682	1E-3
35605	363.8	-1.682	1E-3
35625	362.4	-1.682	1E-3
35645	361.2	-1.682	1E-3
35665	359.8	-1.682	1E-3
35685	358.6	-1.682	1E-3
35705	357	-1.683	1E-3
35725	355.8	-1.683	1E-3
35745	354.2	-1.683	1E-3
35765	353	-1.683	1E-3
35785	351.8	-1.683	1E-3
35805	350.4	-1.683	1E-3
35825	349.1	-1.683	1E-3
35845	347.7	-1.683	1E-3
35865	346.3	-1.683	1E-3
35885	344.9	-1.683	1E-3
35905	343.5	-1.683	1E-3
35925	342.3	-1.683	1E-3
35945	341.3	-1.683	1E-3
35965	339.8	-1.683	1E-3
35985	338.6	-1.683	1E-3
36005	337.2	-1.683	1E-3
36025	336	-1.683	1E-3
36046	334.8	-1.683	1E-3
36066	333.2	-1.683	1E-3
36086	332.3	-1.683	1E-3
36106	331.1	-1.683	1E-3
36126	329.7	-1.683	1E-3
36146	328.5	-1.683	1E-3
36166	327.3	-1.683	1E-3
36186	325.7	-1.683	1E-3
36206	324.6	-1.683	1E-3
36226	323.4	-1.683	1E-3
36246	322	-1.684	1E-3
36266	321	-1.684	1E-3
36286	319.6	-1.684	1E-3
36306	318.3	-1.684	1E-3
36326	317.1	-1.684	1E-3
36346	315.9	-1.684	1E-3
36366	314.8	-1.684	1E-3
36386	313.8	-1.684	1E-3
36406	312.6	-1.684	1E-3
36426	311.5	-1.684	1E-3
36446	310.3	-1.684	1E-3
36466	309	-1.684	1E-3
36486	307.8	-1.684	1E-3
36506	306.6	-1.684	1E-3
36526	305.4	-1.684	1E-3
36546	304.3	-1.684	1E-3
36566	303.1	-1.684	1E-3
36586	301.9	-1.685	1E-3
36606	300.6	-1.685	1E-3
36626	299.6	-1.685	1E-3
36646	298.4	-1.685	1E-3
36666	297.3	-1.685	1E-3
36686	296.1	-1.685	1E-3
36706	294.9	-1.685	1E-3
36726	294	-1.685	1E-3
36746	292.6	-1.685	1E-3
36766	291.6	-1.685	1E-3
36786	290.9	-1.685	1E-3
36806	289.8	-1.685	1E-3
36826	288.6	-1.685	1E-3
36846	287.4	-1.685	1E-3
36866	286.5	-1.685	1E-3
36886	285.2	-1.686	1E-3
36906	284.2	-1.686	1E-3
36926	283.1	-1.686	1E-3
36946	282.1	-1.686	1E-3
36966	280.9	-1.686	1E-3
36986	280	-1.686	1E-3
37007	278.8	-1.686	1E-3
37027	277.7	-1.686	1E-3
37047	276.7	-1.686	1E-3
37067	275.8	-1.686	1E-3
37087	274.8	-1.686	1E-3
37107	273.7	-1.686	1E-3
37127	272.6	-1.686	1E-3
37147	271.6	-1.686	1E-3
37167	270.5	-1.686	1E-3
37187	269.7	-1.686	1E-3
37207	268.5	-1.686	1E-3
37227	267.6	-1.686	1E-3
37247	266.5	-1.686	1E-3
37267	265.5	-1.686	1E-3
37287	264.4	-1.687	1E-3
37307	263.2	-1.687	1E-3
37327	262.3	-1.687	1E-3
37347	261.3	-1.687	1E-3
37367	260	-1.687	1E-3
37387	259.2	-1.687	1E-3
37407	257.9	-1.687	1E-3
37427	257.1	-1.687	1E-3
37447	256	-1.687	1E-3
37467	255.1	-1.687	1E-3
37487	253.9	-1.687	1E-3
37507	253.1	-1.687	1E-3
37527	252	-1.687	1E-3
37547	250.9	-1.687	1E-3
37567	250.1	-1.687	1E-3
37587	249	-1.687	1E-3
37607	248	-1.687	1E-3
37627	246.9	-1.687	1E-3
37647	246.1	-1.687	1E-3
37667	245	-1.688	1E-3
37687	244.1	-1.688	1E-3
37707	243.3	-1.688	1E-3
37727	242.4	-1.688	1E-3
37747	241.3	-1.688	1E-3
37767	240.4	-1.688	1E-3
37788	239.6	-1.688	1E-3
37808	238.9	-1.688	1E-3
37828	237.7	-1.688	1E-3
37848	236.8	-1.688	1E-3
37868	235.7	-1.688	1E-3
37888	235	-1.688	1E-3
37908	234	-1.688	1E-3
37928	232.9	-1.688	1E-3
37948	232.2	-1.688	1E-3
37968	231.2	-1.688	1E-3
37988	230.3	-1.688	1E-3
38008	229.4	-1.689	1E-3
38028	228.2	-1.689	1E-3
38048	227.5	-1.689	1E-3
38068	226.6	-1.689	1E-3
38088	225.6	-1.689	1E-3
38108	224.7	-1.689	1E-3
38128	224	-1.689	1E-3
38148	223.1	-1.689	1E-3
38168	222.3	-1.689	1E-3
38188	221.2	-1.689	1E-3
38208	220.3	-1.689	1E-3
38228	219.5	-1.689	1E-3
38248	218.6	-1.689	1E-3
38268	217.9	-1.689	1E-3
38288	216.8	-1.689	1E-3
38308	215.8	-1.689	1E-3
38328	215.3	-1.689	1E-3
38348	214.2	-1.689	1E-3
38368	213.3	-1.689	1E-3
38388	212.6	-1.689	1E-3
38408	211.8	-1.689	1E-3
38428	211.2	-1.689	1E-3
38448	210.7	-1.689	1E-3
38468	209.6	-1.689	1E-3
38489	208.9	-1.689	1E-3
38509	208.2	-1.689	1E-3
38529	207.4	-1.69	1E-3
38549	206.7	-1.69	1E-3
38569	205.6	-1.69	1E-3
38589	204.9	-1.69	1E-3
38609	204.1	-1.69	1E-3
38629	203.2	-1.69	1E-3
38649	202.5	-1.69	1E-3
38669	201.8	-1.69	1E-3
38689	200.7	-1.69	1E-3
38709	199.9	-1.69	1E-3
38729	199.3	-1.69	1E-3
38749	198.3	-1.69	1E-3
38769	197.4	-1.69	1E-3
38789	196.9	-1.69	1E-3
38809	195.8	-1.69	1E-3
38829	195.1	-1.69	1E-3
38849	194.1	-1.69	1E-3
38869	193.4	-1.691	1E-3
38889	192.7	-1.691	1E-3
38909	191.8	-1.691	1E-3
38929	190.9	-1.691	1E-3
38949	190.1	-1.691	1E-3
38969	189.5	-1.691	1E-3
38989	188.6	-1.691	1E-3
39009	187.9	-1.691	1E-3
39029	187.1	-1.691	1E-3
39049	186.6	-1.691	1E-3
39069	186	-1.691	1E-3
39089	185.2	-1.691	1E-3
39110	184.8	-1.691	1E-3
39130	183.8	-1.691	1E-3
39150	183.1	-1.691	1E-3
39170	182.2	-1.691	1E-3
39190	181.6	-1.691	1E-3
39210	180.6	-1.691	1E-3
39230	180.3	-1.691	1E-3
39250	179	-1.691	1E-3
39270	178.5	-1.692	1E-3
39290	177.6	-1.692	1E-3
39310	176.9	-1.692	1E-3
39330	176.4	-1.692	1E-3
39350	175.4	-1.692	1E-3
39370	175	-1.692	1E-3
39390	174.3	-1.692	1E-3
39410	173.6	-1.692	1E-3
39430	172.9	-1.692	1E-3
39450	172.4	-1.692	1E-3
39470	171.8	-1.692	1E-3
39490	170.8	-1.692	1E-3
39510	170.4	-1.692	1E-3
39530	169.4	-1.693	1E-3
39550	168.9	-1.693	1E-3
39570	168.2	-1.693	1E-3
39590	167.6	-1.693	1E-3
39610	166.8	-1.693	1E-3
39630	166.4	-1.693	1E-3
39650	165.7	-1.693	1E-3
39670	164.9	-1.693	1E-3
39690	164.5	-1.693	1E-3
39710	163.8	-1.693	1E-3
39730	163.4	-1.693	1E-3
39750	162.6	-1.693	1E-3
39770	162.1	-1.693	1E-3
39790	161.4	-1.693	1E-3
39810	160.8	-1.694	1E-3
39830	160.1	-1.694	1E-3
39850	159.4	-1.694	1E-3
39871	159.1	-1.694	1E-3
39891	158	-1.694	1E-3
39911	157.3	-1.694	1E-3
39931	157	-1.694	1E-3
39951	156.3	-1.694	1E-3
39971	155.7	-1.694	1E-3
39991	154.9	-1.694	1E-3
40011	154.2	-1.694	1E-3
40031	153.8	-1.694	1E-3
40051	153.3	-1.694	1E-3
40071	152.6	-1.694	1E-3
40091	151.9	-1.695	1E-3
40111	151.4	-1.695	1E-3
40131	150.7	-1.695	1E-3
40151	150.1	-1.695	1E-3
40171	149.4	-1.695	1E-3
40191	148.9	-1.695	1E-3
40211	148.1	-1.695	1E-3
40231	147.5	-1.695	1E-3
40251	146.8	-1.695	1E-3
40271	146.5	-1.695	1E-3
40291	146	-1.695	1E-3
40311	145.3	-1.695	1E-3
40331	144.6	-1.695	1E-3
40351	144	-1.695	1E-3
40371	143.3	-1.695	1E-3
40391	142.8	-1.695	1E-3
40411	142.1	-1.695	1E-3
40431	141.8	-1.695	1E-3
40451	141.1	-1.695	1E-3
40471	140.4	-1.696	1E-3
40491	139.8	-1.696	1E-3
40511	139.5	-1.696	1E-3
40531	138.8	-1.696	1E-3
40551	138.3	-1.696	1E-3
40572	137.7	-1.696	1E-3
40596	137.2	-1.696	1E-3
40616	136.7	-1.696	1E-3
40636	136.2	-1.696	1E-3
40657	135.4	-1.696	1E-3
40677	134.9	-1.696	1E-3
40697	134.4	-1.696	1E-3
40717	133.9	-1.696	1E-3
40737	133.5	-1.696	1E-3
40757	132.8	-1.696	1E-3
40777	132.3	-1.696	1E-3
40797	131.8	-1.696	1E-3
40817	131.3	-1.696	1E-3
40837	130.7	-1.696	1E-3
40857	130.2	-1.696	1E-3
40877	129.5	-1.696	1E-3
40897	129.1	-1.697	1E-3
40917	128.6	-1.697	1E-3
40937	127.9	-1.697	1E-3
40957	127.8	-1.697	1E-3
40977	127.1	-1.697	1E-3
40997	126.7	-1.697	1E-3
41017	125.8	-1.697	1E-3
41037	125.3	-1.697	1E-3
41057	125	-1.697	1E-3
41077	124.6	-1.697	1E-3
41097	123.9	-1.697	1E-3
41117	123.6	-1.697	1E-3
41137	122.8	-1.697	1E-3
41157	122.5	-1.697	1E-3
41177	122	-1.697	1E-3
41197	121.4	-1.697	1E-3
41217	121.3	-1.697	1E-3
41237	120.8	-1.697	1E-3
41257	120	-1.697	1E-3
41277	119.5	-1.697	1E-3
41297	119.2	-1.697	1E-3
41317	118.7	-1.697	1E-3
41337	118.1	-1.697	1E-3
41357	117.8	-1.697	1E-3
41377	117.4	-1.697	1E-3
41397	116.9	-1.698	1E-3
41417	116.2	-1.698	1E-3
41437	116	-1.698	1E-3
41458	115.7	-1.698	1E-3
41478	115	-1.698	1E-3
41498	114.6	-1.698	1E-3
41518	114.3	-1.698	1E-3
41538	113.7	-1.698	1E-3
41558	113.6	-1.698	1E-3
41578	112.9	-1.698	1E-3
41598	112.3	-1.698	1E-3
41618	112.2	-1.698	1E-3
41638	111.5	-1.698	1E-3
41658	110.9	-1.698	1E-3
41678	110.4	-1.698	1E-3
41698	110.3	-1.698	1E-3
41718	110.3	-1.698	1E-3
41738	109.7	-1.698	1E-3
41758	109.2	-1.698	1E-3
41778	108.8	-1.698	1E-3
41798	108.5	-1.698	1E-3
41818	108.2	-1.698	1E-3
41838	107.8	-1.698	1E-3
41858	107.1	-1.698	1E-3
41878	106.9	-1.698	1E-3
41898	106.6	-1.698	1E-3
41918	106.4	-1.698	1E-3
41938	105.7	-1.698	1E-3
41958	105.5	-1.698	1E-3
41978	105.2	-1.698	1E-3
41998	104.7	-1.698	1E-3
42018	104.1	-1.698	1E-3
42038	103.9	-1.698	1E-3
42058	103.4	-1.698	1E-3
42078	103.1	-1.699	1E-3
42098	102.7	-1.699	1E-3
42118	102.2	-1.699	1E-3
42138	102	-1.699	1E-3
42159	101.2	-1.699	1E-3
42179	101.2	-1.699	1E-3
42199	100.4	-1.699	1E-3
42219	100.3	-1.699	1E-3
42239	100.1	-1.699	1E-3
42259	99.6	-1.699	1E-3
42279	99	-1.699	1E-3
42299	98.5	-1.699	1E-3
42319	98	-1.699	1E-3
42339	97.6	-1.699	1E-3
42359	97.3	-1.699	1E-3
42379	97.3	-1.699	1E-3
42399	96.4	-1.699	1E-3
42419	96.1	-1.699	1E-3
42439	95.7	-1.699	1E-3
42459	95.6	-1.699	1E-3
42479	95.2	-1.699	1E-3
42499	94.8	-1.699	1E-3
42519	94.5	-1.699	1E-3
42539	94	-1.699	1E-3
42559	93.6	-1.699	1E-3
42579	93.3	-1.699	1E-3
42599	92.9	-1.699	1E-3
42619	92.6	-1.699	1E-3
42639	92.1	-1.699	1E-3
42659	91.9	-1.699	1E-3
42679	91.7	-1.699	1E-3
42699	91	-1.699	1E-3
42719	90.8	-1.699	1E-3
42739	90.5	-1.699	1E-3
42759	89.9	-1.699	1E-3
42779	89.8	-1.699	1E-3
42799	89.3	-1.699	1E-3
42819	88.9	-1.699	1E-3
42839	88.7	-1.699	1E-3
42859	88.6	-1.699	1E-3
42879	88	-1.7	1E-3
42899	87.5	-1.7	1E-3
42920	87.2	-1.7	1E-3
42940	87	-1.7	1E-3
42960	86.6	-1.7	1E-3
42980	86.5	-1.7	1E-3
43000	85.8	-1.7	1E-3
43020	85.6	-1.7	1E-3
43040	85.6	-1.7	1E-3
43060	85.1	-1.7	1E-3
43080	84.7	-1.7	1E-3
43100	84.3	-1.7	1E-3
43120	84.2	-1.7	1E-3
43140	84	-1.7	1E-3
43160	83.7	-1.7	1E-3
43180	83.3	-1.7	1E-3
43200	82.8	-1.7	1E-3
43220	82.6	-1.7	1E-3
43240	82.3	-1.7	1E-3
43260	82.1	-1.7	1E-3
43280	81.5	-1.7	1E-3
43300	81.4	-1.7	1E-3
43320	81	-1.7	1E-3
43340	80.7	-1.7	1E-3
43360	80.3	-1.7	1E-3
43380	80.2	-1.7	1E-3
43400	80.2	-1.7	1E-3
43420	80	-1.7	1E-3
43440	79.3	-1.7	1E-3
43460	79.5	-1.7	1E-3
43480	78.9	-1.7	1E-3
43500	78.8	-1.7	1E-3
43520	78.2	-1.7	1E-3
43541	78.2	-1.7	1E-3
43561	77.9	-1.7	1E-3
43581	77.2	-1.7	1E-3
43601	77.3	-1.701	1E-3
43621	77.2	-1.701	1E-3
43641	77	-1.701	1E-3
43661	76.5	-1.701	1E-3
43681	76.3	-1.701	1E-3
43701	76.3	-1.701	1E-3
43721	75.6	-1.701	1E-3
43741	75.4	-1.701	1E-3
43761	75.3	-1.701	1E-3
43781	75.1	-1.701	1E-3
43801	74.6	-1.701	1E-3
43821	74.6	-1.701	1E-3
43841	74.7	-1.701	1E-3
43861	74	-1.701	1E-3
43881	73.8	-1.701	1E-3
43901	73.5	-1.701	1E-3
43921	73.2	-1.701	1E-3
43941	73.2	-1.701	1E-3
43961	72.6	-1.701	1E-3
43981	72.6	-1.701	1E-3
44001	72.1	-1.701	1E-3
44021	72.5	-1.701	1E-3
44041	71.7	-1.701	1E-3
44061	71.6	-1.701	1E-3
44081	71.4	-1.701	1E-3
44101	70.9	-1.701	1E-3
44121	70.9	-1.701	1E-3
44141	70.5	-1.701	1E-3
44161	70.7	-1.701	1E-3
44181	70	-1.701	1E-3
44201	70	-1.701	1E-3
44221	69.8	-1.701	1E-3
44241	69.7	-1.701	1E-3
44261	69.1	-1.701	1E-3
44282	68.9	-1.701	1E-3
44302	68.8	-1.701	1E-3
44322	68.4	-1.701	1E-3
44342	68.3	-1.701	1E-3
44362	68.1	-1.701	1E-3
44382	67.7	-1.701	1E-3
44402	67.9	-1.701	1E-3
44422	67.7	-1.701	1E-3
44442	67.2	-1.701	1E-3
44462	67	-1.701	1E-3
44482	66.5	-1.701	1E-3
44502	66.5	-1.701	1E-3
44522	66.3	-1.702	1E-3
44542	66	-1.702	1E-3
44562	65.8	-1.702	1E-3
44582	65.6	-1.702	1E-3
44602	65.4	-1.702	1E-3
44622	65.1	-1.702	1E-3
44642	65.1	-1.702	1E-3
44662	64.8	-1.702	1E-3
44682	64.8	-1.702	1E-3
44702	64.4	-1.702	1E-3
44722	64.2	-1.702	1E-3
44742	63.9	-1.702	1E-3
44762	63.7	-1.702	1E-3
44782	63.5	-1.702	1E-3
44802	63.3	-1.702	1E-3
44822	63.3	-1.702	1E-3
44842	63.3	-1.702	1E-3
44862	63	-1.702	1E-3
44882	62.6	-1.702	1E-3
44902	62.3	-1.702	1E-3
44922	62.5	-1.702	1E-3
44942	62.1	-1.702	1E-3
44962	61.8	-1.702	1E-3
44982	61.6	-1.702	1E-3
45002	61.6	-1.702	1E-3
45022	61.1	-1.702	1E-3
45042	60.9	-1.702	1E-3
45062	60.9	-1.702	1E-3
45082	60.7	-1.702	1E-3
45102	60.6	-1.702	1E-3
45122	60.2	-1.702	1E-3
45142	60.2	-1.702	1E-3
45162	60	-1.702	1E-3
45182	59.9	-1.702	1E-3
45202	59.5	-1.702	1E-3
45222	59.5	-1.702	1E-3
45242	59.3	-1.702	1E-3
45263	58.8	-1.702	1E-3
45283	58.6	-1.702	1E-3
45303	58.4	-1.702	1E-3
45323	58.3	-1.702	1E-3
45343	57.9	-1.702	1E-3
45363	57.8	-1.702	1E-3
45383	57.8	-1.702	1E-3
45403	57.4	-1.702	1E-3
45423	57.2	-1.702	1E-3
45443	57.2	-1.702	1E-3
45463	56.9	-1.703	1E-3
45483	56.7	-1.703	1E-3
45503	56.7	-1.703	1E-3
45523	56.5	-1.703	1E-3
45543	56.2	-1.703	1E-3
45563	56.2	-1.703	1E-3
45583	56.2	-1.703	1E-3
45603	55.7	-1.703	1E-3
45623	55.5	-1.703	1E-3
45643	55.7	-1.703	1E-3
45663	55.1	-1.703	1E-3
45683	55	-1.703	1E-3
45703	55	-1.703	1E-3
45723	55	-1.703	1E-3
45743	54.4	-1.703	1E-3
45763	54.4	-1.703	1E-3
45783	54.4	-1.703	1E-3
45804	53.9	-1.703	1E-3
45824	54.1	-1.703	1E-3
45844	53.5	-1.703	1E-3
45864	53.5	-1.703	1E-3
45884	53.2	-1.703	1E-3
45904	53	-1.703	1E-3
45924	52.8	-1.703	1E-3
45944	52.8	-1.703	1E-3
45964	52.8	-1.703	1E-3
45984	52.5	-1.703	1E-3
46004	52.3	-1.703	1E-3
46024	52.1	-1.703	1E-3
46044	52	-1.703	1E-3
46064	51.6	-1.703	1E-3
46084	51.6	-1.703	1E-3
46104	52.1	-1.703	1E-3
46124	51.5	-1.703	1E-3
46144	51.1	-1.703	1E-3
46164	51.1	-1.703	1E-3
46184	50.8	-1.703	1E-3
46204	50.9	-1.703	1E-3
46224	50.6	-1.703	1E-3
46244	50.8	-1.703	1E-3
46264	50.6	-1.703	1E-3
46284	50.4	-1.703	1E-3
46304	49.9	-1.703	1E-3
46324	50	-1.703	1E-3
46344	49.5	-1.703	1E-3
46364	49.9	-1.703	1E-3
46384	49.5	-1.703	1E-3
46404	49.2	-1.703	1E-3
46424	49.2	-1.703	1E-3
46444	49.2	-1.703	1E-3
46464	48.8	-1.703	1E-3
46485	49	-1.703	1E-3
46505	48.6	-1.703	1E-3
46525	48.8	-1.703	1E-3
46549	48.6	-1.703	1E-3
46570	48.5	-1.703	1E-3
46590	48.3	-1.703	1E-3
46610	48.1	-1.703	1E-3
46630	48.1	-1.703	1E-3
46650	47.6	-1.704	1E-3
46670	47.6	-1.704	1E-3
46690	47.6	-1.704	1E-3
46710	47.4	-1.704	1E-3
46730	47.4	-1.704	1E-3
46750	46.9	-1.704	1E-3
46770	47.3	-1.704	1E-3
46790	46.9	-1.704	1E-3
46810	46.7	-1.704	1E-3
46830	46.7	-1.704	1E-3
46850	46.9	-1.704	1E-3
46870	46.6	-1.704	1E-3
46890	46.6	-1.704	1E-3
46910	46.4	-1.704	1E-3
46930	46.6	-1.704	1E-3
46950	46	-1.704	1E-3
46970	46	-1.704	1E-3
46990	45.8	-1.704	1E-3
47010	45.7	-1.704	1E-3
47030	45.7	-1.704	1E-3
47050	45.5	-1.704	1E-3
47070	45.5	-1.704	1E-3
47090	45.7	-1.704	1E-3
47110	45.1	-1.704	1E-3
47130	45.1	-1.704	1E-3
47150	45.1	-1.704	1E-3
47170	45.1	-1.704	1E-3
47190	44.6	-1.704	1E-3
47210	44.6	-1.704	1E-3
47230	44.8	-1.704	1E-3
47250	44.6	-1.704	1E-3
47270	44.6	-1.704	1E-3
47290	44.5	-1.704	1E-3
47310	44.3	-1.704	1E-3
47330	44.1	-1.704	1E-3
47350	43.9	-1.704	1E-3
47370	44.1	-1.704	1E-3
47390	43.8	-1.704	1E-3
47410	43.6	-1.704	1E-3
47430	43.4	-1.704	1E-3
47450	43.6	-1.704	1E-3
47470	43.4	-1.704	1E-3
47491	43.2	-1.704	1E-3
47511	43.2	-1.704	1E-3
47531	43.1	-1.704	1E-3
47551	42.9	-1.704	1E-3
47571	42.7	-1.704	1E-3
47591	42.9	-1.704	1E-3
47611	42.7	-1.704	1E-3
47631	42.7	-1.704	1E-3
47651	42.5	-1.704	1E-3
47671	42.5	-1.704	1E-3
47691	42.3	-1.704	1E-3
47711	42.2	-1.704	1E-3
47731	42.2	-1.704	1E-3
47751	42.3	-1.704	1E-3
47771	42	-1.704	1E-3
47791	42	-1.704	1E-3
47811	41.8	-1.704	1E-3
47831	41.7	-1.704	1E-3
47851	41.5	-1.704	1E-3
47871	41.5	-1.704	1E-3
47891	41.3	-1.704	1E-3
47911	41.1	-1.704	1E-3
47931	41.1	-1.704	1E-3
47951	41.3	-1.704	1E-3
47971	41.1	-1.704	1E-3
47991	41	-1.704	1E-3
48011	40.6	-1.705	1E-3
48031	40.6	-1.705	1E-3
48051	40.6	-1.705	1E-3
48071	40.4	-1.705	1E-3
48091	40.4	-1.705	1E-3
48112	40.4	-1.705	1E-3
48132	40.3	-1.705	1E-3
48152	40.4	-1.705	1E-3
48172	40.1	-1.705	1E-3
48192	40.1	-1.705	1E-3
48212	40.1	-1.705	1E-3
48232	40.1	-1.705	1E-3
48252	39.9	-1.705	1E-3
48272	39.7	-1.705	1E-3
48292	39.6	-1.705	1E-3
48312	39.6	-1.705	1E-3
48332	39.4	-1.705	1E-3
48352	39.4	-1.705	1E-3
48372	39.2	-1.705	1E-3
48392	39.4	-1.705	1E-3
48412	38.8	-1.705	1E-3
48432	38.8	-1.705	1E-3
48452	38.7	-1.705	1E-3
48472	38.7	-1.705	1E-3
48492	38.7	-1.705	1E-3
48512	38.8	-1.705	1E-3
48532	38.5	-1.705	1E-3
48552	38.7	-1.705	1E-3
48572	38.3	-1.705	1E-3
48592	38.5	-1.705	1E-3
48612	38.3	-1.705	1E-3
48632	38.3	-1.705	1E-3
48652	38.3	-1.705	1E-3
48672	38.2	-1.705	1E-3
48692	38	-1.705	1E-3
48712	37.8	-1.705	1E-3
48732	37.6	-1.705	1E-3
48752	37.6	-1.705	1E-3
48772	38	-1.705	1E-3
48792	37.5	-1.705	1E-3
48812	37.8	-1.705	1E-3
48832	37.6	-1.705	1E-3
48852	37.6	-1.705	1E-3
48872	37.5	-1.705	1E-3
48892	37.5	-1.705	1E-3
48912	37.3	-1.705	1E-3
48932	37.1	-1.705	1E-3
48952	37.1	-1.705	1E-3
48972	36.9	-1.705	1E-3
48992	36.9	-1.705	1E-3
49012	36.9	-1.705	1E-3
49032	37.1	-1.705	1E-3
49052	36.8	-1.705	1E-3
49072	36.6	-1.705	1E-3
49093	36.8	-1.705	1E-3
49113	36.6	-1.705	1E-3
49133	36.8	-1.705	1E-3
49153	36.8	-1.705	1E-3
49173	36.4	-1.705	1E-3
49193	36.4	-1.705	1E-3
49213	36.6	-1.705	1E-3
49233	36.4	-1.705	1E-3
49253	36.2	-1.705	1E-3
49273	36	-1.705	1E-3
49293	36.2	-1.705	1E-3
49313	36.2	-1.705	1E-3
49333	36	-1.705	1E-3
49353	35.9	-1.705	1E-3
49373	36.2	-1.705	1E-3
49393	35.9	-1.705	1E-3
49413	35.9	-1.705	1E-3
49433	35.9	-1.705	1E-3
49453	35.7	-1.705	1E-3
49473	35.5	-1.705	1E-3
49493	35.2	-1.705	1E-3
49513	35.7	-1.705	1E-3
49533	35.2	-1.705	1E-3
49553	35.3	-1.705	1E-3
49573	35.5	-1.705	1E-3
49593	35.2	-1.705	1E-3
49613	35.5	-1.705	1E-3
49633	35.2	-1.705	1E-3
49653	35	-1.705	1E-3
49673	34.7	-1.705	1E-3
49693	34.8	-1.705	1E-3
49713	34.5	-1.705	1E-3
49733	34.5	-1.705	1E-3
49753	34.5	-1.705	1E-3
49773	34.5	-1.705	1E-3
49793	34.5	-1.705	1E-3
49813	34.5	-1.705	1E-3
49833	34.3	-1.705	1E-3
49854	34.5	-1.706	1E-3
