20	2.52224E-4	3.83789447138998E-7
21	2.948092E-4	3.86308934055514E-7
22	2.809335E-4	3.88828420972031E-7
23	2.864754E-4	3.91347907888547E-7
24	2.972426E-4	3.93867394805064E-7
25	4.194964E-4	3.9638688172158E-7
26	4.370406E-4	3.98906368638097E-7
27	4.418996E-4	4.01425855554614E-7
28	4.542649E-4	4.0394534247113E-7
29	5.035552E-4	4.06464829387647E-7
30	6.152549E-4	4.08984316304163E-7
31	6.004066E-4	4.1150380322068E-7
32	6.063709E-4	4.14023290137196E-7
33	6.125613E-4	4.16542777053713E-7
34	6.187964E-4	4.19062263970229E-7
35	6.249546E-4	4.21581750886746E-7
36	6.316506E-4	4.24101237803262E-7
37	6.38288E-4	4.26620724719779E-7
38	6.48154E-4	4.29140211636295E-7
39	7.06754E-4	4.31659698552812E-7
40	8.18411E-4	4.34179185469328E-7
41	7.93734E-4	4.36698672385845E-7
42	8.04597E-4	4.39218159302361E-7
43	8.09773E-4	4.41737646218878E-7
44	8.16518E-4	4.44257133135394E-7
45	8.23042E-4	4.46776620051911E-7
46	8.29652E-4	4.49296106968427E-7
47	8.36286E-4	4.51815593884944E-7
48	8.42769E-4	4.5433508080146E-7
49	8.50045E-4	4.56854567717977E-7
50	8.55525E-4	4.59374054634493E-7
51	8.70274E-4	4.6189354155101E-7
52	8.60435E-4	4.64413028467526E-7
53	8.73847E-4	4.66932515384043E-7
54	0.00104675	4.69452002300559E-7
55	0.001034344	4.71971489217076E-7
56	0.001032619	4.74490976133592E-7
57	0.001038965	4.77010463050109E-7
58	0.001044484	4.79529949966625E-7
59	0.001051656	4.82049436883142E-7
60	0.001058529	4.84568923799659E-7
61	0.001065533	4.87088410716175E-7
62	0.001072525	4.89607897632692E-7
63	0.001079546	4.92127384549208E-7
64	0.001086587	4.94646871465725E-7
65	0.001093649	4.97166358382241E-7
66	0.001100731	4.99685845298758E-7
67	0.001107832	5.02205332215274E-7
68	0.001114953	5.04724819131791E-7
69	0.001122092	5.07244306048307E-7
70	0.001129249	5.09763792964824E-7
71	0.001136424	5.1228327988134E-7
72	0.001143619	5.14802766797857E-7
73	0.001150823	5.17322253714373E-7
74	0.001158058	5.1984174063089E-7
75	0.001165316	5.22361227547406E-7
76	0.001172487	5.24880714463923E-7
77	0.00118021	5.27400201380439E-7
78	0.001186858	5.29919688296956E-7
79	0.001192734	5.32439175213472E-7
80	0.001206137	5.34958662129989E-7
81	0.001205039	5.37478149046505E-7
82	0.001211228	5.39997635963022E-7
83	0.001343787	5.42517122879538E-7
84	0.00138617	5.45036609796055E-7
85	0.001367528	5.47556096712571E-7
86	0.001378925	5.50075583629088E-7
87	0.001388602	5.52595070545604E-7
88	0.001394052	5.55114557462121E-7
89	0.001401638	5.57634044378637E-7
90	0.001409405	5.60153531295154E-7
91	0.001416727	5.6267301821167E-7
92	0.001424191	5.65192505128187E-7
93	0.001431659	5.67711992044704E-7
94	0.001439111	5.7023147896122E-7
95	0.00144658	5.72750965877737E-7
96	0.001454053	5.75270452794253E-7
97	0.001461533	5.7778993971077E-7
98	0.001469018	5.80309426627286E-7
99	0.001476508	5.82828913543803E-7
100	0.001484002	5.85348400460319E-7
101	0.001491501	5.87867887376836E-7
102	0.001499004	5.90387374293352E-7
103	0.00150651	5.92906861209869E-7
104	0.001514019	5.95426348126385E-7
105	0.00152153	5.97945835042902E-7
106	0.001529043	6.00465321959418E-7
107	0.001536557	6.02984808875935E-7
108	0.001544073	6.05504295792451E-7
109	0.001551589	6.08023782708968E-7
110	0.001559105	6.10543269625484E-7
111	0.001566621	6.13062756542001E-7
112	0.001574136	6.15582243458517E-7
113	0.00158165	6.18101730375034E-7
114	0.001589162	6.2062121729155E-7
115	0.001596671	6.23140704208067E-7
116	0.001604179	6.25660191124583E-7
117	0.001611683	6.281796780411E-7
118	0.001619183	6.30699164957616E-7
119	0.00162668	6.33218651874133E-7
120	0.001634172	6.35738138790649E-7
121	0.00164166	6.38257625707166E-7
122	0.001649142	6.40777112623682E-7
123	0.001656618	6.43296599540199E-7
124	0.001664088	6.45816086456715E-7
125	0.001671551	6.48335573373232E-7
126	0.001679007	6.50855060289749E-7
127	0.001686455	6.53374547206265E-7
128	0.001693895	6.55894034122782E-7
129	0.001701328	6.58413521039298E-7
130	0.001708753	6.60933007955815E-7
131	0.00171617	6.63452494872331E-7
132	0.001723579	6.65971981788848E-7
133	0.001730982	6.68491468705364E-7
134	0.001738377	6.71010955621881E-7
135	0.001745765	6.73530442538397E-7
136	0.001753146	6.76049929454914E-7
137	0.001760521	6.7856941637143E-7
138	0.001767889	6.81088903287947E-7
139	0.001775251	6.83608390204463E-7
140	0.001782606	6.8612787712098E-7
141	0.001789956	6.88647364037496E-7
142	0.0017973	6.91166850954013E-7
143	0.001804637	6.93686337870529E-7
144	0.00181197	6.96205824787046E-7
145	0.001819297	6.98725311703562E-7
146	0.001826618	7.01244798620079E-7
147	0.001833935	7.03764285536595E-7
148	0.001841246	7.06283772453112E-7
149	0.001848553	7.08803259369628E-7
150	0.001855855	7.11322746286145E-7
151	0.001863151	7.13842233202661E-7
152	0.001870447	7.16361720119178E-7
153	0.001877733	7.18881207035694E-7
154	0.001884998	7.21400693952211E-7
155	0.00189231	7.23920180868727E-7
156	0.001899649	7.26439667785244E-7
157	0.001906735	7.2895915470176E-7
158	0.001913775	7.31478641618277E-7
159	0.001921696	7.33998128534793E-7
160	0.001929337	7.3651761545131E-7
161	0.001932969	7.39037102367827E-7
162	0.001945853	7.41556589284343E-7
163	0.001961341	7.4407607620086E-7
164	0.001955444	7.46595563117376E-7
165	0.001887054	7.49115050033893E-7
166	0.001831781	7.51634536950409E-7
167	0.001829139	7.54154023866926E-7
168	0.001854316	7.56673510783442E-7
169	0.001863592	7.59192997699959E-7
170	0.00186125	7.61712484616475E-7
171	0.001872067	7.64231971532992E-7
172	0.001882972	7.66751458449508E-7
173	0.00189286	7.69270945366025E-7
174	0.001892621	7.7055642694453E-7
175	0.001902663	7.71841908523036E-7
176	0.001912694	7.73127390101541E-7
177	0.001922674	7.74412871680046E-7
178	0.00192267	7.75698353258552E-7
179	0.001932676	7.76983834837057E-7
180	0.001942676	7.78269316415563E-7
181	0.001942675	7.79554797994068E-7
182	0.001952676	7.80840279572574E-7
183	0.001962675	7.82125761151079E-7
184	0.001972674	7.83411242729584E-7
185	0.001972678	7.8469672430809E-7
186	0.001982681	7.85982205886595E-7
187	0.001992665	7.87267687465101E-7
188	0.001992655	7.88553169043606E-7
189	0.002002723	7.89838650622112E-7
190	0.002012768	7.91124132200617E-7
191	0.002022532	7.92409613779122E-7
192	0.002022314	7.93695095357628E-7
193	0.002033055	7.94980576936133E-7
194	0.002042884	7.96266058514639E-7
195	0.002047836	7.97551540093144E-7
196	0.002045888	8.00173979490649E-7
197	0.002068382	8.02796418888155E-7
198	0.002082914	8.0541885828566E-7
199	0.002013883	8.08041297683165E-7
200	0.001940494	8.1066373708067E-7
201	0.001936426	8.13286176478176E-7
202	0.00196658	8.15908615875681E-7
203	0.001974639	8.18531055273186E-7
204	0.001980038	8.21153494670691E-7
205	0.001987428	8.23775934068196E-7
206	0.001998517	8.26398373465702E-7
207	0.001999064	8.29072289103701E-7
208	0.002008815	8.31746204741701E-7
209	0.00201885	8.344201203797E-7
210	0.002018921	8.370940360177E-7
211	0.00202891	8.397679516557E-7
212	0.002038893	8.42441867293699E-7
213	0.002048898	8.45115782931699E-7
214	0.002048887	8.47789698569698E-7
215	0.002058893	8.50463614207698E-7
216	0.002068973	8.53137529845698E-7
217	0.002078936	8.55811445483697E-7
218	0.002078618	8.58536837362191E-7
219	0.002088585	8.61262229240685E-7
220	0.002099575	8.63987621119179E-7
221	0.002109803	8.66713012997673E-7
222	0.002106078	8.69438404876167E-7
223	0.002115957	8.72163796754661E-7
224	0.00214052	8.74889188633155E-7
225	0.002147928	8.77614580511649E-7
226	0.002082623	8.80339972390143E-7
227	0.002014034	8.83065364268637E-7
228	0.002003268	8.8579075614713E-7
229	0.002018452	8.87179190206625E-7
230	0.00203782	8.88567624266119E-7
231	0.002044551	8.89956058325613E-7
232	0.002053846	8.91344492385107E-7
233	0.002055016	8.92732926444601E-7
234	0.002065446	8.94121360504095E-7
235	0.002075174	8.95509794563589E-7
236	0.00208503	8.96898228623084E-7
237	0.002085095	8.98286662682578E-7
238	0.002095132	8.99675096742072E-7
239	0.002105116	9.01063530801566E-7
240	0.002115116	9.0245196486106E-7
241	0.002115115	9.03840398920554E-7
242	0.002125102	9.05228832980048E-7
243	0.002135114	9.06617267039543E-7
244	0.002145166	9.08005701099037E-7
245	0.002145117	9.09394135158531E-7
246	0.002154904	9.10782569218025E-7
247	0.00216497	9.12171003277519E-7
248	0.002175592	9.13559437337013E-7
249	0.002174259	9.14947871396507E-7
250	0.002180812	9.16336305456002E-7
251	0.002191414	9.19164649815484E-7
252	0.002211578	9.21992994174967E-7
253	0.002221283	9.2482133853445E-7
254	0.00217404	9.27649682893932E-7
255	0.002115706	9.30478027253415E-7
256	0.002090905	9.33306371612898E-7
257	0.002106596	9.3613471597238E-7
258	0.002113723	9.38963060331863E-7
259	0.002121338	9.41791404691346E-7
260	0.00213024	9.44619749050828E-7
261	0.002140984	9.47448093410311E-7
262	0.002141477	9.50327914010288E-7
263	0.002151311	9.53207734610265E-7
264	0.002161248	9.56087555210242E-7
265	0.002171297	9.58967375810219E-7
266	0.00217134	9.61847196410196E-7
267	0.002181334	9.64727017010173E-7
268	0.002191382	9.6760683761015E-7
269	0.002201413	9.70486658210127E-7
270	0.00221126	9.73366478810104E-7
271	0.002211157	9.76246299410081E-7
272	0.002221845	9.79126120010058E-7
273	0.002232206	9.82057416850529E-7
274	0.002239712	9.84988713691001E-7
275	0.002236846	9.87920010531472E-7
276	0.002251559	9.90851307371944E-7
277	0.002268776	9.93782604212415E-7
278	0.002238747	9.96713901052886E-7
279	0.002164974	9.99645197893357E-7
280	0.00213322	1.00257649473383E-6
281	0.002147041	1.0055077915743E-6
282	0.002169401	1.00843908841477E-6
283	0.002178726	1.01137038525524E-6
284	0.002176427	1.01435315833621E-6
285	0.00218694	1.01733593141717E-6
286	0.002197786	1.02031870449814E-6
287	0.002207777	1.02330147757911E-6
288	0.002207543	1.02628425066007E-6
289	0.002217554	1.02926702374104E-6
290	0.002227554	1.032249796822E-6
291	0.002237524	1.03523256990297E-6
292	0.002247569	1.03821534298393E-6
293	0.002247648	1.0411981160649E-6
294	0.002257316	1.04418088914587E-6
295	0.002266997	1.04721513846733E-6
296	0.002277995	1.05024938778879E-6
297	0.002279702	1.05328363711025E-6
298	0.002287725	1.05631788643171E-6
299	0.002291955	1.05935213575317E-6
300	0.002312773	1.06238638507463E-6
301	0.002352056	1.06542063439609E-6
302	0.002352111	1.06845488371755E-6
303	0.002282296	1.07148913303901E-6
304	0.002190288	1.07452338236047E-6
305	0.002189318	1.07755763168193E-6
306	0.00221595	1.0791004944629E-6
307	0.002233697	1.08064335724388E-6
308	0.002237327	1.08218622002486E-6
309	0.002242493	1.08372908280584E-6
310	0.002253615	1.08527194558681E-6
311	0.002254403	1.08681480836779E-6
312	0.002264036	1.08835767114877E-6
313	0.002273696	1.08990053392974E-6
314	0.002283787	1.09144339671072E-6
315	0.002293899	1.0929862594917E-6
316	0.002293861	1.09452912227268E-6
317	0.002303589	1.09607198505365E-6
318	0.002313402	1.09761484783463E-6
319	0.002323926	1.09915771061561E-6
320	0.002324653	1.10070057339658E-6
321	0.002332298	1.10224343617756E-6
322	0.002339693	1.10378629895854E-6
323	0.002357965	1.10532916173952E-6
324	0.002379422	1.10687202452049E-6
325	0.00235366	1.10841488730147E-6
326	0.0022896486	1.10995775008245E-6
327	0.0022386653	1.11150061286343E-6
328	0.0022379993	1.11463781466587E-6
329	0.00226275822	1.11777501646832E-6
330	0.00227230848	1.12091221827077E-6
331	0.002279760516	1.12404942007322E-6
332	0.00228870474	1.12718662187567E-6
333	0.002299624644	1.13032382367812E-6
334	0.002310316901	1.13346102548057E-6
335	0.002310213521	1.13659822728302E-6
336	0.0023199076902	1.13973542908546E-6
337	0.0023299152091	1.14287263088791E-6
338	0.002340457106	1.14600983269036E-6
339	0.002340575868	1.14919851073331E-6
340	0.00234888358	1.15238718877625E-6
341	0.00235715975	1.15557586681919E-6
342	0.00237035399	1.15876454486213E-6
343	0.00238273996	1.16195322290508E-6
344	0.0023492718	1.16514190094802E-6
345	0.0023018444	1.16833057899096E-6
346	0.002265634	1.17151925703391E-6
347	0.002265098	1.17470793507685E-6
348	0.002283989	1.17789661311979E-6
349	0.002288861	1.18108529116274E-6
350	0.002296997	1.18432544544617E-6
351	0.002305824	1.18756559972961E-6
352	0.002316325	1.19080575401305E-6
353	0.002326359	1.19404590829649E-6
354	0.002326208	1.19728606257992E-6
355	0.002336234	1.20052621686336E-6
356	0.002346272	1.2037663711468E-6
357	0.002356108	1.20700652543024E-6
358	0.002366305	1.21024667971367E-6
359	0.00236728	1.21348683399711E-6
360	0.002377005	1.21672698828055E-6
361	0.002383681	1.22001861880448E-6
362	0.002393096	1.22331024932841E-6
363	0.002413583	1.22660187985234E-6
364	0.002406221	1.22989351037628E-6
365	0.00235385	1.23318514090021E-6
366	0.002296647	1.23647677142414E-6
367	0.002291674	1.23976840194807E-6
368	0.002313989	1.243060032472E-6
369	0.002316659	1.24635166299594E-6
370	0.002322875	1.24964329351987E-6
371	0.002330882	1.2529349240438E-6
372	0.002341381	1.25627803080823E-6
373	0.002352389	1.25962113757265E-6
374	0.002352439	1.26296424433708E-6
375	0.002362426	1.2663073511015E-6
376	0.002372461	1.26965045786593E-6
377	0.002382307	1.27299356463036E-6
378	0.002392296	1.27633667139478E-6
379	0.002392954	1.27967977815921E-6
380	0.002403609	1.28302288492364E-6
381	0.002412785	1.28636599168806E-6
382	0.002421482	1.28970909845249E-6
383	0.002441467	1.29310368145741E-6
384	0.002443917	1.29649826446233E-6
385	0.002415769	1.29989284746725E-6
386	0.002357962	1.30328743047217E-6
387	0.002321953	1.30668201347709E-6
388	0.002330961	1.31007659648201E-6
389	0.002340706	1.31347117948693E-6
390	0.002349958	1.31686576249185E-6
391	0.002357804	1.32026034549677E-6
392	0.00236821	1.32365492850169E-6
393	0.002378877	1.32704951150661E-6
394	0.002378815	1.33049557075203E-6
395	0.002388601	1.33394162999744E-6
396	0.002398573	1.33738768924286E-6
397	0.002408635	1.34083374848827E-6
398	0.002418664	1.34427980773369E-6
399	0.002418677	1.3477258669791E-6
400	0.002428725	1.35117192622452E-6
401	0.002438713	1.35461798546993E-6
402	0.002448577	1.35806404471535E-6
403	0.002458853	1.36151010396076E-6
404	0.002459685	1.36495616320618E-6
405	0.00246974	1.36845369869209E-6
406	0.002477724	1.371951234178E-6
407	0.002491561	1.37544876966391E-6
408	0.002515969	1.37894630514982E-6
409	0.002517655	1.38244384063573E-6
410	0.002491008	1.38594137612163E-6
411	0.002431628	1.38943891160754E-6
412	0.002393914	1.39293644709345E-6
413	0.002406187	1.39643398257936E-6
414	0.002409235	1.39993151806527E-6
415	0.002417397	1.40342905355118E-6
416	0.002424852	1.40697806527758E-6
417	0.002434572	1.41052707700399E-6
418	0.002445033	1.41407608873039E-6
419	0.002455016	1.4176251004568E-6
420	0.002454865	1.4211741121832E-6
421	0.002464859	1.4247231239096E-6
422	0.002474923	1.42827213563601E-6
423	0.002484951	1.43182114736241E-6
424	0.002494858	1.43537015908881E-6
425	0.002494718	1.43891917081522E-6
426	0.00250501	1.44246818254162E-6
427	0.002515696	1.44606867050852E-6
428	0.002525516	1.44966915847542E-6
429	0.002533809	1.45326964644231E-6
430	0.00253996	1.45687013440921E-6
431	0.002558055	1.46047062237611E-6
432	0.002551318	1.46407111034301E-6
433	0.002507454	1.46767159830991E-6
434	0.00245933	1.4712720862768E-6
435	0.002436364	1.4748725742437E-6
436	0.002452669	1.4784730622106E-6
437	0.002463957	1.4820735501775E-6
438	0.002471535	1.48389953228119E-6
439	0.002480422	1.48572551438489E-6
440	0.002490914	1.48755149648859E-6
441	0.002491321	1.48937747859228E-6
442	0.002501254	1.49120346069598E-6
443	0.002511098	1.49302944279968E-6
444	0.002521104	1.49485542490337E-6
445	0.00253112	1.49668140700707E-6
446	0.002531113	1.49850738911076E-6
447	0.002541103	1.50033337121446E-6
448	0.002551104	1.50215935331816E-6
449	0.002561105	1.50398533542185E-6
450	0.002571098	1.50581131752555E-6
451	0.002581115	1.50763729962925E-6
452	0.002581119	1.50946328173294E-6
453	0.002591	1.51128926383664E-6
454	0.002601058	1.51311524594033E-6
455	0.002611594	1.51494122804403E-6
456	0.00262183	1.51676721014773E-6
457	0.002620609	1.51859319225142E-6
458	0.002628952	1.52041917435512E-6
459	0.002642073	1.52224515645881E-6
460	0.002649142	1.5259485969067E-6
461	0.002617822	1.52965203735459E-6
462	0.002571516	1.53335547780248E-6
463	0.002535151	1.53705891825036E-6
464	0.002545201	1.54076235869825E-6
465	0.002559596	1.54446579914613E-6
466	0.002568045	1.54816923959402E-6
467	0.00257704	1.55187268004191E-6
468	0.002577485	1.5555761204898E-6
469	0.002587585	1.55927956093768E-6
470	0.002597444	1.56298300138557E-6
471	0.002607301	1.56673791807395E-6
472	0.002617285	1.57049283476233E-6
473	0.00262732	1.57424775145071E-6
474	0.002627322	1.57800266813909E-6
475	0.002637331	1.58175758482747E-6
476	0.002647277	1.58551250151586E-6
477	0.002657067	1.58926741820424E-6
478	0.002667054	1.59302233489262E-6
479	0.002677596	1.596777251581E-6
480	0.00267738	1.60053216826938E-6
481	0.002684884	1.60428708495776E-6
482	0.002697752	1.60809347788664E-6
483	0.002717107	1.61189987081551E-6
484	0.002712865	1.61570626374439E-6
485	0.002668043	1.61951265667326E-6
486	0.00260966	1.62331904960214E-6
487	0.002601091	1.62712544253101E-6
488	0.002616342	1.63093183545989E-6
489	0.002626125	1.63473822838876E-6
490	0.00263384	1.63854462131764E-6
491	0.002643068	1.64235101424651E-6
492	0.002643507	1.64615740717539E-6
493	0.002653591	1.65001527634476E-6
494	0.002663479	1.65387314551413E-6
495	0.002673459	1.6577310146835E-6
496	0.002683516	1.66158888385287E-6
497	0.002693617	1.66544675302224E-6
498	0.002693594	1.66930462219161E-6
499	0.002703327	1.67316249136098E-6
500	0.00271375	1.67702036053035E-6
501	0.002724926	1.68087822969972E-6
502	0.002733833	1.68473609886909E-6
503	0.002739788	1.68859396803846E-6
504	0.002746054	1.69243182274719E-6
505	0.002769763	1.69626967745592E-6
506	0.002748495	1.70010753216466E-6
507	0.00267	1.70394538687339E-6
508	0.00263	1.70778324158212E-6
509	0.00265	1.71162109629086E-6
510	0.00267	1.71545895099959E-6
511	0.00267	1.71929680570832E-6
512	0.00268	1.72313466041706E-6
513	0.00269	1.72697251512579E-6
514	0.0027	1.73081036983452E-6
515	0.00271	1.73313908288109E-6
516	0.00272	1.73546779592766E-6
517	0.00272	1.73779650897422E-6
518	0.00273	1.74012522202079E-6
519	0.00274	1.74245393506736E-6
520	0.00275	1.74478264811392E-6
521	0.00276	1.74711136116049E-6
522	0.00277	1.74944007420706E-6
523	0.00278	1.75176878725362E-6
524	0.00278	1.75409750030019E-6
525	0.00279	1.75642621334676E-6
526	0.00282	1.75835475559431E-6
527	0.00281	1.76028329784186E-6
528	0.00274	1.76221184008941E-6
529	0.00268	1.76414038233696E-6
530	0.00269	1.76606892458452E-6
531	0.0027	1.76799746683207E-6
532	0.00272	1.76992600907962E-6
533	0.00273	1.77185455132717E-6
534	0.00274	1.77378309357473E-6
535	0.00275	1.77571163582228E-6
536	0.00276	1.77764017806983E-6
537	0.00277	1.77956872031738E-6
538	0.00277	1.78149726256493E-6
539	0.00278	1.78342580481249E-6
540	0.00279	1.78535434706004E-6
541	0.00279	1.78728288930759E-6
542	0.0028	1.78921143155514E-6
543	0.00283	1.7911399738027E-6
544	0.00282	1.79306851605025E-6
545	0.00277	1.7949970582978E-6
546	0.00271	1.79692560054535E-6
547	0.0027	1.7988541427929E-6
548	0.00272	1.80381595326313E-6
549	0.00273	1.80877776373335E-6
550	0.00274	1.81373957420357E-6
551	0.00275	1.81870138467379E-6
552	0.00276	1.82366319514401E-6
553	0.00277	1.82862500561423E-6
554	0.00277	1.83358681608445E-6
555	0.00278	1.83854862655467E-6
556	0.00279	1.84351043702489E-6
557	0.0028	1.84847224749511E-6
558	0.00281	1.85343405796533E-6
559	0.00282	1.85629584788429E-6
560	0.00283	1.85915763780325E-6
561	0.0028	1.8620194277222E-6
562	0.00274	1.86488121764116E-6
563	0.00271	1.86774300756011E-6
564	0.00272	1.87060479747907E-6
565	0.00274	1.87346658739802E-6
566	0.00275	1.87632837731698E-6
567	0.00276	1.87919016723593E-6
568	0.00277	1.88205195715489E-6
569	0.00278	1.88491374707385E-6
570	0.00278	1.88924510797846E-6
571	0.00279	1.89357646888308E-6
572	0.0028	1.8979078297877E-6
573	0.00281	1.90223919069232E-6
574	0.00282	1.90657055159694E-6
575	0.00283	1.91090191250155E-6
576	0.00284	1.91523327340617E-6
577	0.00285	1.91956463431079E-6
578	0.00286	1.92389599521541E-6
579	0.00285	1.92822735612003E-6
580	0.00281	1.93255871702465E-6
581	0.00276	1.93660415538616E-6
582	0.00275	1.94064959374767E-6
583	0.00277	1.94469503210918E-6
584	0.00278	1.94874047047069E-6
585	0.00279	1.9527859088322E-6
586	0.00279	1.95683134719371E-6
587	0.0028	1.96087678555522E-6
588	0.0028	1.96492222391673E-6
589	0.00281	1.96896766227824E-6
590	0.00282	1.97301310063975E-6
591	0.00283	1.97705853900126E-6
592	0.00284	1.98156504629258E-6
593	0.00285	1.9860715535839E-6
594	0.00286	1.99057806087521E-6
595	0.00287	1.99508456816653E-6
596	0.00287	1.99959107545785E-6
597	0.00289	2.00409758274916E-6
598	0.00287	2.00860409004048E-6
599	0.00281	2.01311059733179E-6
600	0.00278	2.01761710462311E-6
601	0.00279	2.02212361191443E-6
602	0.0028	2.02663011920574E-6
603	0.00281	2.03102120532042E-6
604	0.00282	2.0354122914351E-6
605	0.00282	2.03980337754977E-6
606	0.00283	2.04419446366445E-6
607	0.00284	2.04858554977913E-6
608	0.00285	2.0529766358938E-6
609	0.00286	2.05736772200848E-6
610	0.00287	2.06175880812316E-6
611	0.00288	2.06614989423783E-6
612	0.00289	2.07054098035251E-6
613	0.0029	2.07493206646719E-6
614	0.0029	2.07791127568616E-6
615	0.00291	2.08089048490514E-6
616	0.00292	2.08386969412412E-6
617	0.00293	2.0868489033431E-6
618	0.00292	2.08982811256208E-6
619	0.00288	2.09280732178106E-6
620	0.00284	2.09578653100004E-6
621	0.00283	2.09876574021902E-6
622	0.00285	2.101744949438E-6
623	0.00285	2.10472415865698E-6
624	0.00286	2.10770336787596E-6
625	0.00287	2.11155399178623E-6
626	0.00288	2.1154046156965E-6
627	0.00289	2.11925523960678E-6
628	0.0029	2.12310586351705E-6
629	0.00291	2.12695648742732E-6
630	0.00292	2.1308071113376E-6
631	0.00293	2.13465773524787E-6
632	0.00293	2.13850835915814E-6
633	0.00294	2.14235898306841E-6
634	0.00295	2.14620960697869E-6
635	0.00296	2.15006023088896E-6
636	0.00297	2.15420482408768E-6
637	0.00298	2.15834941728641E-6
638	0.00299	2.16249401048513E-6
639	0.00301	2.16663860368386E-6
640	0.00298	2.17078319688258E-6
641	0.0029	2.17492779008131E-6
642	0.00287	2.17907238328003E-6
643	0.00288	2.18321697647876E-6
644	0.0029	2.18736156967748E-6
645	0.00291	2.19150616287621E-6
646	0.00292	2.19565075607493E-6
647	0.00293	2.19985761319737E-6
648	0.00294	2.20406447031981E-6
649	0.00294	2.20827132744225E-6
650	0.00295	2.21247818456469E-6
651	0.00296	2.21668504168713E-6
652	0.00297	2.22089189880957E-6
653	0.00298	2.22509875593201E-6
654	0.00299	2.22930561305445E-6
655	0.003	2.23351247017689E-6
656	0.00301	2.23771932729933E-6
657	0.00302	2.24192618442177E-6
658	0.00302	2.25002309379336E-6
659	0.00303	2.25812000316495E-6
660	0.00303	2.26621691253654E-6
661	0.00298	2.27431382190813E-6
662	0.00294	2.28241073127972E-6
663	0.00294	2.29050764065131E-6
664	0.00295	2.2986045500229E-6
665	0.00296	2.30670145939449E-6
666	0.00297	2.31479836876608E-6
667	0.00297	2.32289527813767E-6
668	0.00298	2.33099218750925E-6
669	0.00299	2.33331608936552E-6
670	0.003	2.33563999122178E-6
671	0.00301	2.33796389307804E-6
672	0.00302	2.3402877949343E-6
673	0.00303	2.34261169679057E-6
674	0.00304	2.34493559864683E-6
675	0.00304	2.34725950050309E-6
676	0.00305	2.34958340235935E-6
677	0.00306	2.35190730421562E-6
678	0.00307	2.35423120607188E-6
679	0.00308	2.35655510792814E-6
680	0.00309	2.3588790097844E-6
681	0.0031	2.36120291164067E-6
682	0.00311	2.36352681349693E-6
683	0.00312	2.36585071535319E-6
684	0.00312	2.36817461720945E-6
685	0.00313	2.37049851906572E-6
686	0.00314	2.37282242092198E-6
687	0.00315	2.37514632277824E-6
688	0.00316	2.3774702246345E-6
689	0.00317	2.37979412649077E-6
690	0.00318	2.38211802834703E-6
691	0.00319	2.38783772058401E-6
692	0.00318	2.393557412821E-6
693	0.00312	2.39927710505798E-6
694	0.00308	2.40499679729497E-6
695	0.00307	2.41071648953196E-6
696	0.00309	2.41643618176894E-6
697	0.00311	2.42215587400593E-6
698	0.00312	2.42787556624291E-6
699	0.00313	2.4335952584799E-6
700	0.00314	2.43931495071689E-6
701	0.00315	2.44503464295387E-6
702	0.00316	2.45097267524026E-6
703	0.00316	2.45691070752665E-6
704	0.00317	2.46284873981305E-6
705	0.00318	2.46878677209944E-6
706	0.00319	2.47472480438583E-6
707	0.0032	2.48066283667222E-6
708	0.00321	2.48660086895861E-6
709	0.00322	2.49253890124501E-6
710	0.00323	2.4984769335314E-6
711	0.00324	2.50441496581779E-6
712	0.00319	2.51035299810418E-6
713	0.00314	2.51251630893662E-6
714	0.00312	2.51467961976906E-6
715	0.00313	2.51684293060149E-6
716	0.00314	2.51900624143393E-6
717	0.00315	2.52116955226637E-6
718	0.00316	2.52333286309881E-6
719	0.00317	2.52549617393124E-6
720	0.00318	2.52765948476368E-6
721	0.00319	2.52982279559612E-6
722	0.00319	2.53198610642856E-6
723	0.0032	2.53414941726099E-6
724	0.00321	2.53631272809343E-6
725	0.00322	2.53847603892587E-6
726	0.00323	2.5406393497583E-6
727	0.00324	2.54280266059074E-6
728	0.00325	2.54496597142318E-6
729	0.00326	2.54712928225562E-6
730	0.00327	2.54929259308805E-6
731	0.00328	2.55145590392049E-6
732	0.00329	2.55361921475293E-6
733	0.00329	2.55578252558537E-6
734	0.0033	2.5579458364178E-6
735	0.00333	2.55982753994764E-6
736	0.00332	2.56170924347748E-6
737	0.00326	2.56359094700731E-6
738	0.00321	2.56547265053715E-6
739	0.00322	2.56735435406699E-6
740	0.00323	2.56923605759682E-6
741	0.00324	2.57111776112666E-6
742	0.00325	2.5729994646565E-6
743	0.00326	2.57488116818633E-6
744	0.00326	2.57676287171617E-6
745	0.00327	2.57864457524601E-6
746	0.00328	2.58335367066896E-6
747	0.00329	2.5880627660919E-6
748	0.0033	2.59277186151485E-6
749	0.00331	2.5974809569378E-6
750	0.00332	2.60219005236075E-6
751	0.00333	2.6068991477837E-6
752	0.00334	2.61160824320665E-6
753	0.00335	2.61631733862959E-6
754	0.00336	2.62102643405254E-6
755	0.00337	2.62573552947549E-6
756	0.00338	2.63044462489844E-6
757	0.00338	2.63551061413084E-6
758	0.00339	2.64057660336324E-6
759	0.0034	2.64564259259563E-6
760	0.00341	2.65070858182803E-6
761	0.00342	2.65577457106043E-6
762	0.00342	2.66084056029283E-6
763	0.00338	2.66590654952523E-6
764	0.00334	2.67097253875763E-6
765	0.00332	2.67603852799002E-6
766	0.00333	2.68110451722242E-6
767	0.00335	2.68617050645482E-6
768	0.00335	2.68894676898077E-6
769	0.00336	2.69172303150673E-6
770	0.00336	2.69449929403268E-6
771	0.00337	2.69727555655864E-6
772	0.00338	2.70005181908459E-6
773	0.00339	2.70282808161055E-6
774	0.00341	2.7056043441365E-6
775	0.00342	2.70838060666246E-6
776	0.00343	2.71115686918841E-6
777	0.00344	2.71393313171437E-6
778	0.00351	2.71670939424032E-6
779	0.00355	2.71796386053822E-6
780	0.00341	2.71921832683612E-6
781	0.00325	2.72047279313402E-6
782	0.00326	2.72172725943192E-6
783	0.00335	2.72298172572981E-6
784	0.00337	2.72423619202771E-6
785	0.00337	2.72549065832561E-6
786	0.00338	2.72674512462351E-6
787	0.00339	2.72799959092141E-6
788	0.0034	2.72925405721931E-6
789	0.00341	2.7305085235172E-6
790	0.00342	2.7317629898151E-6
791	0.00343	2.733017456113E-6
792	0.00344	2.7342719224109E-6
793	0.00345	2.7355263887088E-6
794	0.00346	2.73678085500669E-6
795	0.00347	2.73803532130459E-6
796	0.00348	2.73928978760249E-6
797	0.00349	2.74054425390039E-6
798	0.0035	2.74179872019829E-6
799	0.00351	2.74305318649619E-6
800	0.00351	2.74430765279408E-6
801	0.0035	2.74692256945186E-6
802	0.00353	2.74953748610964E-6
803	0.00358	2.75215240276741E-6
804	0.00348	2.75476731942519E-6
805	0.00335	2.75738223608296E-6
806	0.00338	2.75999715274074E-6
807	0.00344	2.76261206939851E-6
808	0.00347	2.76522698605629E-6
809	0.00347	2.76784190271407E-6
810	0.00348	2.77045681937184E-6
811	0.00349	2.77307173602962E-6
812	0.0035	2.7769967845741E-6
813	0.00351	2.78092183311859E-6
814	0.00352	2.78484688166308E-6
815	0.00353	2.78877193020756E-6
816	0.00354	2.79269697875205E-6
817	0.00355	2.79662202729653E-6
818	0.00355	2.80054707584102E-6
819	0.00356	2.80447212438551E-6
820	0.00357	2.80839717292999E-6
821	0.00358	2.81232222147448E-6
822	0.00359	2.81624727001896E-6
823	0.00359	2.81978321230724E-6
824	0.00361	2.82331915459552E-6
825	0.00363	2.8268550968838E-6
826	0.00364	2.83039103917208E-6
827	0.00357	2.83392698146036E-6
828	0.00351	2.83746292374864E-6
829	0.00353	2.84099886603692E-6
830	0.00353	2.8445348083252E-6
831	0.00354	2.84807075061348E-6
832	0.00355	2.85160669290176E-6
833	0.00356	2.85514263519004E-6
834	0.00357	2.85993183828901E-6
835	0.00358	2.86472104138797E-6
836	0.00359	2.86951024448694E-6
837	0.00359	2.87429944758591E-6
838	0.0036	2.87908865068488E-6
839	0.00361	2.88387785378385E-6
840	0.00362	2.88866705688282E-6
841	0.00363	2.89345625998179E-6
842	0.00364	2.89824546308075E-6
843	0.00365	2.90303466617972E-6
844	0.00366	2.90782386927869E-6
845	0.00367	2.91136450608303E-6
846	0.00368	2.91490514288737E-6
847	0.00369	2.91844577969171E-6
848	0.0037	2.92198641649605E-6
849	0.0037	2.92552705330039E-6
850	0.00362	2.92906769010473E-6
851	0.00357	2.93260832690907E-6
852	0.00359	2.93614896371341E-6
853	0.00362	2.93968960051775E-6
854	0.00364	2.94323023732209E-6
855	0.00364	2.94677087412643E-6
856	0.00365	2.95026018516912E-6
857	0.00366	2.95374949621182E-6
858	0.00367	2.95723880725451E-6
859	0.00367	2.9607281182972E-6
860	0.00368	2.9642174293399E-6
861	0.00369	2.96770674038259E-6
862	0.0037	2.97119605142528E-6
863	0.00371	2.97468536246798E-6
864	0.00372	2.97817467351067E-6
865	0.00373	2.98166398455336E-6
866	0.00374	2.98515329559606E-6
867	0.00375	2.9885912808771E-6
868	0.00376	2.99202926615815E-6
869	0.00377	2.9954672514392E-6
870	0.00378	2.99890523672024E-6
871	0.00378	3.00234322200129E-6
872	0.00375	3.00578120728234E-6
873	0.0037	3.00921919256338E-6
874	0.00368	3.01265717784443E-6
875	0.0037	3.01609516312548E-6
876	0.00371	3.01953314840652E-6
877	0.00372	3.02297113368757E-6
878	0.00373	3.02466446344727E-6
879	0.00374	3.02635779320697E-6
880	0.00375	3.02805112296667E-6
881	0.00376	3.02974445272637E-6
882	0.00377	3.03143778248607E-6
883	0.00377	3.03313111224577E-6
884	0.00378	3.03482444200547E-6
885	0.00379	3.03651777176517E-6
886	0.0038	3.03821110152487E-6
887	0.00381	3.03990443128457E-6
888	0.00382	3.04159776104427E-6
889	0.00383	3.04329109080397E-6
890	0.00384	3.04498442056367E-6
891	0.00385	3.04667775032337E-6
892	0.00386	3.04837108008307E-6
893	0.00387	3.05006440984277E-6
894	0.00388	3.05175773960247E-6
895	0.00388	3.05345106936217E-6
896	0.00389	3.05514439912187E-6
897	0.0039	3.05683772888157E-6
898	0.0039	3.05853105864127E-6
899	0.00382	3.06022438840097E-6
900	0.00377	3.06133616632022E-6
901	0.00379	3.06244794423947E-6
902	0.00382	3.06355972215872E-6
903	0.00383	3.06467150007797E-6
904	0.00384	3.06578327799722E-6
905	0.00385	3.06689505591647E-6
906	0.00386	3.06800683383572E-6
907	0.00387	3.06911861175498E-6
908	0.00388	3.07023038967423E-6
909	0.00389	3.07134216759348E-6
910	0.0039	3.07245394551273E-6
911	0.0039	3.07356572343198E-6
912	0.00391	3.07467750135123E-6
913	0.00392	3.07578927927048E-6
914	0.00393	3.07690105718973E-6
915	0.00394	3.07801283510898E-6
916	0.00395	3.07912461302824E-6
917	0.00396	3.08023639094749E-6
918	0.00397	3.08134816886674E-6
919	0.00398	3.08245994678599E-6
920	0.00399	3.08357172470524E-6
921	0.004	3.08468350262449E-6
922	0.00401	3.08579528054374E-6
923	0.00402	3.08690705846299E-6
924	0.00403	3.08801883638224E-6
925	0.00404	3.08913061430149E-6
926	0.00405	3.09024239222075E-6
927	0.00406	3.09135417014E-6
928	0.00407	3.09246594805925E-6
929	0.00408	3.0935777259785E-6
930	0.00409	3.09468950389775E-6
931	0.00409	3.095801281817E-6
932	0.00412	3.09691305973625E-6
933	0.00418	3.09855506373431E-6
934	0.00417	3.10019706773236E-6
935	0.00401	3.10183907173041E-6
936	0.00394	3.10348107572847E-6
937	0.00399	3.10512307972652E-6
938	0.00404	3.10676508372457E-6
939	0.00405	3.10840708772263E-6
940	0.00406	3.11004909172068E-6
941	0.00407	3.11169109571873E-6
942	0.00408	3.11333309971678E-6
943	0.00409	3.11497510371484E-6
944	0.0041	3.11661710771289E-6
945	0.0041	3.11825911171094E-6
946	0.00411	3.119901115709E-6
947	0.00412	3.12154311970705E-6
948	0.00413	3.1231851237051E-6
949	0.00414	3.12482712770316E-6
950	0.00415	3.12646913170121E-6
951	0.00416	3.12811113569926E-6
952	0.00417	3.12975313969732E-6
953	0.00418	3.13139514369537E-6
954	0.00419	3.13303714769342E-6
955	0.0042	3.13626982992788E-6
956	0.00421	3.13950251216234E-6
957	0.00422	3.1427351943968E-6
958	0.00423	3.14596787663126E-6
959	0.00424	3.14920055886572E-6
960	0.00424	3.15243324110018E-6
961	0.0042	3.15566592333464E-6
962	0.00416	3.1588986055691E-6
963	0.00414	3.16213128780356E-6
964	0.00416	3.16536397003802E-6
965	0.00416	3.16859665227248E-6
966	0.00417	3.17018733050889E-6
967	0.00418	3.17177800874529E-6
968	0.00419	3.1733686869817E-6
969	0.0042	3.17495936521811E-6
970	0.00421	3.17655004345451E-6
971	0.00422	3.17814072169092E-6
972	0.00423	3.17973139992733E-6
973	0.00424	3.18132207816373E-6
974	0.00425	3.18291275640014E-6
975	0.00426	3.18450343463655E-6
976	0.00427	3.18609411287295E-6
977	0.00428	3.18768479110936E-6
978	0.00429	3.18927546934577E-6
979	0.0043	3.19086614758217E-6
980	0.00431	3.19245682581858E-6
981	0.00432	3.19404750405499E-6
982	0.00433	3.19563818229139E-6
983	0.00435	3.1972288605278E-6
984	0.00436	3.19881953876421E-6
985	0.00436	3.20041021700061E-6
986	0.00439	3.20200089523702E-6
987	0.00442	3.20359157347342E-6
988	0.00438	3.20672160418459E-6
989	0.00429	3.20985163489576E-6
990	0.00426	3.21298166560692E-6
991	0.00427	3.21611169631809E-6
992	0.00429	3.21924172702926E-6
993	0.0043	3.22237175774042E-6
994	0.00431	3.22550178845159E-6
995	0.00432	3.22863181916276E-6
996	0.00433	3.23176184987392E-6
997	0.00434	3.23489188058509E-6
998	0.00435	3.23802191129626E-6
999	0.00436	3.23956126377102E-6
1000	0.00437	3.24110061624578E-6
1001	0.00438	3.24263996872054E-6
1002	0.00439	3.2441793211953E-6
1003	0.0044	3.24571867367006E-6
1004	0.00441	3.24725802614481E-6
1005	0.00442	3.24879737861957E-6
1006	0.00443	3.25033673109433E-6
1007	0.00444	3.25187608356909E-6
1008	0.00445	3.25341543604385E-6
1009	0.00446	3.25495478851861E-6
1010	0.00447	3.25649414099337E-6
1011	0.00448	3.25803349346813E-6
1012	0.00449	3.25957284594289E-6
1013	0.0045	3.26111219841765E-6
1014	0.00451	3.26265155089241E-6
1015	0.00452	3.26419090336717E-6
1016	0.00453	3.26573025584193E-6
1017	0.00454	3.26726960831669E-6
1018	0.00455	3.26880896079145E-6
1019	0.00456	3.27034831326621E-6
1020	0.00449	3.27188766574097E-6
1021	0.00444	3.27340135533491E-6
1022	0.00446	3.27491504492885E-6
1023	0.00447	3.27642873452278E-6
1024	0.00448	3.27794242411672E-6
1025	0.00449	3.27945611371065E-6
1026	0.0045	3.28096980330459E-6
1027	0.00451	3.28248349289853E-6
1028	0.00452	3.28399718249246E-6
1029	0.00453	3.2855108720864E-6
1030	0.00454	3.28702456168034E-6
1031	0.00455	3.28853825127427E-6
1032	0.00456	3.29005194086821E-6
1033	0.00457	3.29156563046215E-6
1034	0.00458	3.29307932005608E-6
1035	0.00459	3.29459300965002E-6
1036	0.0046	3.29610669924396E-6
1037	0.00461	3.29762038883789E-6
1038	0.00462	3.29913407843183E-6
1039	0.00463	3.30064776802577E-6
1040	0.00464	3.3021614576197E-6
1041	0.00465	3.30367514721364E-6
1042	0.00466	3.30518883680758E-6
1043	0.00466	3.3081648902338E-6
1044	0.00466	3.31114094366003E-6
1045	0.00468	3.31411699708625E-6
1046	0.00471	3.31709305051248E-6
1047	0.00462	3.32006910393871E-6
1048	0.00454	3.32304515736493E-6
1049	0.00455	3.32602121079116E-6
1050	0.00459	3.32899726421739E-6
1051	0.00462	3.33197331764361E-6
1052	0.00462	3.33494937106984E-6
1053	0.00463	3.33792542449607E-6
1054	0.00464	3.33938778832835E-6
1055	0.00465	3.34085015216064E-6
1056	0.00466	3.34231251599293E-6
1057	0.00467	3.34377487982522E-6
1058	0.00468	3.34523724365751E-6
1059	0.00469	3.3466996074898E-6
1060	0.0047	3.34816197132209E-6
1061	0.00471	3.34962433515438E-6
1062	0.00472	3.35108669898667E-6
1063	0.00473	3.35254906281896E-6
1064	0.00474	3.35401142665125E-6
1065	0.00475	3.35547379048354E-6
1066	0.00476	3.35693615431583E-6
1067	0.00477	3.35839851814812E-6
1068	0.00479	3.35986088198041E-6
1069	0.00479	3.3613232458127E-6
1070	0.00478	3.36278560964499E-6
1071	0.00484	3.36424797347728E-6
1072	0.00486	3.36571033730957E-6
1073	0.00465	3.36717270114186E-6
1074	0.00463	3.36863506497415E-6
1075	0.00471	3.37009742880644E-6
1076	0.00473	3.37297083070937E-6
1077	0.00473	3.37584423261231E-6
1078	0.00475	3.37871763451524E-6
1079	0.00476	3.38159103641817E-6
1080	0.00477	3.3844644383211E-6
1081	0.00478	3.38733784022404E-6
1082	0.00479	3.39021124212697E-6
1083	0.0048	3.3930846440299E-6
1084	0.00481	3.39595804593284E-6
1085	0.00482	3.39883144783577E-6
1086	0.00483	3.4017048497387E-6
1087	0.00484	3.40452692587999E-6
1088	0.00485	3.40734900202127E-6
1089	0.00486	3.41017107816256E-6
1090	0.00487	3.41299315430385E-6
1091	0.00488	3.41581523044513E-6
1092	0.0049	3.41863730658642E-6
1093	0.0049	3.42145938272771E-6
1094	0.00485	3.42428145886899E-6
1095	0.00481	3.42710353501028E-6
1096	0.00479	3.42992561115156E-6
1097	0.00481	3.43274768729285E-6
1098	0.00481	3.43413306248267E-6
1099	0.00482	3.43551843767249E-6
1100	0.00484	3.43690381286231E-6
1101	0.00485	3.43828918805213E-6
1102	0.00486	3.43967456324195E-6
1103	0.00487	3.44105993843177E-6
1104	0.00488	3.44244531362159E-6
1105	0.00489	3.44383068881141E-6
1106	0.0049	3.44521606400123E-6
1107	0.00491	3.44660143919105E-6
1108	0.00492	3.44798681438087E-6
1109	0.00493	3.44937218957069E-6
1110	0.00494	3.45075756476051E-6
1111	0.00495	3.45214293995033E-6
1112	0.00496	3.45352831514015E-6
1113	0.00497	3.45491369032997E-6
1114	0.00498	3.45629906551979E-6
1115	0.00499	3.45768444070961E-6
1116	0.005	3.45906981589943E-6
1117	0.00501	3.46045519108925E-6
1118	0.00502	3.46184056627907E-6
1119	0.00503	3.46322594146889E-6
1120	0.00504	3.46594536608688E-6
1121	0.00505	3.46866479070487E-6
1122	0.00506	3.47138421532286E-6
1123	0.00507	3.47410363994086E-6
1124	0.0051	3.47682306455885E-6
1125	0.0051	3.47954248917684E-6
1126	0.00502	3.48226191379483E-6
1127	0.00495	3.48498133841283E-6
1128	0.00497	3.48770076303082E-6
1129	0.00499	3.49042018764881E-6
1130	0.005	3.49313961226681E-6
1131	0.00501	3.49447366169498E-6
1132	0.00502	3.49580771112315E-6
1133	0.00503	3.49714176055133E-6
1134	0.00504	3.4984758099795E-6
1135	0.00505	3.49980985940767E-6
1136	0.00506	3.50114390883584E-6
1137	0.00507	3.50247795826402E-6
1138	0.00508	3.50381200769219E-6
1139	0.00509	3.50514605712036E-6
1140	0.0051	3.50648010654854E-6
1141	0.00511	3.50781415597671E-6
1142	0.00512	3.50914820540488E-6
1143	0.00513	3.51048225483306E-6
1144	0.00514	3.51181630426123E-6
1145	0.00515	3.5131503536894E-6
1146	0.00516	3.51448440311757E-6
1147	0.00517	3.51581845254575E-6
1148	0.00518	3.51715250197392E-6
1149	0.00519	3.51848655140209E-6
1150	0.0052	3.51982060083027E-6
1151	0.00521	3.52115465025844E-6
1152	0.00523	3.52248869968661E-6
1153	0.00523	3.52510547278131E-6
1154	0.00517	3.52772224587601E-6
1155	0.00511	3.53033901897071E-6
1156	0.00512	3.53295579206541E-6
1157	0.00514	3.53557256516011E-6
1158	0.00515	3.53818933825481E-6
1159	0.00516	3.54080611134951E-6
1160	0.00517	3.54342288444421E-6
1161	0.00518	3.54603965753891E-6
1162	0.00519	3.54865643063361E-6
1163	0.0052	3.55127320372831E-6
1164	0.00521	3.55255592739483E-6
1165	0.00523	3.55383865106136E-6
1166	0.00524	3.55512137472789E-6
1167	0.00525	3.55640409839441E-6
1168	0.00526	3.55768682206094E-6
1169	0.00527	3.55896954572747E-6
1170	0.00528	3.56025226939399E-6
1171	0.00529	3.56153499306052E-6
1172	0.0053	3.56281771672704E-6
1173	0.00531	3.56410044039357E-6
1174	0.00532	3.5653831640601E-6
1175	0.00533	3.56666588772662E-6
1176	0.00534	3.56794861139315E-6
1177	0.00535	3.56923133505968E-6
1178	0.00536	3.5705140587262E-6
1179	0.00537	3.57179678239273E-6
1180	0.00538	3.57307950605926E-6
1181	0.00539	3.57436222972578E-6
1182	0.0054	3.57564495339231E-6
1183	0.00541	3.57692767705883E-6
1184	0.0054	3.57821040072536E-6
1185	0.0054	3.57949312439189E-6
1186	0.00544	3.58200724596329E-6
1187	0.00551	3.5845213675347E-6
1188	0.00534	3.5870354891061E-6
1189	0.00526	3.58954961067751E-6
1190	0.00534	3.59206373224892E-6
1191	0.00538	3.59457785382032E-6
1192	0.00537	3.59709197539173E-6
1193	0.00537	3.59960609696313E-6
1194	0.00538	3.60212021853454E-6
1195	0.0054	3.60463434010595E-6
1196	0.0054	3.60714846167735E-6
1197	0.00541	3.60961125748711E-6
1198	0.00542	3.61207405329687E-6
1199	0.00543	3.61453684910663E-6
1200	0.00544	3.61699964491639E-6
1201	0.00545	3.61946244072615E-6
1202	0.00546	3.62192523653591E-6
1203	0.00547	3.62438803234567E-6
1204	0.00548	3.62685082815543E-6
1205	0.00549	3.62931362396519E-6
1206	0.0055	3.63177641977495E-6
1207	0.00551	3.6342392155847E-6
1208	0.00552	3.63665068563282E-6
1209	0.00553	3.63906215568093E-6
1210	0.00555	3.64147362572904E-6
1211	0.00556	3.64388509577716E-6
1212	0.00558	3.64629656582527E-6
1213	0.00562	3.64870803587338E-6
1214	0.00562	3.65111950592149E-6
1215	0.00553	3.65353097596961E-6
1216	0.00546	3.65594244601772E-6
1217	0.00549	3.65835391606583E-6
1218	0.00551	3.66076538611394E-6
1219	0.00551	3.66194545825718E-6
1220	0.00552	3.66312553040041E-6
1221	0.00553	3.66430560254364E-6
1222	0.00554	3.66548567468688E-6
1223	0.00555	3.66666574683011E-6
1224	0.00556	3.66784581897334E-6
1225	0.00557	3.66902589111657E-6
1226	0.00558	3.67020596325981E-6
1227	0.00559	3.67138603540304E-6
1228	0.0056	3.67256610754627E-6
1229	0.00561	3.67374617968951E-6
1230	0.00562	3.67492625183274E-6
1231	0.00563	3.67610632397597E-6
1232	0.00564	3.67728639611921E-6
1233	0.00565	3.67846646826244E-6
1234	0.00566	3.67964654040567E-6
1235	0.00567	3.6808266125489E-6
1236	0.00568	3.68200668469214E-6
1237	0.00569	3.68318675683537E-6
1238	0.0057	3.6843668289786E-6
1239	0.00571	3.68554690112184E-6
1240	0.00572	3.68672697326507E-6
1241	0.00574	3.68903579178989E-6
1242	0.00575	3.69134461031471E-6
1243	0.0057	3.69365342883953E-6
1244	0.00563	3.69596224736435E-6
1245	0.00563	3.69827106588917E-6
1246	0.00565	3.70057988441398E-6
1247	0.00567	3.7028887029388E-6
1248	0.00568	3.70519752146362E-6
1249	0.00569	3.70750633998844E-6
1250	0.0057	3.70981515851326E-6
1251	0.00571	3.71212397703808E-6
1252	0.00572	3.71438146980125E-6
1253	0.00573	3.71663896256443E-6
1254	0.00574	3.7188964553276E-6
1255	0.00575	3.72115394809077E-6
1256	0.00576	3.72341144085394E-6
1257	0.00577	3.72566893361712E-6
1258	0.00578	3.72792642638029E-6
1259	0.00579	3.73018391914346E-6
1260	0.0058	3.73244141190663E-6
1261	0.00581	3.73469890466981E-6
1262	0.00582	3.73695639743298E-6
1263	0.00583	3.7391625644345E-6
1264	0.00584	3.74136873143603E-6
1265	0.00584	3.74357489843756E-6
1266	0.00587	3.74578106543908E-6
1267	0.0059	3.74798723244061E-6
1268	0.00588	3.75019339944213E-6
1269	0.00579	3.75239956644366E-6
1270	0.00576	3.75460573344519E-6
1271	0.00579	3.75681190044671E-6
1272	0.0058	3.75901806744824E-6
1273	0.0058	3.76122423444976E-6
1274	0.00581	3.76343040145129E-6
1275	0.00582	3.76563656845281E-6
1276	0.00583	3.76784273545434E-6
1277	0.00584	3.77004890245587E-6
1278	0.00585	3.77225506945739E-6
1279	0.00586	3.77446123645892E-6
1280	0.00587	3.77666740346044E-6
1281	0.00588	3.77887357046197E-6
1282	0.00589	3.7810797374635E-6
1283	0.0059	3.78328590446502E-6
1284	0.00591	3.78549207146655E-6
1285	0.00592	3.78769823846807E-6
1286	0.00593	3.7899044054696E-6
1287	0.00594	3.79211057247113E-6
1288	0.00595	3.79431673947265E-6
1289	0.00596	3.79652290647418E-6
1290	0.00597	3.7987290734757E-6
1291	0.00598	3.80093524047723E-6
1292	0.00599	3.80314140747875E-6
1293	0.006	3.80534757448028E-6
1294	0.00602	3.80755374148181E-6
1295	0.00603	3.80975990848333E-6
1296	0.00604	3.81196607548486E-6
1297	0.00605	3.81417224248638E-6
1298	0.00606	3.81637840948791E-6
1299	0.00607	3.81858457648944E-6
1300	0.00608	3.82079074349096E-6
1301	0.00609	3.82299691049249E-6
1302	0.0061	3.82520307749401E-6
1303	0.00612	3.82740924449554E-6
1304	0.00604	3.82961541149707E-6
1305	0.00597	3.83182157849859E-6
1306	0.00599	3.83402774550012E-6
1307	0.00603	3.83623391250164E-6
1308	0.00604	3.83844007950317E-6
1309	0.00604	3.84064624650469E-6
1310	0.00605	3.84285241350622E-6
1311	0.00606	3.84505858050775E-6
1312	0.00607	3.84726474750927E-6
1313	0.00608	3.8494709145108E-6
1314	0.00609	3.85167708151232E-6
1315	0.0061	3.85388324851385E-6
1316	0.00612	3.85608941551538E-6
1317	0.00613	3.8582955825169E-6
1318	0.00614	3.86050174951843E-6
1319	0.00615	3.86270791651995E-6
1320	0.00616	3.86491408352148E-6
1321	0.00617	3.86712025052301E-6
1322	0.00618	3.86932641752453E-6
1323	0.00619	3.87153258452606E-6
1324	0.0062	3.87373875152758E-6
1325	0.00621	3.87594491852911E-6
1326	0.00622	3.87815108553064E-6
1327	0.00623	3.88035725253216E-6
1328	0.00624	3.88256341953369E-6
1329	0.00625	3.88476958653521E-6
1330	0.00626	3.88697575353674E-6
1331	0.00627	3.88918192053826E-6
1332	0.00628	3.89138808753979E-6
1333	0.00629	3.89359425454132E-6
1334	0.0063	3.89580042154284E-6
1335	0.00631	3.89800658854437E-6
1336	0.00632	3.90021275554589E-6
1337	0.00633	3.90241892254742E-6
1338	0.00635	3.90462508954895E-6
1339	0.00636	3.90683125655047E-6
1340	0.00637	3.909037423552E-6
1341	0.00638	3.91124359055352E-6
1342	0.00639	3.91344975755505E-6
1343	0.0064	3.91565592455658E-6
1344	0.00641	3.9178620915581E-6
1345	0.00642	3.92006825855963E-6
1346	0.00643	3.92227442556115E-6
1347	0.00644	3.92448059256268E-6
1348	0.00645	3.92668675956421E-6
1349	0.00646	3.92889292656573E-6
1350	0.00647	3.93109909356726E-6
1351	0.00648	3.93330526056878E-6
1352	0.00649	3.93551142757031E-6
1353	0.0065	3.93771759457183E-6
1354	0.00651	3.93992376157336E-6
1355	0.00652	3.94212992857489E-6
1356	0.00653	3.94433609557641E-6
1357	0.00654	3.94654226257794E-6
1358	0.00655	3.94874842957946E-6
1359	0.00656	3.95095459658099E-6
1360	0.00658	3.95316076358252E-6
1361	0.00659	3.95536693058404E-6
1362	0.0066	3.95757309758557E-6
1363	0.00661	3.95977926458709E-6
1364	0.00662	3.96198543158862E-6
1365	0.00663	3.96419159859015E-6
1366	0.00664	3.96639776559167E-6
1367	0.00665	3.9686039325932E-6
1368	0.00666	3.97081009959472E-6
1369	0.00667	3.97301626659625E-6
1370	0.00668	3.97522243359777E-6
1371	0.00669	3.9774286005993E-6
1372	0.0067	3.97963476760083E-6
1373	0.00671	3.98184093460235E-6
1374	0.00672	3.98404710160388E-6
1375	0.00673	3.9862532686054E-6
1376	0.00674	3.98845943560693E-6
1377	0.00675	3.99066560260846E-6
1378	0.00676	3.99287176960998E-6
1379	0.00677	3.99507793661151E-6
1380	0.00678	3.99728410361303E-6
