0	22.4	0	1E-3
20	22.7	0	1E-3
40	22.4	0	1E-3
60	22.6	0	1E-3
80	22.4	0	1E-3
100	22.6	0	1E-3
120	22.4	0	1E-3
140	22.6	0	1E-3
160	22.6	0	1E-3
180	22.7	0	1E-3
200	22.7	0	1E-3
220	22.7	0	1E-3
240	22.9	0	1E-3
260	23.5	0	1E-3
281	23.6	0	1E-3
301	24	-1E-3	1E-3
321	24.1	-1E-3	1E-3
341	24.8	-1E-3	1E-3
361	25.6	-1E-3	1E-3
381	25.9	-1E-3	1E-3
401	26.8	-0.002	1E-3
421	27.5	-0.002	1E-3
441	28.2	-0.002	1E-3
461	29	-0.002	1E-3
481	29.9	-0.002	1E-3
501	31	-0.002	1E-3
521	31.9	-0.003	1E-3
541	32.9	-0.003	1E-3
561	34	-0.003	1E-3
581	35.3	-0.003	1E-3
601	36.6	-0.004	1E-3
621	38	-0.004	1E-3
641	39.6	-0.004	1E-3
661	41	-0.004	1E-3
681	42.5	-0.005	1E-3
701	43.9	-0.006	1E-3
721	45.8	-0.007	1E-3
741	47.8	-0.008	1E-3
761	49.3	-0.011	1E-3
781	51.5	-0.017	1E-3
801	53.4	-0.024	1E-3
821	55.1	-0.026	1E-3
841	57.2	-0.027	1E-3
861	59.5	-0.028	1E-3
881	61.8	-0.029	1E-3
901	64.4	-0.029	1E-3
921	66.5	-0.03	1E-3
941	68.9	-0.03	1E-3
961	71.2	-0.031	1E-3
981	73.8	-0.031	1E-3
1001	76.3	-0.031	1E-3
1021	79.3	-0.032	1E-3
1041	82.1	-0.032	1E-3
1061	84.5	-0.032	1E-3
1081	87.5	-0.033	1E-3
1101	90.6	-0.033	1E-3
1121	93.6	-0.033	1E-3
1141	96.9	-0.034	1E-3
1161	100.3	-0.034	1E-3
1181	103.4	-0.034	1E-3
1201	106.9	-0.034	1E-3
1221	109.9	-0.035	1E-3
1241	113.4	-0.035	1E-3
1262	116.7	-0.035	1E-3
1286	120.9	-0.035	1E-3
1306	124.6	-0.035	1E-3
1326	128.3	-0.035	1E-3
1346	132.1	-0.035	1E-3
1366	136	-0.035	1E-3
1387	140.2	-0.035	1E-3
1407	144	-0.035	1E-3
1427	147.5	-0.035	1E-3
1447	151.6	-0.035	1E-3
1467	155.6	-0.035	1E-3
1487	159.8	-0.035	1E-3
1507	163.8	-0.035	1E-3
1527	168	-0.034	1E-3
1547	172	-0.034	1E-3
1567	176.1	-0.034	1E-3
1587	180.4	-0.034	1E-3
1607	185	-0.034	1E-3
1627	189.5	-0.034	1E-3
1647	194.3	-0.034	1E-3
1667	198.8	-0.035	1E-3
1687	203.2	-0.036	1E-3
1707	207.7	-0.037	1E-3
1727	212.5	-0.038	1E-3
1747	217.2	-0.04	1E-3
1767	221.5	-0.04	1E-3
1787	226.3	-0.041	1E-3
1807	230.8	-0.041	1E-3
1827	235.4	-0.041	1E-3
1847	240.3	-0.041	1E-3
1867	245.4	-0.041	1E-3
1887	250.4	-0.041	1E-3
1907	255	-0.041	1E-3
1927	259.7	-0.041	1E-3
1947	265	-0.041	1E-3
1967	270.2	-0.041	1E-3
1987	274.9	-0.041	1E-3
2007	280	-0.041	1E-3
2027	284.9	-0.041	1E-3
2047	290	-0.041	1E-3
2067	294.7	-0.041	1E-3
2087	300.1	-0.041	1E-3
2107	305	-0.041	1E-3
2127	309.9	-0.041	1E-3
2147	315	-0.041	1E-3
2167	320.4	-0.041	1E-3
2187	325.5	-0.041	1E-3
2207	330.8	-0.041	1E-3
2227	335.6	-0.041	1E-3
2247	341.3	-0.04	1E-3
2267	346.9	-0.04	1E-3
2287	351.9	-0.04	1E-3
2307	357	-0.04	1E-3
2327	361.9	-0.04	1E-3
2347	367.5	-0.039	1E-3
2367	372.6	-0.039	1E-3
2387	377.8	-0.039	1E-3
2407	382.9	-0.039	1E-3
2427	388	-0.039	1E-3
2447	393.6	-0.039	1E-3
2468	398.7	-0.038	1E-3
2488	403.9	-0.038	1E-3
2508	409.1	-0.038	1E-3
2528	414.4	-0.038	1E-3
2548	420	-0.038	1E-3
2568	425.2	-0.037	1E-3
2588	430.3	-0.037	1E-3
2608	435.6	-0.037	1E-3
2628	441.2	-0.037	1E-3
2648	446.3	-0.036	1E-3
2668	451.3	-0.036	1E-3
2688	456.4	-0.036	1E-3
2708	461.6	-0.036	1E-3
2728	466.9	-0.036	1E-3
2748	472.3	-0.035	1E-3
2768	477.4	-0.035	1E-3
2788	482.3	-0.035	1E-3
2808	487.6	-0.035	1E-3
2828	493	-0.034	1E-3
2848	498.2	-0.034	1E-3
2868	503	-0.034	1E-3
2888	508.2	-0.034	1E-3
2908	512.8	-0.033	1E-3
2928	518.5	-0.033	1E-3
2948	523.4	-0.033	1E-3
2968	528.3	-0.033	1E-3
2988	534.1	-0.032	1E-3
3008	538.6	-0.032	1E-3
3028	543.9	-0.032	1E-3
3048	548.8	-0.032	1E-3
3068	553.9	-0.031	1E-3
3088	559	-0.031	1E-3
3108	563.7	-0.031	1E-3
3128	568.9	-0.031	1E-3
3148	573.5	-0.031	1E-3
3168	578.4	-0.031	1E-3
3188	583.5	-0.03	1E-3
3209	588.5	-0.03	1E-3
3229	593.3	-0.03	1E-3
3249	598	-0.03	1E-3
3269	603	-0.029	1E-3
3289	608.1	-0.029	1E-3
3309	612.7	-0.029	1E-3
3329	617.8	-0.029	1E-3
3349	622.3	-0.029	1E-3
3369	627.2	-0.029	1E-3
3389	632.1	-0.028	1E-3
3409	636.8	-0.028	1E-3
3429	641.9	-0.028	1E-3
3449	646.5	-0.028	1E-3
3469	651.4	-0.028	1E-3
3489	655.7	-0.028	1E-3
3509	660.5	-0.028	1E-3
3529	665.2	-0.027	1E-3
3549	669.2	-0.027	1E-3
3569	674.3	-0.027	1E-3
3589	679.2	-0.027	1E-3
3609	683.6	-0.027	1E-3
3629	688.5	-0.027	1E-3
3649	692.7	-0.026	1E-3
3669	696.7	-0.026	1E-3
3689	701.4	-0.026	1E-3
3709	706.1	-0.026	1E-3
3729	710.7	-0.026	1E-3
3750	715.4	-0.026	1E-3
3774	721.2	-0.026	1E-3
3795	725.5	-0.026	1E-3
3819	731.3	-0.026	1E-3
3840	735.7	-0.026	1E-3
3860	740.2	-0.026	1E-3
3880	744.6	-0.026	1E-3
3900	749.4	-0.026	1E-3
3920	753.9	-0.026	1E-3
3940	758.3	-0.026	1E-3
3960	762.8	-0.026	1E-3
3980	767.4	-0.026	1E-3
4000	771.8	-0.026	1E-3
4020	776.1	-0.026	1E-3
4040	780.5	-0.026	1E-3
4060	784.7	-0.026	1E-3
4080	788.7	-0.026	1E-3
4100	793.3	-0.027	1E-3
4120	797.5	-0.027	1E-3
4140	802	-0.027	1E-3
4160	806.1	-0.027	1E-3
4180	810.4	-0.027	1E-3
4200	814.8	-0.027	1E-3
4220	819	-0.028	1E-3
4240	823.5	-0.028	1E-3
4260	827.8	-0.028	1E-3
4280	832.1	-0.028	1E-3
4300	836.3	-0.029	1E-3
4320	840.5	-0.029	1E-3
4340	845.2	-0.03	1E-3
4360	849.3	-0.03	1E-3
4381	853.7	-0.03	1E-3
4401	857.9	-0.031	1E-3
4421	862.2	-0.031	1E-3
4441	866.8	-0.032	1E-3
4461	871.1	-0.033	1E-3
4481	875.5	-0.033	1E-3
4501	879.5	-0.034	1E-3
4521	883.8	-0.035	1E-3
4541	887.8	-0.036	1E-3
4561	892.2	-0.037	1E-3
4581	896.5	-0.038	1E-3
4601	900.5	-0.039	1E-3
4621	904.2	-0.04	1E-3
4641	908.8	-0.041	1E-3
4661	913	-0.043	1E-3
4681	917.2	-0.044	1E-3
4701	921.7	-0.046	1E-3
4721	925.6	-0.048	1E-3
4741	929.9	-0.05	1E-3
4761	934	-0.052	1E-3
4781	938.5	-0.055	1E-3
4801	942.6	-0.057	1E-3
4821	946.6	-0.06	1E-3
4841	951.1	-0.062	1E-3
4861	955.3	-0.066	1E-3
4881	959.7	-0.069	1E-3
4901	964.1	-0.073	1E-3
4921	968.1	-0.077	1E-3
4941	972.7	-0.081	1E-3
4961	976.7	-0.086	1E-3
4981	981.1	-0.09	1E-3
5001	985.6	-0.095	1E-3
5021	990	-0.1	1E-3
5041	993.6	-0.106	1E-3
5061	997.9	-0.112	1E-3
5081	1001.9	-0.118	1E-3
5101	1006.1	-0.124	1E-3
5122	1010.8	-0.131	1E-3
5142	1014.7	-0.138	1E-3
5162	1018.7	-0.145	1E-3
5182	1023	-0.152	1E-3
5202	1027.3	-0.16	1E-3
5222	1031.4	-0.169	1E-3
5242	1035.5	-0.177	1E-3
5262	1039.5	-0.186	1E-3
5282	1044.1	-0.195	1E-3
5302	1047.9	-0.205	1E-3
5322	1052.1	-0.215	1E-3
5342	1056.7	-0.224	1E-3
5362	1060.2	-0.235	1E-3
5382	1064.5	-0.247	1E-3
5402	1068.6	-0.258	1E-3
5422	1073.3	-0.269	1E-3
5442	1077.1	-0.281	1E-3
5462	1081.5	-0.294	1E-3
5482	1085.7	-0.306	1E-3
5502	1089.9	-0.319	1E-3
5522	1094.3	-0.333	1E-3
5542	1098.7	-0.347	1E-3
5562	1102.7	-0.361	1E-3
5582	1107.2	-0.376	1E-3
5602	1111.8	-0.391	1E-3
5622	1115.8	-0.407	1E-3
5642	1120.3	-0.423	1E-3
5662	1124	-0.44	1E-3
5682	1128.2	-0.457	1E-3
5702	1132.2	-0.474	1E-3
5722	1136.4	-0.491	1E-3
5742	1141.2	-0.51	1E-3
5762	1145.2	-0.528	1E-3
5782	1149.2	-0.547	1E-3
5802	1153.4	-0.567	1E-3
5822	1157.6	-0.586	1E-3
5842	1162	-0.607	1E-3
5862	1166.2	-0.628	1E-3
5882	1170.2	-0.649	1E-3
5902	1174.4	-0.67	1E-3
5922	1179.2	-0.691	1E-3
5942	1183.4	-0.713	1E-3
5962	1187.7	-0.736	1E-3
5983	1192.1	-0.758	1E-3
6007	1197.3	-0.787	1E-3
6028	1201.6	-0.81	1E-3
6048	1205.8	-0.832	1E-3
6068	1210.3	-0.856	1E-3
6088	1214	-0.879	1E-3
6108	1218.3	-0.901	1E-3
6128	1222.7	-0.925	1E-3
6148	1226.9	-0.948	1E-3
6168	1231.5	-0.971	1E-3
6188	1235.5	-0.994	1E-3
6208	1239.3	-1.017	1E-3
6228	1243.5	-1.039	1E-3
6248	1247.9	-1.061	1E-3
6268	1252.3	-1.083	1E-3
6288	1256.8	-1.105	1E-3
6308	1260.9	-1.128	1E-3
6328	1264.7	-1.149	1E-3
6348	1269.3	-1.17	1E-3
6368	1273.3	-1.19	1E-3
6389	1277.8	-1.211	1E-3
6414	1282.9	-1.236	1E-3
6438	1288	-1.26	1E-3
6459	1292.6	-1.279	1E-3
6479	1296.9	-1.298	1E-3
6499	1301.1	-1.317	1E-3
6519	1305.2	-1.335	1E-3
6539	1309.2	-1.352	1E-3
6559	1313.7	-1.369	1E-3
6579	1318.3	-1.385	1E-3
6599	1322.3	-1.402	1E-3
6619	1326.3	-1.418	1E-3
6639	1330.9	-1.432	1E-3
6659	1334.7	-1.448	1E-3
6679	1339.4	-1.461	1E-3
6699	1343.6	-1.475	1E-3
6719	1347.8	-1.489	1E-3
6739	1351.9	-1.501	1E-3
6759	1355.9	-1.514	1E-3
6779	1360.3	-1.526	1E-3
6799	1364.8	-1.537	1E-3
6819	1369.2	-1.548	1E-3
6839	1373.2	-1.558	1E-3
6859	1377.2	-1.568	1E-3
6879	1381.5	-1.578	1E-3
6929	1376	-1.601	1E-3
6949	1385.7	-1.604	1E-3
6969	1389.5	-1.611	1E-3
6989	1390.4	-1.618	1E-3
7009	1390	-1.623	1E-3
7029	1388.4	-1.629	1E-3
7049	1386.7	-1.633	1E-3
7069	1384.4	-1.637	1E-3
7089	1381.8	-1.64	1E-3
7109	1378.8	-1.643	1E-3
7129	1375.5	-1.646	1E-3
7150	1372.2	-1.648	1E-3
7174	1367.8	-1.65	1E-3
7195	1364.1	-1.652	1E-3
7215	1360.4	-1.654	1E-3
7235	1356.4	-1.655	1E-3
7255	1352.6	-1.657	1E-3
7275	1348.7	-1.658	1E-3
7295	1344.9	-1.659	1E-3
7315	1341	-1.66	1E-3
7335	1337	-1.66	1E-3
7355	1333.3	-1.661	1E-3
7375	1329.5	-1.662	1E-3
7395	1325.6	-1.662	1E-3
7415	1321.4	-1.663	1E-3
7435	1317.8	-1.664	1E-3
7455	1313.5	-1.665	1E-3
7475	1309.9	-1.665	1E-3
7495	1306	-1.666	1E-3
7515	1302	-1.666	1E-3
7535	1298.2	-1.667	1E-3
7555	1294.3	-1.667	1E-3
7575	1290.3	-1.668	1E-3
7595	1286.4	-1.668	1E-3
7615	1282.6	-1.668	1E-3
7635	1278.9	-1.669	1E-3
7655	1275.1	-1.669	1E-3
7675	1271.2	-1.669	1E-3
7695	1267.2	-1.67	1E-3
7715	1263.5	-1.67	1E-3
7735	1259.3	-1.67	1E-3
7755	1255.8	-1.671	1E-3
7775	1251.6	-1.671	1E-3
7795	1247.8	-1.671	1E-3
7815	1243.7	-1.672	1E-3
7835	1239.7	-1.672	1E-3
7856	1236	-1.672	1E-3
7876	1232.3	-1.672	1E-3
7896	1228.3	-1.673	1E-3
7916	1224.7	-1.673	1E-3
7936	1220.6	-1.673	1E-3
7956	1216.6	-1.674	1E-3
7976	1213.1	-1.674	1E-3
7996	1209.3	-1.674	1E-3
8016	1205.4	-1.674	1E-3
8036	1201.6	-1.675	1E-3
8056	1197.7	-1.675	1E-3
8076	1193.8	-1.675	1E-3
8096	1190.2	-1.676	1E-3
8116	1186.5	-1.676	1E-3
8136	1182.7	-1.676	1E-3
8156	1178.6	-1.676	1E-3
8176	1175	-1.676	1E-3
8196	1171.1	-1.677	1E-3
8216	1167.4	-1.677	1E-3
8236	1163.4	-1.677	1E-3
8256	1159.7	-1.677	1E-3
8276	1155.9	-1.678	1E-3
8296	1152.4	-1.678	1E-3
8316	1148.5	-1.678	1E-3
8336	1144.5	-1.678	1E-3
8356	1140.6	-1.678	1E-3
8376	1136.6	-1.679	1E-3
8396	1132.8	-1.679	1E-3
8416	1129.3	-1.679	1E-3
8436	1125.6	-1.68	1E-3
8456	1121.8	-1.68	1E-3
8476	1117.7	-1.68	1E-3
8496	1114.2	-1.68	1E-3
8516	1110.2	-1.68	1E-3
8537	1106.2	-1.681	1E-3
8561	1101.8	-1.681	1E-3
8582	1098	-1.681	1E-3
8606	1093.2	-1.681	1E-3
8626	1089.4	-1.682	1E-3
8646	1085.5	-1.682	1E-3
8667	1081.7	-1.682	1E-3
8687	1078	-1.683	1E-3
8707	1074.2	-1.683	1E-3
8727	1070.5	-1.683	1E-3
8747	1066.3	-1.683	1E-3
8767	1062.6	-1.684	1E-3
8787	1058.8	-1.684	1E-3
8807	1055.3	-1.684	1E-3
8827	1051.4	-1.684	1E-3
8847	1047.6	-1.685	1E-3
8867	1043.5	-1.685	1E-3
8887	1039.7	-1.685	1E-3
8907	1036.2	-1.686	1E-3
8927	1032.3	-1.686	1E-3
8947	1028.5	-1.686	1E-3
8967	1024.4	-1.686	1E-3
8987	1020.8	-1.687	1E-3
9007	1017.1	-1.687	1E-3
9027	1013.4	-1.687	1E-3
9047	1009.6	-1.687	1E-3
9067	1005.9	-1.687	1E-3
9087	1002	-1.688	1E-3
9107	998.2	-1.688	1E-3
9127	994.9	-1.688	1E-3
9147	991	-1.688	1E-3
9167	987.7	-1.688	1E-3
9187	983.7	-1.689	1E-3
9207	979.5	-1.689	1E-3
9227	976	-1.689	1E-3
9248	972	-1.689	1E-3
9268	968.4	-1.689	1E-3
9288	964.8	-1.69	1E-3
9308	960.9	-1.69	1E-3
9328	956.9	-1.69	1E-3
9348	953.2	-1.69	1E-3
9368	949.7	-1.69	1E-3
9388	945.9	-1.691	1E-3
9408	942	-1.691	1E-3
9428	938.3	-1.691	1E-3
9448	934.5	-1.691	1E-3
9468	931	-1.691	1E-3
9488	927.3	-1.692	1E-3
9508	923.3	-1.692	1E-3
9528	919.6	-1.692	1E-3
9548	915.8	-1.692	1E-3
9568	912.1	-1.693	1E-3
9588	908.4	-1.693	1E-3
9608	904.8	-1.693	1E-3
9628	901.1	-1.693	1E-3
9648	897	-1.694	1E-3
9668	893.4	-1.694	1E-3
9688	889.5	-1.694	1E-3
9708	886	-1.694	1E-3
9728	882.3	-1.695	1E-3
9748	878.9	-1.695	1E-3
9768	875.4	-1.695	1E-3
9788	871.5	-1.695	1E-3
9808	867.8	-1.696	1E-3
9828	864	-1.696	1E-3
9849	860	-1.696	1E-3
9869	856.3	-1.696	1E-3
9889	852.8	-1.697	1E-3
9909	849.1	-1.697	1E-3
9929	845.2	-1.697	1E-3
9949	841.6	-1.697	1E-3
9969	837.7	-1.698	1E-3
9989	834.2	-1.698	1E-3
10009	830.7	-1.698	1E-3
10029	826.9	-1.698	1E-3
10049	823.2	-1.698	1E-3
10069	819.5	-1.698	1E-3
10089	815.8	-1.699	1E-3
10109	812.2	-1.699	1E-3
10129	808.7	-1.699	1E-3
10149	805	-1.699	1E-3
10169	801.3	-1.699	1E-3
10189	797.8	-1.7	1E-3
10209	794.2	-1.7	1E-3
10229	790.8	-1.7	1E-3
10249	787.5	-1.7	1E-3
10269	784	-1.7	1E-3
10289	780.5	-1.701	1E-3
10309	777.2	-1.701	1E-3
10329	773.7	-1.701	1E-3
10349	770.3	-1.701	1E-3
10369	767	-1.701	1E-3
10389	764	-1.702	1E-3
10409	760.7	-1.702	1E-3
10429	757.2	-1.702	1E-3
10449	753.9	-1.702	1E-3
10469	750.6	-1.702	1E-3
10490	747.3	-1.703	1E-3
10514	743.4	-1.703	1E-3
10534	740.2	-1.703	1E-3
10555	737.3	-1.703	1E-3
10575	734.1	-1.704	1E-3
10595	731	-1.704	1E-3
10615	727.8	-1.704	1E-3
10635	724.8	-1.705	1E-3
10655	722	-1.705	1E-3
10675	718.9	-1.705	1E-3
10695	715.8	-1.705	1E-3
10715	713	-1.706	1E-3
10735	710	-1.706	1E-3
10755	707	-1.706	1E-3
10775	704	-1.706	1E-3
10795	701.4	-1.707	1E-3
10815	698.6	-1.707	1E-3
10835	696	-1.707	1E-3
10855	693.3	-1.707	1E-3
10875	690.4	-1.708	1E-3
10895	687.6	-1.708	1E-3
10915	684.8	-1.708	1E-3
10935	682.1	-1.708	1E-3
10955	679.3	-1.708	1E-3
10975	676.7	-1.709	1E-3
10995	674.1	-1.709	1E-3
11015	671.7	-1.709	1E-3
11035	669.2	-1.709	1E-3
11055	666.2	-1.709	1E-3
11075	663.9	-1.71	1E-3
11095	661.1	-1.71	1E-3
11115	658.7	-1.71	1E-3
11135	656.3	-1.71	1E-3
11155	653.6	-1.71	1E-3
11175	651.4	-1.711	1E-3
11195	648.7	-1.711	1E-3
11215	646.1	-1.711	1E-3
11235	643.8	-1.711	1E-3
11255	641	-1.711	1E-3
11275	638.8	-1.711	1E-3
11295	636.1	-1.712	1E-3
11315	633.7	-1.712	1E-3
11335	631.2	-1.712	1E-3
11355	628.4	-1.712	1E-3
11375	626	-1.712	1E-3
11396	623.5	-1.713	1E-3
11420	620.9	-1.713	1E-3
11441	618.5	-1.713	1E-3
11465	615.5	-1.713	1E-3
11486	613.2	-1.714	1E-3
11506	610.8	-1.714	1E-3
11526	608.5	-1.714	1E-3
11546	606	-1.714	1E-3
11566	603.6	-1.715	1E-3
11586	601.1	-1.715	1E-3
11606	599.4	-1.715	1E-3
11626	597.1	-1.715	1E-3
11646	594.7	-1.715	1E-3
11666	592.5	-1.716	1E-3
11686	590.3	-1.716	1E-3
11706	588	-1.716	1E-3
11726	585.7	-1.716	1E-3
11746	583.5	-1.716	1E-3
11766	581.2	-1.716	1E-3
11786	579.2	-1.717	1E-3
11806	577.2	-1.717	1E-3
11826	575.1	-1.717	1E-3
11846	572.8	-1.717	1E-3
11866	570.7	-1.717	1E-3
11886	568.6	-1.717	1E-3
11906	566.5	-1.718	1E-3
11926	564.4	-1.718	1E-3
11946	562.1	-1.718	1E-3
11966	560	-1.718	1E-3
11986	558.1	-1.718	1E-3
12006	556.2	-1.719	1E-3
12026	554	-1.719	1E-3
12046	552	-1.719	1E-3
12066	549.9	-1.719	1E-3
12086	547.6	-1.719	1E-3
12106	545.7	-1.719	1E-3
12126	543.5	-1.719	1E-3
12146	541.3	-1.72	1E-3
12167	539.2	-1.72	1E-3
12187	537.1	-1.72	1E-3
12207	535	-1.72	1E-3
12227	533.2	-1.72	1E-3
12247	531.5	-1.721	1E-3
12267	529.5	-1.721	1E-3
12287	527.3	-1.721	1E-3
12307	525.5	-1.721	1E-3
12327	523.3	-1.721	1E-3
12347	521.3	-1.721	1E-3
12367	519.4	-1.721	1E-3
12387	517.8	-1.722	1E-3
12407	515.9	-1.722	1E-3
12427	513.8	-1.722	1E-3
12447	511.7	-1.722	1E-3
12467	509.9	-1.722	1E-3
12487	508	-1.722	1E-3
12507	505.9	-1.723	1E-3
12527	504.2	-1.723	1E-3
12547	502.6	-1.723	1E-3
12567	500.7	-1.723	1E-3
12587	498.9	-1.723	1E-3
12607	497.2	-1.724	1E-3
12627	495.4	-1.724	1E-3
12647	493.3	-1.724	1E-3
12667	491.8	-1.724	1E-3
12687	489.8	-1.724	1E-3
12708	487.9	-1.724	1E-3
12728	485.8	-1.725	1E-3
12748	484.2	-1.725	1E-3
12768	482.3	-1.725	1E-3
12788	480.7	-1.725	1E-3
12808	478.8	-1.725	1E-3
12828	477.4	-1.725	1E-3
12848	475.7	-1.725	1E-3
12868	473.7	-1.726	1E-3
12888	472	-1.726	1E-3
12908	470.2	-1.726	1E-3
12963	465.3	-1.726	1E-3
12983	463.7	-1.727	1E-3
13003	462.2	-1.727	1E-3
13023	460.2	-1.727	1E-3
13043	458.5	-1.727	1E-3
13063	456.9	-1.727	1E-3
13083	455.2	-1.727	1E-3
13103	453.6	-1.727	1E-3
13123	452	-1.727	1E-3
13143	450.5	-1.727	1E-3
13163	448.7	-1.728	1E-3
13183	447	-1.728	1E-3
13203	445.4	-1.728	1E-3
13223	443.8	-1.728	1E-3
13243	442.1	-1.728	1E-3
13263	440.3	-1.728	1E-3
13284	438.7	-1.728	1E-3
13304	437.1	-1.728	1E-3
13324	435.4	-1.729	1E-3
13344	433.7	-1.729	1E-3
13364	432.1	-1.729	1E-3
13384	430.5	-1.729	1E-3
13404	428.9	-1.729	1E-3
13424	427.2	-1.729	1E-3
13444	425.8	-1.729	1E-3
13464	423.8	-1.729	1E-3
13484	422.4	-1.729	1E-3
13504	420.7	-1.729	1E-3
13524	419.3	-1.729	1E-3
13544	417.5	-1.73	1E-3
13564	416	-1.73	1E-3
13584	414.4	-1.73	1E-3
13604	412.8	-1.73	1E-3
13624	411.4	-1.73	1E-3
13644	409.9	-1.73	1E-3
13664	408.1	-1.73	1E-3
13684	406.4	-1.73	1E-3
13704	404.9	-1.73	1E-3
13724	403.5	-1.73	1E-3
13744	402.1	-1.731	1E-3
13764	400.8	-1.731	1E-3
13784	399.2	-1.731	1E-3
13804	397.8	-1.731	1E-3
13824	396.5	-1.731	1E-3
13844	395	-1.731	1E-3
13864	393.4	-1.731	1E-3
13885	391.8	-1.731	1E-3
13909	389.9	-1.731	1E-3
13929	388.5	-1.731	1E-3
13949	386.9	-1.732	1E-3
13969	385.5	-1.732	1E-3
13989	384.1	-1.732	1E-3
14010	382.6	-1.732	1E-3
14030	381.2	-1.732	1E-3
14050	379.6	-1.732	1E-3
14070	378.4	-1.732	1E-3
14090	377	-1.732	1E-3
14110	375.7	-1.732	1E-3
14130	374.3	-1.733	1E-3
14150	372.9	-1.733	1E-3
14170	371.3	-1.733	1E-3
14190	370.5	-1.733	1E-3
14210	368.5	-1.733	1E-3
14230	367.1	-1.733	1E-3
14250	365.8	-1.734	1E-3
14270	364.3	-1.734	1E-3
14290	363.3	-1.734	1E-3
14310	361.7	-1.734	1E-3
14330	360.1	-1.734	1E-3
14350	359.5	-1.734	1E-3
14370	357.5	-1.734	1E-3
14390	356.1	-1.734	1E-3
14410	355.1	-1.735	1E-3
14430	353.9	-1.735	1E-3
14450	352.8	-1.735	1E-3
14470	351.6	-1.735	1E-3
14490	350.2	-1.735	1E-3
14510	348.6	-1.735	1E-3
14530	347.6	-1.735	1E-3
14550	346	-1.735	1E-3
14570	344.8	-1.735	1E-3
14590	343.2	-1.736	1E-3
14610	342	-1.736	1E-3
14630	340.5	-1.736	1E-3
14650	339.1	-1.736	1E-3
14671	337.9	-1.736	1E-3
14691	336.5	-1.736	1E-3
14711	335.3	-1.736	1E-3
14731	333.9	-1.736	1E-3
14751	332.9	-1.736	1E-3
14771	331.6	-1.736	1E-3
14791	330.2	-1.737	1E-3
14811	329	-1.737	1E-3
14831	327.6	-1.737	1E-3
14851	326.4	-1.737	1E-3
14871	325.3	-1.737	1E-3
14891	324.1	-1.737	1E-3
14911	322.7	-1.737	1E-3
14931	321.3	-1.737	1E-3
14951	320.3	-1.737	1E-3
14971	318.9	-1.737	1E-3
14991	317.8	-1.738	1E-3
15011	316.4	-1.738	1E-3
15031	315.4	-1.738	1E-3
15051	314.1	-1.738	1E-3
15071	312.9	-1.738	1E-3
15091	311.7	-1.738	1E-3
15111	310.3	-1.738	1E-3
15131	309	-1.738	1E-3
15151	308.2	-1.738	1E-3
15171	306.8	-1.738	1E-3
15191	305.7	-1.738	1E-3
15211	304.5	-1.738	1E-3
15231	303.5	-1.738	1E-3
15251	302.2	-1.739	1E-3
15271	301.3	-1.739	1E-3
15291	300.1	-1.739	1E-3
15311	298.9	-1.739	1E-3
15331	297.9	-1.739	1E-3
15351	296.6	-1.739	1E-3
15371	295.4	-1.739	1E-3
15392	294.4	-1.739	1E-3
15412	293.3	-1.739	1E-3
15432	291.9	-1.739	1E-3
15452	290.9	-1.739	1E-3
15472	289.8	-1.739	1E-3
15492	288.6	-1.739	1E-3
15512	287.5	-1.74	1E-3
15532	286.5	-1.74	1E-3
15552	285.2	-1.74	1E-3
15572	284	-1.74	1E-3
15592	283.1	-1.74	1E-3
15612	281.9	-1.74	1E-3
15632	281	-1.74	1E-3
15652	279.8	-1.74	1E-3
15672	279	-1.74	1E-3
15692	278.3	-1.74	1E-3
15712	276.9	-1.74	1E-3
15732	275.8	-1.74	1E-3
15752	274.9	-1.74	1E-3
15773	273.9	-1.74	1E-3
15797	272.5	-1.74	1E-3
15818	271.6	-1.741	1E-3
15838	270.4	-1.741	1E-3
15858	269.3	-1.741	1E-3
15878	268.3	-1.741	1E-3
15898	267.2	-1.741	1E-3
15918	266.2	-1.741	1E-3
15938	265.1	-1.741	1E-3
15958	263.9	-1.741	1E-3
15978	263	-1.741	1E-3
15998	261.6	-1.741	1E-3
16018	260.7	-1.741	1E-3
16038	259.5	-1.741	1E-3
16058	258.6	-1.741	1E-3
16078	257.8	-1.741	1E-3
16098	256.7	-1.742	1E-3
16118	255.9	-1.742	1E-3
16138	254.8	-1.742	1E-3
16158	253.9	-1.742	1E-3
16178	252.7	-1.742	1E-3
16198	251.8	-1.742	1E-3
16218	251.1	-1.742	1E-3
16238	249.7	-1.742	1E-3
16258	248.9	-1.742	1E-3
16279	247.8	-1.742	1E-3
16303	246.6	-1.742	1E-3
16323	245.5	-1.742	1E-3
16343	244.6	-1.742	1E-3
16363	243.6	-1.743	1E-3
16383	242.7	-1.743	1E-3
16403	241.7	-1.743	1E-3
16423	240.8	-1.743	1E-3
16443	239.7	-1.743	1E-3
16463	238.9	-1.743	1E-3
16483	237.8	-1.743	1E-3
16504	236.9	-1.743	1E-3
16524	235.7	-1.743	1E-3
16544	235.2	-1.743	1E-3
16564	234.1	-1.743	1E-3
16584	233.3	-1.743	1E-3
16604	232.2	-1.743	1E-3
16624	231.2	-1.743	1E-3
16644	230.5	-1.744	1E-3
16664	229.4	-1.744	1E-3
16684	228.6	-1.744	1E-3
16704	227.7	-1.744	1E-3
16724	226.6	-1.744	1E-3
16744	225.9	-1.744	1E-3
16764	224.9	-1.744	1E-3
16784	224.2	-1.744	1E-3
16804	223.3	-1.744	1E-3
16824	222.4	-1.744	1E-3
16844	221.7	-1.744	1E-3
16864	220.7	-1.744	1E-3
16884	219.6	-1.745	1E-3
16904	219.1	-1.745	1E-3
16924	218.2	-1.745	1E-3
16944	217.2	-1.745	1E-3
16964	216.5	-1.745	1E-3
16984	215.4	-1.745	1E-3
17004	214.7	-1.745	1E-3
17024	213.9	-1.745	1E-3
17044	213	-1.745	1E-3
17064	212.3	-1.745	1E-3
17084	211.2	-1.745	1E-3
17104	210.4	-1.745	1E-3
17124	209.5	-1.745	1E-3
17144	208.6	-1.746	1E-3
17164	207.9	-1.746	1E-3
17185	207.2	-1.746	1E-3
17205	206.5	-1.746	1E-3
17225	205.4	-1.746	1E-3
17245	204.6	-1.745	1E-3
17265	204.2	-1.745	1E-3
17285	203.5	-1.745	1E-3
17305	202.5	-1.745	1E-3
17325	201.9	-1.745	1E-3
17345	200.9	-1.745	1E-3
17365	200	-1.745	1E-3
17385	199.3	-1.746	1E-3
17405	198.6	-1.746	1E-3
17425	197.6	-1.746	1E-3
17445	196.9	-1.746	1E-3
17465	196.2	-1.746	1E-3
17485	195.1	-1.746	1E-3
17505	194.4	-1.746	1E-3
17525	193.6	-1.746	1E-3
17545	192.5	-1.746	1E-3
17565	192	-1.746	1E-3
17585	191.1	-1.746	1E-3
17605	190.4	-1.746	1E-3
17625	189.5	-1.746	1E-3
17645	188.6	-1.747	1E-3
17665	187.9	-1.747	1E-3
17685	187.1	-1.747	1E-3
17705	186.4	-1.747	1E-3
17725	185.5	-1.747	1E-3
17745	185.2	-1.747	1E-3
17765	184.3	-1.747	1E-3
17785	183.8	-1.747	1E-3
17805	182.9	-1.747	1E-3
17825	182	-1.747	1E-3
17845	181.1	-1.747	1E-3
17865	180.4	-1.747	1E-3
17885	180.1	-1.747	1E-3
17905	178.9	-1.747	1E-3
17925	178.3	-1.747	1E-3
17945	177.5	-1.747	1E-3
17965	176.9	-1.747	1E-3
17986	176.1	-1.748	1E-3
18006	175.4	-1.748	1E-3
18026	174.8	-1.748	1E-3
18046	173.9	-1.748	1E-3
18066	173.3	-1.748	1E-3
18086	172.7	-1.748	1E-3
18106	172	-1.748	1E-3
18126	171.3	-1.748	1E-3
18146	170.6	-1.748	1E-3
18166	170.1	-1.748	1E-3
18186	169.4	-1.748	1E-3
18206	168.9	-1.748	1E-3
18226	168.2	-1.748	1E-3
18246	167.3	-1.748	1E-3
18266	166.6	-1.748	1E-3
18286	166.3	-1.748	1E-3
18306	165.2	-1.748	1E-3
18326	164.7	-1.749	1E-3
18346	164	-1.749	1E-3
18366	163.3	-1.749	1E-3
18386	162.6	-1.749	1E-3
18406	162.1	-1.749	1E-3
18426	161.2	-1.749	1E-3
18446	160.5	-1.749	1E-3
18466	160.3	-1.749	1E-3
18486	159.4	-1.749	1E-3
18506	158.9	-1.749	1E-3
18526	158	-1.749	1E-3
18546	157.7	-1.749	1E-3
18566	156.6	-1.749	1E-3
18586	156.1	-1.749	1E-3
18606	155.7	-1.75	1E-3
18626	155	-1.75	1E-3
18646	154.5	-1.75	1E-3
18666	154	-1.75	1E-3
18686	153.1	-1.75	1E-3
18706	152.6	-1.75	1E-3
18726	152.1	-1.75	1E-3
18746	151.4	-1.75	1E-3
18767	150.8	-1.75	1E-3
18787	150.3	-1.75	1E-3
18807	149.8	-1.75	1E-3
18827	148.9	-1.75	1E-3
18847	148.6	-1.75	1E-3
18867	148.1	-1.75	1E-3
18887	147.4	-1.75	1E-3
18907	147	-1.75	1E-3
18927	146.3	-1.75	1E-3
18947	145.3	-1.75	1E-3
18967	144.6	-1.75	1E-3
18987	144	-1.75	1E-3
19007	143.5	-1.75	1E-3
19027	142.8	-1.75	1E-3
19047	142.3	-1.75	1E-3
19067	141.8	-1.751	1E-3
19087	141.2	-1.751	1E-3
19107	140.4	-1.751	1E-3
19127	140.4	-1.751	1E-3
19147	139.8	-1.751	1E-3
19167	139.3	-1.751	1E-3
19187	138.4	-1.751	1E-3
19207	137.9	-1.751	1E-3
19227	137.4	-1.751	1E-3
19247	136.9	-1.751	1E-3
19267	136.5	-1.751	1E-3
19287	135.8	-1.751	1E-3
19307	135.4	-1.751	1E-3
19327	134.8	-1.751	1E-3
19347	134.2	-1.751	1E-3
19368	133.4	-1.751	1E-3
19388	133.2	-1.751	1E-3
19408	132.3	-1.751	1E-3
19428	131.9	-1.751	1E-3
19448	131.4	-1.751	1E-3
19468	130.7	-1.752	1E-3
19488	130.2	-1.752	1E-3
19508	129.7	-1.752	1E-3
19528	129.1	-1.752	1E-3
19548	128.4	-1.752	1E-3
19568	128.1	-1.752	1E-3
19588	127.4	-1.752	1E-3
19608	127.1	-1.752	1E-3
19628	126.5	-1.752	1E-3
19648	126	-1.752	1E-3
19668	125.3	-1.752	1E-3
19688	124.8	-1.752	1E-3
19708	124.8	-1.752	1E-3
19728	124.3	-1.752	1E-3
19748	123.7	-1.752	1E-3
19768	123	-1.752	1E-3
19788	122.7	-1.752	1E-3
19808	122	-1.752	1E-3
19828	121.6	-1.752	1E-3
19848	120.9	-1.752	1E-3
19868	120.4	-1.752	1E-3
19888	119.9	-1.752	1E-3
19908	119.7	-1.753	1E-3
19929	119.3	-1.753	1E-3
19949	118.8	-1.753	1E-3
19969	118.5	-1.753	1E-3
19989	117.8	-1.753	1E-3
20009	117.4	-1.753	1E-3
20029	117.1	-1.753	1E-3
20049	116.7	-1.753	1E-3
20069	116.4	-1.753	1E-3
20089	115.8	-1.753	1E-3
20109	115.3	-1.753	1E-3
20129	115	-1.753	1E-3
20149	114.4	-1.753	1E-3
20169	113.9	-1.753	1E-3
20189	113.6	-1.753	1E-3
20209	113.2	-1.753	1E-3
20229	112.7	-1.753	1E-3
20249	112.3	-1.753	1E-3
20269	111.8	-1.753	1E-3
20289	110.9	-1.753	1E-3
20309	110.6	-1.753	1E-3
20329	110.4	-1.753	1E-3
20349	110.1	-1.754	1E-3
20369	109.9	-1.754	1E-3
20389	109.2	-1.754	1E-3
20409	108.8	-1.754	1E-3
20429	108.5	-1.754	1E-3
20449	108.2	-1.754	1E-3
20469	107.4	-1.754	1E-3
20489	107.1	-1.754	1E-3
20509	106.9	-1.754	1E-3
20529	106.2	-1.754	1E-3
20550	106	-1.754	1E-3
20574	105.7	-1.754	1E-3
20595	105.2	-1.754	1E-3
20615	104.7	-1.754	1E-3
20635	104.3	-1.754	1E-3
20655	103.8	-1.754	1E-3
20675	103.4	-1.754	1E-3
20695	103.3	-1.754	1E-3
20715	102.4	-1.754	1E-3
20735	102.2	-1.754	1E-3
20755	101.9	-1.754	1E-3
20775	101.3	-1.754	1E-3
20795	101	-1.754	1E-3
20815	100.8	-1.754	1E-3
20835	100.3	-1.755	1E-3
20855	99.6	-1.755	1E-3
20875	99.2	-1.755	1E-3
20895	99	-1.755	1E-3
20915	98.3	-1.755	1E-3
20935	98	-1.755	1E-3
20955	97.6	-1.755	1E-3
20975	97.3	-1.755	1E-3
20995	96.8	-1.755	1E-3
21015	96.8	-1.755	1E-3
21035	96.1	-1.755	1E-3
21055	95.7	-1.755	1E-3
21075	95.4	-1.755	1E-3
21095	95.2	-1.755	1E-3
21115	94.7	-1.755	1E-3
21135	94.3	-1.755	1E-3
21155	94	-1.755	1E-3
21175	93.3	-1.755	1E-3
21195	93.3	-1.755	1E-3
21216	92.9	-1.755	1E-3
21236	92.4	-1.755	1E-3
21256	92.1	-1.755	1E-3
21276	91.9	-1.755	1E-3
21296	91.5	-1.755	1E-3
21316	91	-1.756	1E-3
21336	90.8	-1.756	1E-3
21356	90.5	-1.756	1E-3
21376	90.1	-1.756	1E-3
21396	89.8	-1.756	1E-3
21416	89.4	-1.756	1E-3
21436	89.1	-1.756	1E-3
21456	89.1	-1.756	1E-3
21476	88.6	-1.756	1E-3
21496	88	-1.756	1E-3
21516	87.8	-1.756	1E-3
21536	87.5	-1.756	1E-3
21556	87.2	-1.756	1E-3
21576	86.3	-1.756	1E-3
21596	86.1	-1.756	1E-3
21616	85.6	-1.756	1E-3
21636	85.6	-1.756	1E-3
21656	85.2	-1.756	1E-3
21676	84.7	-1.756	1E-3
21696	84.5	-1.756	1E-3
21716	84.2	-1.756	1E-3
21737	83.8	-1.756	1E-3
21761	83.3	-1.756	1E-3
21782	83.3	-1.756	1E-3
21802	82.8	-1.756	1E-3
21822	82.8	-1.756	1E-3
21842	82.6	-1.756	1E-3
21862	82.3	-1.756	1E-3
21882	81.7	-1.756	1E-3
21902	81.7	-1.756	1E-3
21922	81.4	-1.756	1E-3
21942	81	-1.756	1E-3
21962	80.8	-1.756	1E-3
21982	80.5	-1.756	1E-3
22002	80.2	-1.756	1E-3
22022	79.8	-1.756	1E-3
22042	79.6	-1.756	1E-3
22062	79.3	-1.756	1E-3
22082	78.9	-1.756	1E-3
22102	78.6	-1.756	1E-3
22122	78.6	-1.757	1E-3
22142	78	-1.757	1E-3
22162	78	-1.757	1E-3
22182	77.5	-1.757	1E-3
22202	77.2	-1.757	1E-3
22222	76.8	-1.757	1E-3
22242	76.5	-1.757	1E-3
22262	76.3	-1.757	1E-3
22282	76	-1.757	1E-3
22302	75.8	-1.757	1E-3
22322	75.8	-1.757	1E-3
22342	75.4	-1.757	1E-3
22362	74.9	-1.757	1E-3
22382	74.7	-1.757	1E-3
22402	74.4	-1.757	1E-3
22422	74.6	-1.757	1E-3
22442	74.4	-1.757	1E-3
22462	73.5	-1.757	1E-3
22482	73.5	-1.757	1E-3
22502	73.5	-1.757	1E-3
22522	72.8	-1.757	1E-3
22543	72.6	-1.757	1E-3
22567	72.3	-1.757	1E-3
22587	72.1	-1.757	1E-3
22607	72.1	-1.757	1E-3
22628	71.9	-1.757	1E-3
22648	71.4	-1.757	1E-3
22668	71	-1.757	1E-3
22688	71	-1.757	1E-3
22708	70.7	-1.757	1E-3
22728	70.5	-1.757	1E-3
22748	70.2	-1.757	1E-3
22768	70.2	-1.757	1E-3
22788	69.5	-1.757	1E-3
22808	69.3	-1.757	1E-3
22828	69.1	-1.757	1E-3
22848	68.9	-1.758	1E-3
22869	68.8	-1.758	1E-3
22893	68.6	-1.758	1E-3
22913	67.9	-1.758	1E-3
22933	67.9	-1.758	1E-3
22953	67.7	-1.758	1E-3
22973	67.5	-1.758	1E-3
