0	18.2	0
22	17.85	0
42	17.85	-1E-3
62	17.85	-1E-3
82	18.2	-1E-3
102	17.85	-1E-3
122	17.85	-1E-3
142	18.2	-1E-3
162	18.2	-1E-3
182	18.02	-1E-3
202	18.02	-1E-3
222	18.2	-1E-3
242	18.2	-1E-3
262	18.55	-1E-3
282	18.2	-1E-3
302	18.55	-1E-3
322	18.55	-1E-3
342	19.25	-1E-3
362	19.6	-1E-3
382	19.95	-0.002
402	20.3	-0.002
422	20.83	-0.002
442	21.53	-0.002
462	21.88	-0.002
482	22.4	-0.002
502	23.28	-0.003
522	24.15	-0.003
542	24.67	-0.003
562	25.73	-0.003
582	26.42	-0.003
602	27.65	-0.003
622	28.52	-0.004
642	29.58	-0.004
662	30.63	-0.004
682	31.67	-0.004
702	32.72	-0.004
722	33.6	-0.004
742	34.65	-0.004
762	35.87	-0.004
782	37.1	-0.005
802	38.33	-0.005
822	39.9	-0.005
842	41.13	-0.005
863	43.23	-0.005
883	44.63	-0.005
903	46.2	-0.006
923	48.13	-0.006
943	49.7	-0.006
963	51.8	-0.006
983	53.72	-0.006
1003	55.47	-0.006
1023	57.57	-0.006
1043	59.5	-0.007
1063	61.42	-0.007
1083	63.7	-0.007
1103	65.8	-0.007
1123	67.9	-0.008
1143	70	-0.008
1163	71.93	-0.008
1183	74.03	-0.008
1203	76.47	-0.008
1223	79.1	-0.009
1243	81.55	-0.009
1263	84.17	-0.009
1283	86.8	-0.009
1303	89.6	-0.009
1323	92.05	-0.009
1343	95.2	-0.009
1363	97.82	-0.009
1383	100.97	-0.009
1403	103.42	-0.009
1423	106.23	-0.009
1443	109.2	-0.009
1463	112.17	-0.009
1483	115.15	-0.009
1503	118.3	-0.008
1523	121.45	-0.008
1543	124.6	-0.008
1563	127.75	-0.008
1583	130.9	-0.008
1603	134.05	-0.008
1623	137.2	-0.008
1643	140.7	-0.008
1663	144.38	-0.008
1683	147.88	-0.008
1703	151.55	-0.008
1723	155.22	-0.009
1743	158.38	-0.009
1763	161.7	-0.009
1783	164.85	-0.009
1803	168.52	-0.009
1823	172.38	-0.009
1843	176.05	-0.009
1863	179.55	-0.009
1883	183.57	-0.009
1903	187.25	-0.009
1923	190.93	-0.009
1943	194.77	-0.009
1963	198.98	-0.01
1983	202.82	-0.01
2003	206.68	-0.01
2023	210.52	-0.009
2043	214.38	-0.009
2063	218.23	-0.009
2083	222.07	-0.009
2103	226.1	-0.009
2123	229.95	-0.009
2143	234.15	-0.009
2163	238.35	-0.009
2183	242.2	-0.009
2203	246.05	-0.009
2223	250.6	-0.009
2243	254.63	-0.009
2263	258.83	-0.008
2283	263.2	-0.008
2303	267.23	-0.008
2323	271.43	-0.008
2343	275.27	-0.008
2363	279.82	-0.008
2383	283.85	-0.008
2403	288.22	-0.007
2423	292.25	-0.007
2443	296.27	-0.007
2463	300.65	-0.007
2483	304.85	-0.007
2503	309.4	-0.007
2523	313.6	-0.007
2543	317.98	-0.007
2563	321.83	-0.007
2583	326.38	-0.006
2603	330.75	-0.006
2623	335.3	-0.006
2643	339.67	-0.006
2663	344.23	-0.006
2683	348.25	-0.006
2703	352.98	-0.005
2723	357	-0.005
2743	361.55	-0.005
2763	365.57	-0.005
2783	369.77	-0.005
2803	374.33	-0.005
2823	378.7	-0.004
2843	382.73	-0.004
2863	387.27	-0.004
2883	391.48	-0.004
2903	396.02	-0.004
2923	400.4	-0.003
2943	404.77	-0.003
2963	409.15	-0.003
2983	413.52	-0.003
3003	418.07	-0.003
3023	422.1	-0.002
3043	426.3	-0.002
3063	431.02	-0.002
3083	435.4	-0.002
3103	439.77	-0.002
3123	444.32	-1E-3
3143	448.17	-1E-3
3163	452.55	-1E-3
3183	456.57	-1E-3
3203	461.48	0
3223	465.33	0
3243	469.7	0
3263	473.9	0
3283	478.1	1E-3
3303	482.48	1E-3
3323	486.85	1E-3
3343	491.05	1E-3
3363	495.08	1E-3
3383	499.45	1E-3
3403	503.48	0.002
3423	508.03	0.002
3443	512.05	0.002
3463	516.08	0.002
3483	520.27	0.003
3503	524.83	0.003
3523	529.03	0.003
3543	533.4	0.003
3563	537.42	0.003
3583	541.45	0.003
3604	545.47	0.004
3624	549.5	0.004
3644	553.7	0.004
3664	557.73	0.004
3684	562.1	0.004
3704	565.78	0.004
3724	569.97	0.005
3744	573.65	0.005
3764	578.2	0.005
3785	582.4	0.005
3805	586.25	0.005
3829	590.98	0.005
3849	595	0.006
3869	598.85	0.006
3889	603.23	0.006
3909	607.07	0.006
3929	611.1	0.006
3949	614.42	0.006
3969	618.62	0.007
3989	622.47	0.007
4009	626.85	0.007
4029	630.87	0.007
4050	634.55	0.007
4070	638.4	0.007
4090	642.42	0.008
4110	646.45	0.008
4130	650.47	0.008
4150	654.33	0.008
4170	658.35	0.008
4190	661.85	0.008
4210	665.52	0.009
4230	669.2	0.009
4250	673.22	0.009
4270	676.9	0.009
4290	680.92	0.009
4310	684.25	0.009
4330	688.1	0.009
4350	692.13	0.009
4371	695.63	0.009
4391	699.48	0.01
4411	703.15	0.01
4431	706.65	0.01
4451	710.5	0.01
4471	714.17	0.01
4491	717.85	0.01
4511	721.7	0.01
4531	725.38	0.01
4551	729.4	0.01
4571	732.55	0.01
4591	736.57	0.01
4612	740.25	0.01
4632	744.28	0.01
4652	747.95	0.01
4672	751.45	0.011
4693	754.78	0.01
4717	759.33	0.011
4738	763.35	0.011
4758	767.03	0.011
4778	770.88	0.011
4798	774.2	0.01
4818	777.7	0.01
4839	781.38	0.01
4864	785.92	0.01
4884	789.6	0.01
4904	793.28	0.01
4924	796.77	0.01
4944	800.45	0.01
4964	803.42	0.01
4984	807.28	0.01
5004	811.13	0.01
5024	814.45	0.01
5046	818.48	0.01
5071	822.67	0.009
5095	826.88	0.009
5115	830.73	0.009
5135	834.22	0.009
5156	838.07	0.008
5176	841.75	0.008
5196	844.9	0.008
5216	848.4	0.008
5236	852.25	0.008
5256	855.75	0.007
5276	859.43	0.007
5296	862.93	0.007
5316	866.77	0.006
5336	870.1	0.006
5357	873.6	0.005
5381	877.97	0.005
5402	882	0.004
5422	885.33	0.004
5442	888.83	0.003
5462	892.15	0.003
5482	895.65	0.002
5502	898.98	0.002
5522	902.13	1E-3
5542	905.8	0
5562	909.3	-1E-3
5582	912.63	-0.002
5602	915.95	-0.003
5622	919.63	-0.004
5642	922.95	-0.005
5662	926.8	-0.006
5682	929.95	-0.008
5703	933.62	-0.009
5723	936.78	-0.011
5743	940.45	-0.013
5763	943.78	-0.015
5783	947.45	-0.016
5803	950.95	-0.018
5823	954.45	-0.021
5843	957.77	-0.024
5863	961.1	-0.026
5883	964.95	-0.028
5903	968.28	-0.032
5923	971.78	-0.035
5943	975.45	-0.038
5964	979.3	-0.041
5984	982.45	-0.044
6004	986.13	-0.048
6024	989.8	-0.052
6044	993.3	-0.056
6064	996.8	-0.061
6084	1000.3	-0.066
6104	1003.8	-0.07
6124	1006.77	-0.075
6144	1010.45	-0.08
6164	1014.13	-0.085
6184	1017.63	-0.09
6204	1021.12	-0.096
6225	1024.8	-0.103
6250	1028.82	-0.11
6270	1031.97	-0.117
6290	1035.65	-0.123
6310	1038.97	-0.13
6330	1042.65	-0.137
6350	1046.15	-0.145
6370	1049.48	-0.152
6390	1052.97	-0.16
6410	1056.47	-0.167
6430	1059.8	-0.176
6450	1063.47	-0.185
6470	1067.5	-0.193
6490	1070.47	-0.202
6510	1074.15	-0.211
6531	1077.47	-0.222
6551	1081.15	-0.231
6571	1084.82	-0.241
6591	1088.32	-0.251
6611	1091.82	-0.262
6631	1095.33	-0.273
6651	1099	-0.283
6671	1102.15	-0.295
6691	1105.83	-0.307
6711	1109.5	-0.318
6731	1113	-0.33
6752	1116.5	-0.343
6772	1120	-0.356
6792	1123.5	-0.368
6812	1127	-0.383
6832	1130.5	-0.396
6852	1134	-0.41
6872	1137.32	-0.425
6892	1140.83	-0.439
6912	1144.32	-0.454
6932	1148	-0.469
6952	1151.33	-0.484
6972	1155	-0.5
6992	1158.33	-0.516
7012	1161.65	-0.532
7032	1165.32	-0.549
7052	1168.83	-0.565
7072	1172.68	-0.583
7092	1176.18	-0.6
7112	1179.5	-0.616
7132	1183	-0.634
7153	1186.67	-0.651
7173	1190	-0.669
7193	1193.85	-0.686
7213	1197.35	-0.706
7233	1200.85	-0.723
7253	1204.35	-0.742
7273	1207.85	-0.759
7293	1211.53	-0.777
7313	1215.2	-0.796
7333	1218.52	-0.814
7353	1221.85	-0.832
7373	1225.35	-0.85
7393	1228.85	-0.868
7413	1232.53	-0.886
7434	1236.2	-0.905
7454	1239.7	-0.922
7474	1243.38	-0.94
7494	1246.88	-0.958
7514	1250.2	-0.976
7534	1253.52	-0.993
7554	1257.2	-1.01
7574	1260.7	-1.028
7594	1264.2	-1.044
7614	1267.87	-1.061
7634	1271.55	-1.077
7654	1274.88	-1.094
7674	1278.2	-1.11
7694	1281.7	-1.125
7715	1285.38	-1.142
7739	1289.93	-1.161
7759	1293.25	-1.176
7779	1296.57	-1.19
7799	1299.9	-1.205
7820	1303.75	-1.219
7840	1307.25	-1.233
7860	1310.75	-1.246
7880	1314.25	-1.259
7900	1317.57	-1.272
7920	1321.25	-1.285
7940	1324.75	-1.297
7960	1328.07	-1.309
7980	1331.57	-1.321
8001	1335.07	-1.332
8021	1338.75	-1.344
8041	1342.07	-1.354
8061	1345.57	-1.365
8081	1348.9	-1.375
8101	1352.57	-1.385
8121	1355.9	-1.394
8141	1359.58	-1.403
8161	1363.07	-1.412
8181	1366.22	-1.421
8201	1369.9	-1.429
8221	1373.4	-1.437
8241	1376.9	-1.444
8261	1380.4	-1.452
8281	1383.9	-1.459
8301	1387.22	-1.466
8321	1389.85	-1.472
8332	1391.07	-1.476
