20	1.8462129E-4	1.17468E-6
21	2.111428E-5	1.17933E-6
22	1.6486953E-5	1.18397E-6
23	1.404605E-4	1.18861E-6
24	1.389008E-4	1.19326E-6
25	2.51825E-4	1.1979E-6
26	2.601986E-4	1.20255E-6
27	2.629921E-4	1.20719E-6
28	2.501841E-4	1.21184E-6
29	4.793432E-4	1.21648E-6
30	3.968168E-4	1.22112E-6
31	4.087336E-4	1.22577E-6
32	4.17389E-4	1.23041E-6
33	4.30834E-4	1.23506E-6
34	5.24015E-4	1.2397E-6
35	5.51219E-4	1.24435E-6
36	5.61066E-4	1.24899E-6
37	5.70351E-4	1.25363E-6
38	5.80122E-4	1.25828E-6
39	5.89312E-4	1.26292E-6
40	5.98262E-4	1.26757E-6
41	6.28629E-4	1.27221E-6
42	7.32357E-4	1.27686E-6
43	7.33363E-4	1.2815E-6
44	7.47114E-4	1.28614E-6
45	7.56453E-4	1.29079E-6
46	7.67225E-4	1.29543E-6
47	7.77808E-4	1.30008E-6
48	7.88566E-4	1.30472E-6
49	7.9941E-4	1.30937E-6
50	8.10339E-4	1.31401E-6
51	8.2136E-4	1.31865E-6
52	8.32469E-4	1.3233E-6
53	8.43664E-4	1.32794E-6
54	8.54943E-4	1.33259E-6
55	8.66306E-4	1.33723E-6
56	8.7775E-4	1.34188E-6
57	8.89275E-4	1.34652E-6
58	9.00878E-4	1.35116E-6
59	9.12559E-4	1.35581E-6
60	9.24315E-4	1.36045E-6
61	9.36146E-4	1.3651E-6
62	9.4805E-4	1.36974E-6
63	9.60026E-4	1.37439E-6
64	9.72071E-4	1.37903E-6
65	9.84185E-4	1.38367E-6
66	9.96366E-4	1.38832E-6
67	0.001008613	1.39296E-6
68	0.001020924	1.39761E-6
69	0.001033298	1.40225E-6
70	0.001045733	1.4069E-6
71	0.001058228	1.41154E-6
72	0.001070781	1.41618E-6
73	0.001083392	1.42083E-6
74	0.001096057	1.42547E-6
75	0.001108777	1.43012E-6
76	0.00112155	1.43476E-6
77	0.001134373	1.43941E-6
78	0.001147246	1.44405E-6
79	0.001160167	1.44869E-6
80	0.001173135	1.45334E-6
81	0.001186149	1.45798E-6
82	0.001199206	1.46263E-6
83	0.001212305	1.46727E-6
84	0.001225446	1.47192E-6
85	0.001238626	1.47656E-6
86	0.001251843	1.4812E-6
87	0.001265098	1.48585E-6
88	0.001278387	1.49049E-6
89	0.00129171	1.49514E-6
90	0.001305066	1.49978E-6
91	0.001318451	1.50443E-6
92	0.001331867	1.50907E-6
93	0.00134531	1.51371E-6
94	0.001358779	1.51836E-6
95	0.001372273	1.523E-6
96	0.001385791	1.52765E-6
97	0.001399331	1.53229E-6
98	0.001412891	1.53694E-6
99	0.00142647	1.54158E-6
100	0.001440067	1.54622E-6
101	0.00145368	1.55087E-6
102	0.001467307	1.55551E-6
103	0.001480948	1.56016E-6
104	0.001494601	1.5648E-6
105	0.001508264	1.56945E-6
106	0.001521935	1.57409E-6
107	0.001536482	1.57873E-6
108	0.001546482	1.58338E-6
109	0.001566482	1.58802E-6
110	0.001576482	1.59267E-6
111	0.001586482	1.59731E-6
112	0.001606482	1.60196E-6
113	0.001616482	1.6066E-6
114	0.001626482	1.61124E-6
115	0.001646482	1.61589E-6
116	0.001656482	1.62053E-6
117	0.001676482	1.62518E-6
118	0.001686482	1.62982E-6
119	0.001696482	1.63447E-6
120	0.001716482	1.63911E-6
121	0.001726482	1.64375E-6
122	0.001736482	1.6484E-6
123	0.001756481	1.65304E-6
124	0.001766484	1.65769E-6
125	0.001776482	1.66233E-6
126	0.001796471	1.66698E-6
127	0.001806497	1.67162E-6
128	0.001826549	1.67626E-6
129	0.001836505	1.68091E-6
130	0.0018463	1.68555E-6
131	0.001866293	1.6902E-6
132	0.001876907	1.69484E-6
133	0.001886795	1.69949E-6
134	0.001904203	1.70413E-6
135	0.001914695	1.70877E-6
136	0.001934088	1.71342E-6
137	0.001951534	1.71806E-6
138	0.00191905	1.72271E-6
139	0.001873034	1.72735E-6
140	0.001869633	1.732E-6
141	0.001886693	1.73664E-6
142	0.001904843	1.74128E-6
143	0.001924486	1.74593E-6
144	0.001931533	1.75057E-6
145	0.001941268	1.75522E-6
146	0.001951428	1.75986E-6
147	0.001968036	1.76451E-6
148	0.001977025	1.76915E-6
149	0.001997409	1.77379E-6
150	0.002029676	1.77844E-6
151	0.00202207	1.78308E-6
152	0.001969096	1.78773E-6
153	0.001939655	1.79237E-6
154	0.001951347	1.79702E-6
155	0.001970358	1.80166E-6
156	0.001979354	1.8063E-6
157	0.001995846	1.81095E-6
158	0.002005589	1.81559E-6
159	0.002015969	1.82024E-6
160	0.002034433	1.82488E-6
161	0.002048555	1.82953E-6
162	0.002067965	1.83417E-6
163	0.002085649	1.83882E-6
164	0.002064689	1.84346E-6
165	0.002024696	1.8481E-6
166	0.001998552	1.85275E-6
167	0.002015508	1.85739E-6
168	0.002032233	1.86204E-6
169	0.002042138	1.86668E-6
170	0.002050347	1.87133E-6
171	0.002070685	1.87597E-6
172	0.002081037	1.88061E-6
173	0.002089005	1.88526E-6
174	0.002107693	1.8899E-6
175	0.002123963	1.89455E-6
176	0.002141026	1.89919E-6
177	0.002131905	1.90384E-6
178	0.002100731	1.90848E-6
179	0.002065832	1.91312E-6
180	0.0020682932	1.91777E-6
181	0.002086937	1.92241E-6
182	0.002108929	1.92706E-6
183	0.002116551	1.9317E-6
184	0.002125041	1.93635E-6
185	0.002135507	1.94099E-6
186	0.002154313	1.94563E-6
187	0.002162419	1.95028E-6
188	0.002175674	1.95492E-6
189	0.002194578	1.95957E-6
190	0.002210475	1.96421E-6
191	0.0021849319	1.96886E-6
192	0.002144886	1.9735E-6
193	0.00212417268	1.97814E-6
194	0.00214456039	1.98279E-6
195	0.00216251422	1.98743E-6
196	0.00217406799	1.99208E-6
197	0.00218186328	1.99672E-6
198	0.00219963793	2.00137E-6
199	0.002209478275	2.00601E-6
200	0.002220268094	2.01065E-6
201	0.002230848443	2.0153E-6
202	0.002240583708	2.01994E-6
203	0.002259030892	2.02459E-6
204	0.00226866305	2.02923E-6
205	0.002283785	2.03388E-6
206	0.00229586429	2.03852E-6
207	0.0022972263	2.04316E-6
208	0.0022687552	2.04781E-6
209	0.0022401501	2.05245E-6
210	0.002231577	2.0571E-6
211	0.002254451	2.06174E-6
212	0.002266921	2.06639E-6
213	0.002275945	2.07103E-6
214	0.002284596	2.07567E-6
215	0.002294722	2.08032E-6
216	0.002315024	2.08496E-6
217	0.002324002	2.08961E-6
218	0.002336279	2.09425E-6
219	0.0023520361	2.0989E-6
220	0.002364085	2.10354E-6
221	0.002340977	2.10818E-6
222	0.002308472	2.11283E-6
223	0.002288548	2.11747E-6
224	0.002304506	2.12212E-6
225	0.002319778	2.12676E-6
226	0.002328988	2.13141E-6
227	0.002338119	2.13605E-6
228	0.002354993	2.14069E-6
229	0.002376691	2.14534E-6
230	0.002359225	2.14998E-6
231	0.002319617	2.15463E-6
232	0.002290861	2.15927E-6
233	0.002303455	2.16392E-6
234	0.002321716	2.16856E-6
235	0.002335556	2.1732E-6
236	0.002343674	2.17785E-6
237	0.002356171	2.18249E-6
238	0.00238194	2.18714E-6
239	0.002385087	2.19178E-6
240	0.002364058	2.19643E-6
241	0.002332046	2.20107E-6
242	0.002309434	2.20571E-6
243	0.002320919	2.21036E-6
244	0.002336311	2.215E-6
245	0.002349326	2.21965E-6
246	0.00235803	2.22429E-6
247	0.002382665	2.22894E-6
248	0.002397699	2.23358E-6
249	0.002395095	2.23822E-6
250	0.002367147	2.24287E-6
251	0.002333531	2.24751E-6
252	0.002327955	2.25216E-6
253	0.002337586	2.2568E-6
254	0.002355121	2.26145E-6
255	0.002367989	2.26609E-6
256	0.002386665	2.27073E-6
257	0.00239312	2.27538E-6
258	0.002400034	2.28002E-6
259	0.002412178	2.28467E-6
260	0.002442189	2.28931E-6
261	0.002455216	2.29396E-6
262	0.002439515	2.2986E-6
263	0.002397502	2.30324E-6
264	0.002365586	2.30789E-6
265	0.002378783	2.31253E-6
266	0.002400673	2.31718E-6
267	0.002421169	2.32182E-6
268	0.002429598	2.32647E-6
269	0.002426899	2.33111E-6
270	0.002395712	2.33575E-6
271	0.002365128	2.3404E-6
272	0.002354398	2.34504E-6
273	0.002374565	2.34969E-6
274	0.002391513	2.35433E-6
275	0.002402107	2.35898E-6
276	0.00241477	2.36362E-6
277	0.002440985	2.36826E-6
278	0.002472361	2.37291E-6
279	0.002466405	2.37755E-6
280	0.002416142	2.3822E-6
281	0.002361541	2.38684E-6
282	0.002362214	2.39149E-6
283	0.002382937	2.39613E-6
284	0.002407479	2.40077E-6
285	0.002417951	2.40542E-6
286	0.002440576	2.41006E-6
287	0.00245972	2.41471E-6
288	0.002472495	2.41935E-6
289	0.002465519	2.424E-6
290	0.00244367	2.42864E-6
291	0.002408635	2.43328E-6
292	0.002396713	2.43793E-6
293	0.002410095	2.44257E-6
294	0.002435194	2.44722E-6
295	0.002444399	2.45186E-6
296	0.00245043	2.45651E-6
297	0.002457048	2.46115E-6
298	0.002479104	2.46579E-6
299	0.002500296	2.47044E-6
300	0.002517519	2.47508E-6
301	0.002515458	2.47973E-6
302	0.00247	2.48437E-6
303	0.00243	2.48902E-6
304	0.00242	2.49366E-6
305	0.00245	2.4983E-6
306	0.00247	2.50295E-6
307	0.00249	2.50759E-6
308	0.0025	2.51224E-6
309	0.00252	2.51688E-6
310	0.00253	2.52153E-6
311	0.00253	2.52617E-6
312	0.00251	2.53081E-6
313	0.00247	2.53546E-6
314	0.00246	2.5401E-6
315	0.00248	2.54475E-6
316	0.0025	2.54939E-6
317	0.00251	2.55404E-6
318	0.00252	2.55868E-6
319	0.00254	2.56332E-6
320	0.00255	2.56797E-6
321	0.00256	2.57261E-6
322	0.00259	2.57726E-6
323	0.00259	2.5819E-6
324	0.00257	2.58655E-6
325	0.00256	2.59119E-6
326	0.00253	2.59583E-6
327	0.00253	2.60048E-6
328	0.00255	2.60512E-6
329	0.00257	2.60977E-6
330	0.00258	2.61441E-6
331	0.00259	2.61906E-6
332	0.00261	2.6237E-6
333	0.00262	2.62834E-6
334	0.00263	2.63299E-6
335	0.00266	2.63763E-6
336	0.00265	2.64228E-6
337	0.00262	2.64692E-6
338	0.00258	2.65157E-6
339	0.00257	2.65621E-6
340	0.00259	2.66086E-6
341	0.00261	2.6655E-6
342	0.00263	2.67014E-6
343	0.00265	2.67479E-6
344	0.00266	2.67943E-6
345	0.00268	2.68408E-6
346	0.0027	2.68872E-6
347	0.00269	2.69337E-6
348	0.00266	2.69801E-6
349	0.00264	2.70265E-6
350	0.00263	2.7073E-6
351	0.00264	2.71194E-6
352	0.00267	2.71659E-6
353	0.00267	2.72123E-6
354	0.00269	2.72588E-6
355	0.00271	2.73052E-6
356	0.00273	2.73516E-6
357	0.00273	2.73981E-6
358	0.0027	2.74445E-6
359	0.00266	2.7491E-6
360	0.00266	2.75374E-6
361	0.00268	2.75839E-6
362	0.0027	2.76303E-6
363	0.00271	2.76767E-6
364	0.00272	2.77232E-6
365	0.00274	2.77696E-6
366	0.00275	2.78161E-6
367	0.00273	2.78625E-6
368	0.00272	2.7909E-6
369	0.00269	2.79554E-6
370	0.0027	2.80018E-6
371	0.00271	2.80483E-6
372	0.00273	2.80947E-6
373	0.00274	2.81412E-6
374	0.00275	2.81876E-6
375	0.00278	2.82341E-6
376	0.00279	2.82805E-6
377	0.00278	2.83269E-6
378	0.00277	2.83734E-6
379	0.00274	2.84198E-6
380	0.00274	2.84663E-6
381	0.00275	2.85127E-6
382	0.00276	2.85592E-6
383	0.00278	2.86056E-6
384	0.00279	2.8652E-6
385	0.00282	2.86985E-6
386	0.00283	2.87449E-6
387	0.00284	2.87914E-6
388	0.00282	2.88378E-6
389	0.00278	2.88843E-6
390	0.00277	2.89307E-6
391	0.00277	2.89771E-6
392	0.00279	2.90236E-6
393	0.00282	2.907E-6
394	0.00283	2.91165E-6
395	0.00284	2.91629E-6
396	0.00285	2.92094E-6
397	0.00287	2.92558E-6
398	0.0029	2.93022E-6
399	0.00291	2.93487E-6
400	0.0029	2.93951E-6
401	0.00286	2.94416E-6
402	0.00283	2.9488E-6
403	0.00284	2.95345E-6
404	0.00285	2.95809E-6
405	0.00288	2.96273E-6
406	0.00289	2.96738E-6
407	0.0029	2.97202E-6
408	0.00292	2.97667E-6
409	0.00294	2.98131E-6
410	0.00294	2.98596E-6
411	0.00292	2.9906E-6
412	0.0029	2.99524E-6
413	0.00289	2.99989E-6
414	0.00289	3.00453E-6
415	0.0029	3.00918E-6
416	0.00292	3.01382E-6
417	0.00294	3.01847E-6
418	0.00297	3.02311E-6
419	0.00299	3.02775E-6
420	0.00299	3.0324E-6
421	0.00295	3.03704E-6
422	0.0029	3.04169E-6
423	0.0029	3.04633E-6
424	0.00292	3.05098E-6
425	0.00294	3.05562E-6
426	0.00296	3.06026E-6
427	0.00297	3.06491E-6
428	0.00299	3.06955E-6
429	0.00302	3.0742E-6
430	0.00303	3.07884E-6
431	0.00301	3.08349E-6
432	0.00297	3.08813E-6
433	0.00295	3.09277E-6
434	0.00296	3.09742E-6
435	0.00298	3.10206E-6
436	0.003	3.10671E-6
437	0.003	3.11135E-6
438	0.00301	3.116E-6
439	0.00304	3.12064E-6
440	0.00305	3.12528E-6
441	0.00303	3.12993E-6
442	0.00299	3.13457E-6
443	0.00297	3.13922E-6
444	0.003	3.14386E-6
445	0.00302	3.14851E-6
446	0.00304	3.15315E-6
447	0.00306	3.15779E-6
448	0.00303	3.16244E-6
449	0.003	3.16708E-6
450	0.00297	3.17173E-6
451	0.00297	3.17637E-6
452	0.003	3.18102E-6
453	0.00302	3.18566E-6
454	0.00302	3.1903E-6
455	0.00304	3.19495E-6
456	0.00306	3.19959E-6
457	0.00307	3.20424E-6
458	0.00304	3.20888E-6
459	0.00301	3.21353E-6
460	0.003	3.21817E-6
461	0.003	3.22281E-6
462	0.00303	3.22746E-6
463	0.00307	3.2321E-6
464	0.00309	3.23675E-6
465	0.00306	3.24139E-6
466	0.003	3.24604E-6
467	0.00297	3.25068E-6
468	0.00299	3.25532E-6
469	0.00302	3.25997E-6
470	0.00303	3.26461E-6
471	0.00305	3.26926E-6
472	0.00307	3.2739E-6
473	0.0031	3.27855E-6
474	0.00311	3.28319E-6
475	0.00306	3.28783E-6
476	0.00301	3.29248E-6
477	0.003	3.29712E-6
478	0.00302	3.30177E-6
479	0.00306	3.30641E-6
480	0.00307	3.31106E-6
481	0.00308	3.3157E-6
482	0.0031	3.32034E-6
483	0.00311	3.32499E-6
484	0.00312	3.32963E-6
485	0.00309	3.33428E-6
486	0.00306	3.33892E-6
487	0.00306	3.34357E-6
488	0.00307	3.34821E-6
489	0.00308	3.35285E-6
490	0.0031	3.3575E-6
491	0.00311	3.36214E-6
492	0.00313	3.36679E-6
493	0.00314	3.37143E-6
494	0.00315	3.37608E-6
495	0.00318	3.38072E-6
496	0.00316	3.38536E-6
497	0.00311	3.39001E-6
498	0.00309	3.39465E-6
499	0.00309	3.3993E-6
500	0.00312	3.40394E-6
501	0.00315	3.40859E-6
502	0.00316	3.41323E-6
503	0.00318	3.41787E-6
504	0.00319	3.42252E-6
505	0.00321	3.42716E-6
506	0.00322	3.43181E-6
507	0.00323	3.43645E-6
508	0.00326	3.4411E-6
509	0.00327	3.44574E-6
510	0.00325	3.45038E-6
511	0.00322	3.45503E-6
512	0.00319	3.45967E-6
513	0.0032	3.46432E-6
514	0.00322	3.46896E-6
515	0.00323	3.47361E-6
516	0.00325	3.47825E-6
517	0.00326	3.4829E-6
518	0.0033	3.48754E-6
519	0.00331	3.49218E-6
520	0.00329	3.49683E-6
521	0.00326	3.50147E-6
522	0.00323	3.50612E-6
523	0.00324	3.51076E-6
524	0.00326	3.51541E-6
525	0.00326	3.52005E-6
526	0.00329	3.52469E-6
527	0.00332	3.52934E-6
528	0.00335	3.53398E-6
529	0.00333	3.53863E-6
530	0.00325	3.54327E-6
531	0.00321	3.54792E-6
532	0.00322	3.55256E-6
533	0.00326	3.5572E-6
534	0.00329	3.56185E-6
535	0.00332	3.56649E-6
536	0.00332	3.57114E-6
537	0.00333	3.57578E-6
538	0.00336	3.58043E-6
539	0.00338	3.58507E-6
540	0.00341	3.58971E-6
541	0.00341	3.59436E-6
542	0.00337	3.599E-6
543	0.00333	3.60365E-6
544	0.00332	3.60829E-6
545	0.00335	3.61294E-6
546	0.00336	3.61758E-6
547	0.00337	3.62222E-6
548	0.00339	3.62687E-6
549	0.0034	3.63151E-6
550	0.00343	3.63616E-6
551	0.00341	3.6408E-6
552	0.00338	3.64545E-6
553	0.00335	3.65009E-6
554	0.00336	3.65473E-6
555	0.00337	3.65938E-6
556	0.0034	3.66402E-6
557	0.00341	3.66867E-6
558	0.00337	3.67331E-6
559	0.00334	3.67796E-6
560	0.00333	3.6826E-6
561	0.00336	3.68724E-6
562	0.00338	3.69189E-6
563	0.0034	3.69653E-6
564	0.0034	3.70118E-6
565	0.00342	3.70582E-6
566	0.00344	3.71047E-6
567	0.00342	3.71511E-6
568	0.00338	3.71975E-6
569	0.00336	3.7244E-6
570	0.00338	3.72904E-6
571	0.0034	3.73369E-6
572	0.00342	3.73833E-6
573	0.00343	3.74298E-6
574	0.00344	3.74762E-6
575	0.00347	3.75226E-6
576	0.00345	3.75691E-6
577	0.00342	3.76155E-6
578	0.00338	3.7662E-6
579	0.0034	3.77084E-6
580	0.00342	3.77549E-6
581	0.00345	3.78013E-6
582	0.00345	3.78477E-6
583	0.00347	3.78942E-6
584	0.00349	3.79406E-6
585	0.00349	3.79871E-6
586	0.00348	3.80335E-6
587	0.00344	3.808E-6
588	0.00344	3.81264E-6
589	0.00345	3.81728E-6
590	0.00347	3.82193E-6
591	0.00347	3.82657E-6
592	0.00349	3.83122E-6
593	0.00353	3.83586E-6
594	0.00356	3.84051E-6
595	0.00354	3.84515E-6
596	0.00346	3.84979E-6
597	0.00345	3.85444E-6
598	0.00348	3.85908E-6
599	0.0035	3.86373E-6
600	0.00351	3.86837E-6
601	0.00352	3.87302E-6
602	0.00353	3.87766E-6
603	0.00352	3.8823E-6
604	0.0035	3.88695E-6
605	0.00348	3.89159E-6
606	0.00348	3.89624E-6
607	0.00349	3.90088E-6
608	0.00352	3.90553E-6
609	0.00353	3.91017E-6
610	0.00355	3.91481E-6
611	0.00356	3.91946E-6
612	0.00357	3.9241E-6
613	0.00358	3.92875E-6
614	0.0036	3.92649E-6
615	0.00362	3.92423E-6
616	0.0036	3.92197E-6
617	0.00356	3.91971E-6
618	0.00354	3.91745E-6
619	0.00356	3.91519E-6
620	0.00359	3.91293E-6
621	0.00361	3.91067E-6
622	0.00362	3.90841E-6
623	0.00362	3.90615E-6
624	0.00364	3.90389E-6
625	0.00365	3.90206E-6
626	0.00367	3.90024E-6
627	0.00368	3.89841E-6
628	0.0037	3.89658E-6
629	0.00371	3.89475E-6
630	0.00368	3.89293E-6
631	0.00364	3.8911E-6
632	0.00364	3.88927E-6
633	0.00367	3.88744E-6
634	0.00368	3.88562E-6
635	0.0037	3.88379E-6
636	0.00371	3.88787E-6
637	0.00373	3.89195E-6
638	0.00375	3.89603E-6
639	0.00375	3.90011E-6
640	0.00371	3.90419E-6
641	0.00367	3.90827E-6
642	0.00369	3.91235E-6
643	0.0037	3.91643E-6
644	0.00372	3.92051E-6
645	0.00372	3.92459E-6
646	0.00375	3.92866E-6
647	0.00378	3.93246E-6
648	0.00372	3.93626E-6
649	0.00366	3.94006E-6
650	0.00367	3.94386E-6
651	0.00372	3.94766E-6
652	0.00373	3.95145E-6
653	0.00374	3.95525E-6
654	0.00377	3.95905E-6
655	0.00383	3.96285E-6
656	0.00384	3.96665E-6
657	0.00374	3.97044E-6
658	0.00365	3.97467E-6
659	0.00367	3.9789E-6
660	0.00373	3.98312E-6
661	0.00376	3.98735E-6
662	0.00377	3.99158E-6
663	0.00378	3.9958E-6
664	0.00379	4.00003E-6
665	0.00378	4.00426E-6
666	0.00375	4.00848E-6
667	0.00374	4.01271E-6
668	0.00374	4.01693E-6
669	0.00377	4.01941E-6
670	0.00377	4.02188E-6
671	0.00379	4.02435E-6
672	0.00381	4.02682E-6
673	0.00381	4.02929E-6
674	0.00377	4.03176E-6
675	0.00372	4.03424E-6
676	0.00373	4.03671E-6
677	0.00375	4.03918E-6
678	0.00379	4.04165E-6
679	0.0038	4.04412E-6
680	0.00381	4.04875E-6
681	0.00383	4.05338E-6
682	0.00384	4.05801E-6
683	0.00386	4.06264E-6
684	0.00384	4.06726E-6
685	0.00381	4.07189E-6
686	0.00379	4.07652E-6
687	0.0038	4.08115E-6
688	0.00383	4.08578E-6
689	0.00384	4.0904E-6
690	0.00386	4.09503E-6
691	0.00387	4.10491E-6
692	0.00388	4.11479E-6
693	0.00386	4.12466E-6
694	0.00384	4.13454E-6
695	0.00382	4.14441E-6
696	0.00383	4.15429E-6
697	0.00386	4.16417E-6
698	0.00387	4.17404E-6
699	0.00388	4.18392E-6
700	0.00388	4.19379E-6
701	0.00389	4.20367E-6
702	0.00392	4.20925E-6
703	0.00397	4.21482E-6
704	0.00393	4.2204E-6
705	0.00381	4.22598E-6
706	0.00381	4.23155E-6
707	0.00386	4.23713E-6
708	0.00391	4.24271E-6
709	0.00392	4.24828E-6
710	0.00393	4.25386E-6
711	0.00395	4.25944E-6
712	0.00395	4.26501E-6
713	0.00397	4.27018E-6
714	0.00399	4.27534E-6
715	0.00402	4.28051E-6
716	0.00402	4.28567E-6
717	0.00401	4.29083E-6
718	0.00397	4.296E-6
719	0.00395	4.30116E-6
720	0.00396	4.30633E-6
721	0.00399	4.31149E-6
722	0.004	4.31665E-6
723	0.00401	4.32182E-6
724	0.00403	4.32326E-6
725	0.00405	4.3247E-6
726	0.00404	4.32614E-6
727	0.004	4.32758E-6
728	0.00398	4.32902E-6
729	0.00398	4.33046E-6
730	0.00401	4.3319E-6
731	0.00403	4.33334E-6
732	0.00404	4.33478E-6
733	0.00405	4.33622E-6
734	0.00406	4.33766E-6
735	0.00409	4.34475E-6
736	0.00411	4.35183E-6
737	0.00409	4.35891E-6
738	0.00403	4.366E-6
739	0.00403	4.37308E-6
740	0.00405	4.38017E-6
741	0.00408	4.38725E-6
742	0.00408	4.39433E-6
743	0.00409	4.40142E-6
744	0.0041	4.4085E-6
745	0.00412	4.41558E-6
746	0.00416	4.42031E-6
747	0.00417	4.42503E-6
748	0.00414	4.42975E-6
749	0.00408	4.43447E-6
750	0.0041	4.4392E-6
751	0.00411	4.44392E-6
752	0.00413	4.44864E-6
753	0.00413	4.45336E-6
754	0.00415	4.45809E-6
755	0.00416	4.46281E-6
756	0.00418	4.46753E-6
757	0.00418	4.47344E-6
758	0.00416	4.47934E-6
759	0.00412	4.48524E-6
760	0.00412	4.49115E-6
761	0.00414	4.49705E-6
762	0.00416	4.50295E-6
763	0.00418	4.50885E-6
764	0.00417	4.51476E-6
765	0.00416	4.52066E-6
766	0.00413	4.52656E-6
767	0.00413	4.53247E-6
768	0.00414	4.54073E-6
769	0.00416	4.549E-6
770	0.00417	4.55726E-6
771	0.00419	4.56553E-6
772	0.00421	4.57379E-6
773	0.00422	4.58205E-6
774	0.00423	4.59032E-6
775	0.00427	4.59858E-6
776	0.00429	4.60685E-6
777	0.00422	4.61511E-6
778	0.00415	4.62338E-6
779	0.00417	4.63046E-6
780	0.00421	4.63754E-6
781	0.00423	4.64463E-6
782	0.00425	4.65171E-6
783	0.00436	4.6588E-6
784	0.00443	4.66588E-6
785	0.00438	4.67296E-6
786	0.00414	4.68005E-6
787	0.00405	4.68713E-6
788	0.00412	4.69421E-6
789	0.00423	4.7013E-6
790	0.00428	4.71724E-6
791	0.00428	4.73318E-6
792	0.00429	4.74911E-6
793	0.00432	4.76505E-6
794	0.00435	4.78099E-6
795	0.00431	4.79693E-6
796	0.00424	4.81287E-6
797	0.00424	4.82881E-6
798	0.00428	4.84475E-6
799	0.00429	4.86068E-6
800	0.0043	4.87662E-6
801	0.00431	4.88607E-6
802	0.00434	4.89551E-6
803	0.00437	4.90496E-6
804	0.00438	4.9144E-6
805	0.00434	4.92385E-6
806	0.00429	4.93329E-6
807	0.00428	4.94274E-6
808	0.00431	4.95218E-6
809	0.00433	4.96163E-6
810	0.00435	4.97107E-6
811	0.00436	4.98052E-6
812	0.00438	4.98701E-6
813	0.00439	4.99351E-6
814	0.00441	5E-6
815	0.0044	5.00649E-6
816	0.00438	5.01299E-6
817	0.00435	5.01948E-6
818	0.00437	5.02597E-6
819	0.00438	5.03247E-6
820	0.0044	5.03896E-6
821	0.00441	5.04545E-6
822	0.00443	5.05195E-6
823	0.00444	5.05994E-6
824	0.00448	5.06793E-6
825	0.00449	5.07593E-6
826	0.00448	5.08392E-6
827	0.00443	5.09191E-6
828	0.00441	5.09991E-6
829	0.00442	5.1079E-6
830	0.00445	5.11589E-6
831	0.00446	5.12389E-6
832	0.00447	5.13188E-6
833	0.00448	5.13987E-6
834	0.0045	5.14787E-6
835	0.00452	5.15586E-6
836	0.00454	5.16385E-6
837	0.00453	5.17185E-6
838	0.0045	5.17984E-6
839	0.00447	5.18783E-6
840	0.00448	5.19583E-6
841	0.0045	5.20382E-6
842	0.00452	5.21181E-6
843	0.00452	5.21981E-6
844	0.00455	5.2278E-6
845	0.0046	5.23579E-6
846	0.00465	5.24378E-6
847	0.00461	5.25178E-6
848	0.00449	5.25977E-6
849	0.00446	5.26776E-6
850	0.00451	5.27576E-6
851	0.00455	5.28375E-6
852	0.00457	5.29174E-6
853	0.00457	5.29974E-6
854	0.00459	5.30773E-6
855	0.00459	5.31572E-6
856	0.00457	5.32372E-6
857	0.00454	5.33171E-6
858	0.00454	5.3397E-6
859	0.00456	5.3477E-6
860	0.00458	5.35569E-6
861	0.0046	5.36368E-6
862	0.00461	5.37168E-6
863	0.00463	5.37967E-6
864	0.00463	5.38766E-6
865	0.00465	5.39566E-6
866	0.00467	5.40365E-6
867	0.0047	5.41164E-6
868	0.0047	5.41964E-6
869	0.00467	5.42763E-6
870	0.00464	5.43562E-6
871	0.00464	5.44361E-6
872	0.00465	5.45161E-6
873	0.00467	5.4596E-6
874	0.00468	5.46759E-6
875	0.00472	5.47559E-6
876	0.00472	5.48358E-6
877	0.00471	5.49157E-6
878	0.00466	5.49957E-6
879	0.00465	5.50756E-6
880	0.00466	5.51555E-6
881	0.00469	5.52355E-6
882	0.0047	5.53154E-6
883	0.00471	5.53953E-6
884	0.00473	5.54753E-6
885	0.00474	5.55552E-6
886	0.00475	5.56351E-6
887	0.00478	5.57151E-6
888	0.00481	5.5795E-6
889	0.00478	5.58749E-6
890	0.00475	5.59549E-6
891	0.00473	5.60348E-6
892	0.00475	5.61147E-6
893	0.00476	5.61947E-6
894	0.00478	5.62746E-6
895	0.00479	5.63545E-6
896	0.00481	5.64345E-6
897	0.00482	5.65144E-6
898	0.00484	5.65943E-6
899	0.00486	5.66742E-6
900	0.00487	5.67542E-6
901	0.00482	5.68341E-6
902	0.00479	5.6914E-6
903	0.00479	5.6994E-6
904	0.00482	5.70739E-6
905	0.00484	5.71538E-6
906	0.00486	5.72338E-6
907	0.00487	5.73137E-6
908	0.00488	5.73936E-6
909	0.0049	5.74736E-6
910	0.00491	5.75535E-6
911	0.00493	5.76334E-6
912	0.00494	5.77134E-6
913	0.00493	5.77933E-6
914	0.00489	5.78732E-6
915	0.00489	5.79532E-6
916	0.0049	5.80331E-6
917	0.00492	5.8113E-6
918	0.00493	5.8193E-6
919	0.00495	5.82729E-6
920	0.00496	5.83528E-6
921	0.00498	5.84328E-6
922	0.005	5.85127E-6
923	0.00501	5.85926E-6
924	0.00503	5.86725E-6
925	0.00504	5.87525E-6
926	0.00504	5.88324E-6
927	0.00499	5.89123E-6
928	0.00497	5.89923E-6
929	0.00498	5.90722E-6
930	0.00502	5.91521E-6
931	0.00503	5.92321E-6
932	0.00504	5.9312E-6
933	0.00505	5.93919E-6
934	0.00507	5.94719E-6
935	0.00509	5.95518E-6
936	0.0051	5.96317E-6
937	0.00513	5.97117E-6
938	0.00513	5.97916E-6
939	0.00512	5.98715E-6
940	0.0051	5.99515E-6
941	0.00509	6.00314E-6
942	0.00508	6.01113E-6
943	0.00511	6.01913E-6
944	0.00512	6.02712E-6
945	0.00514	6.03511E-6
946	0.00516	6.04311E-6
947	0.00517	6.0511E-6
948	0.00519	6.05909E-6
949	0.00516	6.06708E-6
950	0.00512	6.07508E-6
951	0.00511	6.08307E-6
952	0.00513	6.09106E-6
953	0.00515	6.09906E-6
954	0.00517	6.10705E-6
955	0.00518	6.11504E-6
956	0.00521	6.12304E-6
957	0.00522	6.13103E-6
958	0.00519	6.13902E-6
959	0.00517	6.14702E-6
960	0.00516	6.15501E-6
961	0.00517	6.163E-6
962	0.00519	6.171E-6
963	0.00521	6.17899E-6
964	0.00522	6.18698E-6
965	0.00524	6.19498E-6
966	0.00526	6.20297E-6
967	0.00528	6.21096E-6
968	0.00528	6.21896E-6
969	0.00523	6.22695E-6
970	0.00521	6.23494E-6
971	0.00522	6.24294E-6
972	0.00524	6.25093E-6
973	0.00525	6.25892E-6
974	0.00527	6.26691E-6
975	0.00528	6.27491E-6
976	0.00527	6.2829E-6
977	0.00525	6.29089E-6
978	0.00523	6.29889E-6
979	0.00525	6.30688E-6
980	0.00526	6.31487E-6
981	0.00528	6.32287E-6
982	0.00529	6.33086E-6
983	0.00531	6.33885E-6
984	0.00536	6.34685E-6
985	0.00538	6.35484E-6
986	0.00538	6.36283E-6
987	0.00532	6.37083E-6
988	0.00526	6.37882E-6
989	0.00525	6.38681E-6
990	0.00529	6.39481E-6
991	0.00532	6.4028E-6
992	0.00535	6.41079E-6
993	0.00536	6.41879E-6
994	0.00537	6.42678E-6
995	0.00541	6.43477E-6
996	0.00542	6.44277E-6
997	0.00541	6.45076E-6
998	0.00536	6.45875E-6
999	0.00534	6.46674E-6
1000	0.00537	6.47474E-6
1001	0.00538	6.48273E-6
1002	0.00539	6.49072E-6
1003	0.0054	6.49872E-6
1004	0.00542	6.50671E-6
1005	0.00544	6.5147E-6
1006	0.00547	6.5227E-6
1007	0.00546	6.53069E-6
1008	0.0054	6.53868E-6
1009	0.00539	6.54668E-6
1010	0.00541	6.55467E-6
1011	0.00543	6.56266E-6
1012	0.00544	6.57066E-6
1013	0.00546	6.57865E-6
1014	0.00548	6.58664E-6
1015	0.00549	6.59464E-6
1016	0.00551	6.60263E-6
1017	0.00552	6.61062E-6
1018	0.00553	6.61862E-6
1019	0.00551	6.62661E-6
1020	0.00547	6.6346E-6
1021	0.00548	6.6426E-6
1022	0.0055	6.65059E-6
1023	0.00552	6.65858E-6
1024	0.00553	6.66658E-6
1025	0.00555	6.67457E-6
1026	0.00557	6.68256E-6
1027	0.00558	6.69055E-6
1028	0.0056	6.69855E-6
1029	0.00561	6.70654E-6
1030	0.00563	6.71453E-6
1031	0.00565	6.72253E-6
1032	0.00565	6.73052E-6
1033	0.00568	6.73851E-6
1034	0.0057	6.74651E-6
1035	0.00572	6.7545E-6
1036	0.00569	6.76249E-6
1037	0.00565	6.77049E-6
1038	0.00564	6.77848E-6
1039	0.00566	6.78647E-6
1040	0.00568	6.79447E-6
1041	0.0057	6.80246E-6
1042	0.00571	6.81045E-6
1043	0.00573	6.81845E-6
1044	0.00574	6.82644E-6
1045	0.00576	6.83443E-6
1046	0.00575	6.84243E-6
1047	0.00571	6.85042E-6
1048	0.00569	6.85841E-6
1049	0.0057	6.86641E-6
1050	0.00573	6.8744E-6
1051	0.00575	6.88239E-6
1052	0.00576	6.89038E-6
1053	0.00579	6.89838E-6
1054	0.0058	6.90637E-6
1055	0.0058	6.91436E-6
1056	0.00577	6.92236E-6
1057	0.00575	6.93035E-6
1058	0.00575	6.93834E-6
1059	0.00577	6.94634E-6
1060	0.00579	6.95433E-6
1061	0.0058	6.96232E-6
1062	0.00582	6.97032E-6
1063	0.00584	6.97831E-6
1064	0.00585	6.9863E-6
1065	0.00587	6.9943E-6
1066	0.00588	7.00229E-6
1067	0.0059	7.01028E-6
1068	0.00589	7.01828E-6
1069	0.00585	7.02627E-6
1070	0.00584	7.03426E-6
1071	0.00585	7.04226E-6
1072	0.00587	7.05025E-6
1073	0.00589	7.05824E-6
1074	0.00591	7.06624E-6
1075	0.00596	7.07423E-6
1076	0.00597	7.08222E-6
1077	0.00589	7.09021E-6
1078	0.00582	7.09821E-6
1079	0.00584	7.1062E-6
1080	0.00589	7.11419E-6
1081	0.00591	7.12219E-6
1082	0.00593	7.13018E-6
1083	0.00595	7.13817E-6
1084	0.00596	7.14617E-6
1085	0.00598	7.15416E-6
1086	0.00599	7.16215E-6
1087	0.00602	7.17015E-6
1088	0.00602	7.17814E-6
1089	0.006	7.18613E-6
1090	0.00597	7.19413E-6
1091	0.00596	7.20212E-6
1092	0.00599	7.21011E-6
1093	0.00599	7.21811E-6
1094	0.00601	7.2261E-6
1095	0.00602	7.23409E-6
1096	0.00606	7.24209E-6
1097	0.00609	7.25008E-6
1098	0.00609	7.25807E-6
1099	0.00607	7.26607E-6
1100	0.00602	7.27406E-6
1101	0.00601	7.28205E-6
1102	0.00602	7.29004E-6
1103	0.00605	7.29804E-6
1104	0.00607	7.30603E-6
1105	0.00607	7.31402E-6
1106	0.0061	7.32202E-6
1107	0.00614	7.33001E-6
1108	0.00617	7.338E-6
1109	0.00615	7.346E-6
1110	0.00607	7.35399E-6
1111	0.00603	7.36198E-6
1112	0.00605	7.36998E-6
1113	0.0061	7.37797E-6
1114	0.00612	7.38596E-6
1115	0.00614	7.39396E-6
1116	0.00614	7.40195E-6
1117	0.00617	7.40994E-6
1118	0.0062	7.41794E-6
1119	0.00621	7.42593E-6
1120	0.00617	7.43392E-6
1121	0.00612	7.44192E-6
1122	0.00612	7.44991E-6
1123	0.00614	7.4579E-6
1124	0.00617	7.4659E-6
1125	0.00618	7.47389E-6
1126	0.0062	7.48188E-6
1127	0.00621	7.48987E-6
1128	0.00623	7.49787E-6
1129	0.00624	7.50586E-6
1130	0.00626	7.51385E-6
1131	0.00627	7.52185E-6
1132	0.00625	7.52984E-6
1133	0.00622	7.53783E-6
1134	0.00621	7.54583E-6
1135	0.00622	7.55382E-6
1136	0.00624	7.56181E-6
1137	0.00625	7.56981E-6
1138	0.00627	7.5778E-6
1139	0.00628	7.58579E-6
1140	0.0063	7.59379E-6
1141	0.00631	7.60178E-6
1142	0.00633	7.60977E-6
1143	0.00634	7.61777E-6
1144	0.00639	7.62576E-6
1145	0.00642	7.63375E-6
1146	0.00638	7.64175E-6
1147	0.0063	7.64974E-6
1148	0.00628	7.65773E-6
1149	0.00631	7.66573E-6
1150	0.00635	7.67372E-6
1151	0.00637	7.68171E-6
1152	0.00638	7.68971E-6
1153	0.0064	7.6977E-6
1154	0.00641	7.70569E-6
1155	0.00642	7.71368E-6
1156	0.00644	7.72168E-6
1157	0.00645	7.72967E-6
1158	0.00649	7.73766E-6
1159	0.0065	7.74566E-6
1160	0.00646	7.75365E-6
1161	0.00639	7.76164E-6
1162	0.00639	7.76964E-6
1163	0.00642	7.77763E-6
1164	0.00646	7.78562E-6
1165	0.00647	7.79362E-6
1166	0.00648	7.80161E-6
1167	0.00649	7.8096E-6
1168	0.00651	7.8176E-6
1169	0.00652	7.82559E-6
1170	0.00654	7.83358E-6
1171	0.00655	7.84158E-6
1172	0.00657	7.84957E-6
1173	0.00658	7.85756E-6
1174	0.0066	7.86556E-6
1175	0.00661	7.87355E-6
1176	0.00663	7.88154E-6
1177	0.00665	7.88954E-6
1178	0.00665	7.89753E-6
1179	0.00662	7.90552E-6
1180	0.0066	7.91351E-6
1181	0.00659	7.92151E-6
1182	0.00662	7.9295E-6
1183	0.00663	7.93749E-6
1184	0.00665	7.94549E-6
1185	0.00666	7.95348E-6
1186	0.00668	7.96147E-6
1187	0.00669	7.96947E-6
1188	0.00671	7.97746E-6
1189	0.00672	7.98545E-6
1190	0.00674	7.99345E-6
1191	0.00675	8.00144E-6
1192	0.00677	8.00943E-6
1193	0.00679	8.01743E-6
1194	0.0068	8.02542E-6
1195	0.00682	8.03341E-6
1196	0.00683	8.04141E-6
1197	0.00685	8.0494E-6
1198	0.00686	8.05739E-6
1199	0.00688	8.06539E-6
1200	0.00689	8.07338E-6
1201	0.00691	8.08137E-6
1202	0.00692	8.08937E-6
1203	0.00694	8.09736E-6
1204	0.00695	8.10535E-6
1205	0.00695	8.11334E-6
1206	0.00691	8.12134E-6
1207	0.00689	8.12933E-6
1208	0.00689	8.13732E-6
1209	0.00692	8.14532E-6
1210	0.00694	8.15331E-6
1211	0.00695	8.1613E-6
1212	0.00697	8.1693E-6
1213	0.00698	8.17729E-6
1214	0.007	8.18528E-6
1215	0.00701	8.19328E-6
1216	0.00703	8.20127E-6
1217	0.00704	8.20926E-6
1218	0.00706	8.21726E-6
1219	0.00708	8.22525E-6
1220	0.00709	8.23324E-6
1221	0.00711	8.24124E-6
1222	0.00712	8.24923E-6
1223	0.00714	8.25722E-6
1224	0.00715	8.26522E-6
1225	0.00717	8.27321E-6
1226	0.00719	8.2812E-6
1227	0.0072	8.2892E-6
1228	0.00723	8.29719E-6
1229	0.00723	8.30518E-6
1230	0.0072	8.31317E-6
1231	0.00717	8.32117E-6
1232	0.00716	8.32916E-6
1233	0.00719	8.33715E-6
1234	0.00721	8.34515E-6
1235	0.00723	8.35314E-6
1236	0.00725	8.36113E-6
1237	0.00726	8.36913E-6
1238	0.00728	8.37712E-6
1239	0.0073	8.38511E-6
1240	0.0073	8.39311E-6
1241	0.00733	8.4011E-6
1242	0.00735	8.40909E-6
1243	0.00737	8.41709E-6
1244	0.00737	8.42508E-6
1245	0.00733	8.43307E-6
1246	0.00731	8.44107E-6
1247	0.00732	8.44906E-6
1248	0.00733	8.45705E-6
1249	0.00735	8.46505E-6
1250	0.00737	8.47304E-6
1251	0.00738	8.48103E-6
1252	0.0074	8.48903E-6
1253	0.00742	8.49702E-6
1254	0.00743	8.50501E-6
1255	0.00745	8.513E-6
1256	0.00747	8.521E-6
1257	0.00748	8.52899E-6
1258	0.0075	8.53698E-6
1259	0.00752	8.54498E-6
1260	0.00753	8.55297E-6
1261	0.00755	8.56096E-6
1262	0.00757	8.56896E-6
1263	0.00758	8.57695E-6
1264	0.0076	8.58494E-6
1265	0.00762	8.59294E-6
1266	0.00764	8.60093E-6
1267	0.00765	8.60892E-6
1268	0.00767	8.61692E-6
1269	0.00769	8.62491E-6
1270	0.0077	8.6329E-6
1271	0.00769	8.6409E-6
1272	0.00767	8.64889E-6
1273	0.00765	8.65688E-6
1274	0.00766	8.66488E-6
1275	0.00769	8.67287E-6
1276	0.00771	8.68086E-6
1277	0.00772	8.68886E-6
1278	0.00774	8.69685E-6
1279	0.00776	8.70484E-6
1280	0.00777	8.71284E-6
1281	0.00779	8.72083E-6
1282	0.00781	8.72882E-6
1283	0.00783	8.73681E-6
1284	0.00784	8.74481E-6
1285	0.00786	8.7528E-6
1286	0.00788	8.76079E-6
1287	0.00789	8.76879E-6
1288	0.00791	8.77678E-6
1289	0.00793	8.78477E-6
1290	0.00795	8.79277E-6
1291	0.00796	8.80076E-6
1292	0.00798	8.80875E-6
1293	0.008	8.81675E-6
1294	0.00802	8.82474E-6
1295	0.00803	8.83273E-6
1296	0.00805	8.84073E-6
1297	0.00807	8.84872E-6
1298	0.00809	8.85671E-6
1299	0.0081	8.86471E-6
1300	0.00811	8.8727E-6
1301	0.00813	8.88069E-6
1302	0.00817	8.88869E-6
1303	0.00818	8.89668E-6
1304	0.00814	8.90467E-6
1305	0.00809	8.91267E-6
1306	0.0081	8.92066E-6
1307	0.00812	8.92865E-6
1308	0.00816	8.93664E-6
1309	0.00817	8.94464E-6
1310	0.00818	8.95263E-6
1311	0.0082	8.96062E-6
1312	0.00822	8.96862E-6
1313	0.00824	8.97661E-6
1314	0.00825	8.9846E-6
1315	0.00827	8.9926E-6
1316	0.00829	9.00059E-6
1317	0.00831	9.00858E-6
1318	0.00832	9.01658E-6
1319	0.00834	9.02457E-6
1320	0.00836	9.03256E-6
1321	0.00838	9.04056E-6
1322	0.00839	9.04855E-6
1323	0.00841	9.05654E-6
1324	0.00843	9.06454E-6
1325	0.00845	9.07253E-6
1326	0.00847	9.08052E-6
1327	0.00848	9.08852E-6
1328	0.0085	9.09651E-6
1329	0.00852	9.1045E-6
1330	0.00854	9.1125E-6
1331	0.00855	9.12049E-6
1332	0.00857	9.12848E-6
1333	0.00859	9.13647E-6
1334	0.00861	9.14447E-6
1335	0.00862	9.15246E-6
1336	0.00864	9.16045E-6
1337	0.00866	9.16845E-6
1338	0.00868	9.17644E-6
1339	0.00869	9.18443E-6
1340	0.00871	9.19243E-6
1341	0.00873	9.20042E-6
1342	0.00875	9.20841E-6
1343	0.00876	9.21641E-6
1344	0.00878	9.2244E-6
1345	0.00879	9.23239E-6
1346	0.00882	9.24039E-6
1347	0.00886	9.24838E-6
1348	0.00888	9.25637E-6
1349	0.00883	9.26437E-6
1350	0.00877	9.27236E-6
1351	0.00877	9.28035E-6
1352	0.00881	9.28835E-6
1353	0.00884	9.29634E-6
1354	0.00884	9.30433E-6
1355	0.00886	9.31233E-6
1356	0.00889	9.32032E-6
1357	0.00891	9.32831E-6
1358	0.00892	9.3363E-6
1359	0.00894	9.3443E-6
1360	0.00896	9.35229E-6
1361	0.00898	9.36028E-6
1362	0.00899	9.36828E-6
1363	0.00901	9.37627E-6
1364	0.00903	9.38426E-6
1365	0.00905	9.39226E-6
1366	0.00906	9.40025E-6
1367	0.00908	9.40824E-6
1368	0.0091	9.41624E-6
1369	0.00911	9.42423E-6
1370	0.00913	9.43222E-6
1371	0.00915	9.44022E-6
1372	0.00917	9.44821E-6
1373	0.00918	9.4562E-6
1374	0.0092	9.4642E-6
1375	0.00922	9.47219E-6
1376	0.00924	9.48018E-6
1377	0.00925	9.48818E-6
1378	0.00927	9.49617E-6
1379	0.00929	9.50416E-6
1380	0.0093	9.51216E-6
