  2.7629000e+004  1.3935000e+003 -1.6050000e+000  1.0000000e-003
  2.7649000e+004  1.3976000e+003 -1.6040000e+000  1.0000000e-003
  2.7669000e+004  1.3979000e+003 -1.6040000e+000  1.0000000e-003
  2.7689000e+004  1.3970000e+003 -1.6060000e+000  1.0000000e-003
  2.7709000e+004  1.3953000e+003 -1.6060000e+000  1.0000000e-003
  2.7729000e+004  1.3932000e+003 -1.6070000e+000  1.0000000e-003
  2.7749000e+004  1.3907000e+003 -1.6080000e+000  1.0000000e-003
  2.7769000e+004  1.3883000e+003 -1.6090000e+000  1.0000000e-003
  2.7789000e+004  1.3851000e+003 -1.6090000e+000  1.0000000e-003
  2.7809000e+004  1.3822000e+003 -1.6100000e+000  1.0000000e-003
  2.7829000e+004  1.3795000e+003 -1.6100000e+000  1.0000000e-003
  2.7849000e+004  1.3760000e+003 -1.6110000e+000  1.0000000e-003
  2.7869000e+004  1.3729000e+003 -1.6110000e+000  1.0000000e-003
  2.7889000e+004  1.3697000e+003 -1.6110000e+000  1.0000000e-003
  2.7909000e+004  1.3662000e+003 -1.6120000e+000  1.0000000e-003
  2.7929000e+004  1.3631000e+003 -1.6120000e+000  1.0000000e-003
  2.7949000e+004  1.3599000e+003 -1.6130000e+000  1.0000000e-003
  2.7969000e+004  1.3566000e+003 -1.6130000e+000  1.0000000e-003
  2.7989000e+004  1.3534000e+003 -1.6140000e+000  1.0000000e-003
  2.8009000e+004  1.3501000e+003 -1.6140000e+000  1.0000000e-003
  2.8029000e+004  1.3468000e+003 -1.6140000e+000  1.0000000e-003
  2.8049000e+004  1.3436000e+003 -1.6150000e+000  1.0000000e-003
  2.8069000e+004  1.3403000e+003 -1.6150000e+000  1.0000000e-003
  2.8089000e+004  1.3370000e+003 -1.6150000e+000  1.0000000e-003
  2.8109000e+004  1.3338000e+003 -1.6160000e+000  1.0000000e-003
  2.8129000e+004  1.3307000e+003 -1.6160000e+000  1.0000000e-003
  2.8149000e+004  1.3274000e+003 -1.6160000e+000  1.0000000e-003
  2.8169000e+004  1.3241000e+003 -1.6170000e+000  1.0000000e-003
  2.8189000e+004  1.3209000e+003 -1.6170000e+000  1.0000000e-003
  2.8209000e+004  1.3176000e+003 -1.6170000e+000  1.0000000e-003
  2.8229000e+004  1.3143000e+003 -1.6170000e+000  1.0000000e-003
  2.8249000e+004  1.3109000e+003 -1.6180000e+000  1.0000000e-003
  2.8269000e+004  1.3079000e+003 -1.6180000e+000  1.0000000e-003
  2.8289000e+004  1.3045000e+003 -1.6180000e+000  1.0000000e-003
  2.8309000e+004  1.3015000e+003 -1.6180000e+000  1.0000000e-003
  2.8329000e+004  1.2982000e+003 -1.6190000e+000  1.0000000e-003
  2.8349000e+004  1.2948000e+003 -1.6190000e+000  1.0000000e-003
  2.8369000e+004  1.2917000e+003 -1.6190000e+000  1.0000000e-003
  2.8389000e+004  1.2885000e+003 -1.6190000e+000  1.0000000e-003
  2.8409000e+004  1.2856000e+003 -1.6190000e+000  1.0000000e-003
  2.8429000e+004  1.2822000e+003 -1.6200000e+000  1.0000000e-003
  2.8449000e+004  1.2789000e+003 -1.6200000e+000  1.0000000e-003
  2.8469000e+004  1.2758000e+003 -1.6200000e+000  1.0000000e-003
  2.8489000e+004  1.2724000e+003 -1.6200000e+000  1.0000000e-003
  2.8509000e+004  1.2689000e+003 -1.6210000e+000  1.0000000e-003
  2.8529000e+004  1.2661000e+003 -1.6210000e+000  1.0000000e-003
  2.8549000e+004  1.2630000e+003 -1.6210000e+000  1.0000000e-003
  2.8569000e+004  1.2598000e+003 -1.6210000e+000  1.0000000e-003
  2.8589000e+004  1.2563000e+003 -1.6210000e+000  1.0000000e-003
  2.8609000e+004  1.2530000e+003 -1.6210000e+000  1.0000000e-003
  2.8629000e+004  1.2498000e+003 -1.6220000e+000  1.0000000e-003
  2.8649000e+004  1.2465000e+003 -1.6220000e+000  1.0000000e-003
  2.8669000e+004  1.2435000e+003 -1.6220000e+000  1.0000000e-003
  2.8689000e+004  1.2404000e+003 -1.6230000e+000  1.0000000e-003
  2.8709000e+004  1.2371000e+003 -1.6230000e+000  1.0000000e-003
  2.8729000e+004  1.2338000e+003 -1.6230000e+000  1.0000000e-003
  2.8749000e+004  1.2304000e+003 -1.6230000e+000  1.0000000e-003
  2.8769000e+004  1.2273000e+003 -1.6240000e+000  1.0000000e-003
  2.8789000e+004  1.2247000e+003 -1.6240000e+000  1.0000000e-003
  2.8809000e+004  1.2213000e+003 -1.6240000e+000  1.0000000e-003
  2.8829000e+004  1.2178000e+003 -1.6250000e+000  1.0000000e-003
  2.8849000e+004  1.2148000e+003 -1.6250000e+000  1.0000000e-003
  2.8869000e+004  1.2113000e+003 -1.6250000e+000  1.0000000e-003
  2.8889000e+004  1.2080000e+003 -1.6250000e+000  1.0000000e-003
  2.8909000e+004  1.2047000e+003 -1.6250000e+000  1.0000000e-003
  2.8929000e+004  1.2019000e+003 -1.6260000e+000  1.0000000e-003
  2.8949000e+004  1.1988000e+003 -1.6260000e+000  1.0000000e-003
  2.8969000e+004  1.1956000e+003 -1.6260000e+000  1.0000000e-003
  2.8989000e+004  1.1923000e+003 -1.6270000e+000  1.0000000e-003
  2.9009000e+004  1.1891000e+003 -1.6270000e+000  1.0000000e-003
  2.9029000e+004  1.1858000e+003 -1.6270000e+000  1.0000000e-003
  2.9049000e+004  1.1827000e+003 -1.6270000e+000  1.0000000e-003
  2.9069000e+004  1.1793000e+003 -1.6270000e+000  1.0000000e-003
  2.9089000e+004  1.1760000e+003 -1.6280000e+000  1.0000000e-003
  2.9109000e+004  1.1730000e+003 -1.6280000e+000  1.0000000e-003
  2.9129000e+004  1.1697000e+003 -1.6280000e+000  1.0000000e-003
  2.9149000e+004  1.1666000e+003 -1.6280000e+000  1.0000000e-003
  2.9169000e+004  1.1632000e+003 -1.6290000e+000  1.0000000e-003
  2.9189000e+004  1.1603000e+003 -1.6290000e+000  1.0000000e-003
  2.9209000e+004  1.1568000e+003 -1.6290000e+000  1.0000000e-003
  2.9229000e+004  1.1538000e+003 -1.6290000e+000  1.0000000e-003
  2.9249000e+004  1.1506000e+003 -1.6290000e+000  1.0000000e-003
  2.9269000e+004  1.1475000e+003 -1.6290000e+000  1.0000000e-003
  2.9289000e+004  1.1447000e+003 -1.6300000e+000  1.0000000e-003
  2.9309000e+004  1.1410000e+003 -1.6300000e+000  1.0000000e-003
  2.9329000e+004  1.1378000e+003 -1.6300000e+000  1.0000000e-003
  2.9349000e+004  1.1349000e+003 -1.6300000e+000  1.0000000e-003
  2.9369000e+004  1.1316000e+003 -1.6300000e+000  1.0000000e-003
  2.9389000e+004  1.1286000e+003 -1.6310000e+000  1.0000000e-003
  2.9409000e+004  1.1256000e+003 -1.6310000e+000  1.0000000e-003
  2.9429000e+004  1.1223000e+003 -1.6310000e+000  1.0000000e-003
  2.9449000e+004  1.1189000e+003 -1.6310000e+000  1.0000000e-003
  2.9469000e+004  1.1158000e+003 -1.6310000e+000  1.0000000e-003
  2.9489000e+004  1.1128000e+003 -1.6310000e+000  1.0000000e-003
  2.9509000e+004  1.1097000e+003 -1.6320000e+000  1.0000000e-003
  2.9529000e+004  1.1065000e+003 -1.6320000e+000  1.0000000e-003
  2.9549000e+004  1.1032000e+003 -1.6320000e+000  1.0000000e-003
  2.9569000e+004  1.1001000e+003 -1.6320000e+000  1.0000000e-003
  2.9589000e+004  1.0967000e+003 -1.6330000e+000  1.0000000e-003
  2.9609000e+004  1.0934000e+003 -1.6330000e+000  1.0000000e-003
  2.9629000e+004  1.0903000e+003 -1.6330000e+000  1.0000000e-003
  2.9649000e+004  1.0871000e+003 -1.6340000e+000  1.0000000e-003
  2.9669000e+004  1.0839000e+003 -1.6340000e+000  1.0000000e-003
  2.9689000e+004  1.0808000e+003 -1.6340000e+000  1.0000000e-003
  2.9709000e+004  1.0775000e+003 -1.6340000e+000  1.0000000e-003
  2.9729000e+004  1.0743000e+003 -1.6350000e+000  1.0000000e-003
  2.9749000e+004  1.0710000e+003 -1.6350000e+000  1.0000000e-003
  2.9769000e+004  1.0678000e+003 -1.6350000e+000  1.0000000e-003
  2.9789000e+004  1.0649000e+003 -1.6350000e+000  1.0000000e-003
  2.9809000e+004  1.0617000e+003 -1.6360000e+000  1.0000000e-003
  2.9829000e+004  1.0586000e+003 -1.6360000e+000  1.0000000e-003
  2.9849000e+004  1.0553000e+003 -1.6360000e+000  1.0000000e-003
  2.9869000e+004  1.0519000e+003 -1.6360000e+000  1.0000000e-003
  2.9889000e+004  1.0488000e+003 -1.6370000e+000  1.0000000e-003
  2.9909000e+004  1.0458000e+003 -1.6370000e+000  1.0000000e-003
  2.9929000e+004  1.0427000e+003 -1.6370000e+000  1.0000000e-003
  2.9949000e+004  1.0393000e+003 -1.6380000e+000  1.0000000e-003
  2.9970000e+004  1.0362000e+003 -1.6380000e+000  1.0000000e-003
  2.9990000e+004  1.0328000e+003 -1.6380000e+000  1.0000000e-003
  3.0010000e+004  1.0293000e+003 -1.6380000e+000  1.0000000e-003
  3.0030000e+004  1.0262000e+003 -1.6380000e+000  1.0000000e-003
  3.0050000e+004  1.0234000e+003 -1.6390000e+000  1.0000000e-003
  3.0070000e+004  1.0201000e+003 -1.6390000e+000  1.0000000e-003
  3.0090000e+004  1.0171000e+003 -1.6390000e+000  1.0000000e-003
  3.0110000e+004  1.0140000e+003 -1.6390000e+000  1.0000000e-003
  3.0130000e+004  1.0106000e+003 -1.6400000e+000  1.0000000e-003
  3.0150000e+004  1.0075000e+003 -1.6400000e+000  1.0000000e-003
  3.0171000e+004  1.0045000e+003 -1.6400000e+000  1.0000000e-003
  3.0191000e+004  1.0012000e+003 -1.6400000e+000  1.0000000e-003
  3.0211000e+004  9.9820000e+002 -1.6410000e+000  1.0000000e-003
  3.0231000e+004  9.9520000e+002 -1.6410000e+000  1.0000000e-003
  3.0251000e+004  9.9190000e+002 -1.6410000e+000  1.0000000e-003
  3.0271000e+004  9.8880000e+002 -1.6410000e+000  1.0000000e-003
  3.0291000e+004  9.8580000e+002 -1.6410000e+000  1.0000000e-003
  3.0311000e+004  9.8210000e+002 -1.6420000e+000  1.0000000e-003
  3.0331000e+004  9.7890000e+002 -1.6420000e+000  1.0000000e-003
  3.0351000e+004  9.7600000e+002 -1.6420000e+000  1.0000000e-003
  3.0372000e+004  9.7280000e+002 -1.6420000e+000  1.0000000e-003
  3.0392000e+004  9.6970000e+002 -1.6420000e+000  1.0000000e-003
  3.0412000e+004  9.6640000e+002 -1.6430000e+000  1.0000000e-003
  3.0432000e+004  9.6340000e+002 -1.6430000e+000  1.0000000e-003
  3.0452000e+004  9.5990000e+002 -1.6430000e+000  1.0000000e-003
  3.0472000e+004  9.5690000e+002 -1.6440000e+000  1.0000000e-003
  3.0492000e+004  9.5410000e+002 -1.6440000e+000  1.0000000e-003
  3.0512000e+004  9.5080000e+002 -1.6440000e+000  1.0000000e-003
  3.0532000e+004  9.4750000e+002 -1.6440000e+000  1.0000000e-003
  3.0553000e+004  9.4430000e+002 -1.6450000e+000  1.0000000e-003
  3.0578000e+004  9.4030000e+002 -1.6450000e+000  1.0000000e-003
  3.0598000e+004  9.3710000e+002 -1.6450000e+000  1.0000000e-003
  3.0618000e+004  9.3400000e+002 -1.6450000e+000  1.0000000e-003
  3.0638000e+004  9.3100000e+002 -1.6460000e+000  1.0000000e-003
  3.0658000e+004  9.2770000e+002 -1.6460000e+000  1.0000000e-003
  3.0678000e+004  9.2450000e+002 -1.6460000e+000  1.0000000e-003
  3.0698000e+004  9.2120000e+002 -1.6460000e+000  1.0000000e-003
  3.0718000e+004  9.1800000e+002 -1.6460000e+000  1.0000000e-003
  3.0738000e+004  9.1510000e+002 -1.6470000e+000  1.0000000e-003
  3.0758000e+004  9.1190000e+002 -1.6470000e+000  1.0000000e-003
  3.0779000e+004  9.0880000e+002 -1.6470000e+000  1.0000000e-003
  3.0799000e+004  9.0560000e+002 -1.6470000e+000  1.0000000e-003
  3.0819000e+004  9.0270000e+002 -1.6470000e+000  1.0000000e-003
  3.0839000e+004  8.9930000e+002 -1.6480000e+000  1.0000000e-003
  3.0859000e+004  8.9620000e+002 -1.6480000e+000  1.0000000e-003
  3.0879000e+004  8.9300000e+002 -1.6480000e+000  1.0000000e-003
  3.0899000e+004  8.9000000e+002 -1.6480000e+000  1.0000000e-003
  3.0919000e+004  8.8710000e+002 -1.6490000e+000  1.0000000e-003
  3.0939000e+004  8.8390000e+002 -1.6490000e+000  1.0000000e-003
  3.0959000e+004  8.8080000e+002 -1.6490000e+000  1.0000000e-003
  3.0979000e+004  8.7760000e+002 -1.6490000e+000  1.0000000e-003
  3.0999000e+004  8.7450000e+002 -1.6490000e+000  1.0000000e-003
  3.1019000e+004  8.7110000e+002 -1.6490000e+000  1.0000000e-003
  3.1039000e+004  8.6800000e+002 -1.6500000e+000  1.0000000e-003
  3.1059000e+004  8.6520000e+002 -1.6500000e+000  1.0000000e-003
  3.1079000e+004  8.6170000e+002 -1.6500000e+000  1.0000000e-003
  3.1099000e+004  8.5860000e+002 -1.6500000e+000  1.0000000e-003
  3.1119000e+004  8.5560000e+002 -1.6510000e+000  1.0000000e-003
  3.1139000e+004  8.5230000e+002 -1.6510000e+000  1.0000000e-003
  3.1159000e+004  8.4930000e+002 -1.6510000e+000  1.0000000e-003
  3.1179000e+004  8.4610000e+002 -1.6510000e+000  1.0000000e-003
  3.1199000e+004  8.4280000e+002 -1.6510000e+000  1.0000000e-003
  3.1219000e+004  8.3980000e+002 -1.6510000e+000  1.0000000e-003
  3.1239000e+004  8.3680000e+002 -1.6520000e+000  1.0000000e-003
  3.1259000e+004  8.3370000e+002 -1.6520000e+000  1.0000000e-003
  3.1279000e+004  8.3040000e+002 -1.6520000e+000  1.0000000e-003
  3.1299000e+004  8.2720000e+002 -1.6520000e+000  1.0000000e-003
  3.1319000e+004  8.2430000e+002 -1.6530000e+000  1.0000000e-003
  3.1339000e+004  8.2110000e+002 -1.6530000e+000  1.0000000e-003
  3.1360000e+004  8.1780000e+002 -1.6530000e+000  1.0000000e-003
  3.1380000e+004  8.1520000e+002 -1.6530000e+000  1.0000000e-003
  3.1400000e+004  8.1200000e+002 -1.6540000e+000  1.0000000e-003
  3.1420000e+004  8.0890000e+002 -1.6540000e+000  1.0000000e-003
  3.1440000e+004  8.0570000e+002 -1.6540000e+000  1.0000000e-003
  3.1460000e+004  8.0240000e+002 -1.6540000e+000  1.0000000e-003
  3.1480000e+004  7.9920000e+002 -1.6550000e+000  1.0000000e-003
  3.1500000e+004  7.9630000e+002 -1.6550000e+000  1.0000000e-003
  3.1520000e+004  7.9350000e+002 -1.6550000e+000  1.0000000e-003
  3.1540000e+004  7.9030000e+002 -1.6550000e+000  1.0000000e-003
  3.1560000e+004  7.8710000e+002 -1.6550000e+000  1.0000000e-003
  3.1580000e+004  7.8420000e+002 -1.6560000e+000  1.0000000e-003
  3.1600000e+004  7.8100000e+002 -1.6560000e+000  1.0000000e-003
  3.1620000e+004  7.7790000e+002 -1.6560000e+000  1.0000000e-003
  3.1640000e+004  7.7510000e+002 -1.6560000e+000  1.0000000e-003
  3.1660000e+004  7.7190000e+002 -1.6570000e+000  1.0000000e-003
  3.1680000e+004  7.6890000e+002 -1.6570000e+000  1.0000000e-003
  3.1700000e+004  7.6580000e+002 -1.6570000e+000  1.0000000e-003
  3.1720000e+004  7.6280000e+002 -1.6570000e+000  1.0000000e-003
  3.1740000e+004  7.5950000e+002 -1.6570000e+000  1.0000000e-003
  3.1760000e+004  7.5650000e+002 -1.6570000e+000  1.0000000e-003
  3.1780000e+004  7.5340000e+002 -1.6580000e+000  1.0000000e-003
  3.1800000e+004  7.5040000e+002 -1.6580000e+000  1.0000000e-003
  3.1820000e+004  7.4760000e+002 -1.6580000e+000  1.0000000e-003
  3.1840000e+004  7.4430000e+002 -1.6580000e+000  1.0000000e-003
  3.1860000e+004  7.4130000e+002 -1.6580000e+000  1.0000000e-003
  3.1880000e+004  7.3820000e+002 -1.6580000e+000  1.0000000e-003
  3.1900000e+004  7.3500000e+002 -1.6590000e+000  1.0000000e-003
  3.1920000e+004  7.3170000e+002 -1.6590000e+000  1.0000000e-003
  3.1940000e+004  7.2900000e+002 -1.6590000e+000  1.0000000e-003
  3.1960000e+004  7.2630000e+002 -1.6590000e+000  1.0000000e-003
  3.1980000e+004  7.2310000e+002 -1.6590000e+000  1.0000000e-003
  3.2000000e+004  7.2010000e+002 -1.6590000e+000  1.0000000e-003
  3.2020000e+004  7.1700000e+002 -1.6600000e+000  1.0000000e-003
  3.2040000e+004  7.1400000e+002 -1.6600000e+000  1.0000000e-003
  3.2060000e+004  7.1120000e+002 -1.6600000e+000  1.0000000e-003
  3.2080000e+004  7.0800000e+002 -1.6600000e+000  1.0000000e-003
  3.2100000e+004  7.0540000e+002 -1.6600000e+000  1.0000000e-003
  3.2120000e+004  7.0260000e+002 -1.6600000e+000  1.0000000e-003
  3.2140000e+004  6.9970000e+002 -1.6600000e+000  1.0000000e-003
  3.2160000e+004  6.9690000e+002 -1.6610000e+000  1.0000000e-003
  3.2181000e+004  6.9400000e+002 -1.6610000e+000  1.0000000e-003
  3.2205000e+004  6.9040000e+002 -1.6610000e+000  1.0000000e-003
  3.2225000e+004  6.8760000e+002 -1.6610000e+000  1.0000000e-003
  3.2245000e+004  6.8480000e+002 -1.6610000e+000  1.0000000e-003
  3.2266000e+004  6.8210000e+002 -1.6610000e+000  1.0000000e-003
  3.2286000e+004  6.7950000e+002 -1.6610000e+000  1.0000000e-003
  3.2306000e+004  6.7690000e+002 -1.6610000e+000  1.0000000e-003
  3.2326000e+004  6.7410000e+002 -1.6620000e+000  1.0000000e-003
  3.2346000e+004  6.7150000e+002 -1.6620000e+000  1.0000000e-003
  3.2366000e+004  6.6870000e+002 -1.6620000e+000  1.0000000e-003
  3.2386000e+004  6.6600000e+002 -1.6620000e+000  1.0000000e-003
  3.2406000e+004  6.6330000e+002 -1.6620000e+000  1.0000000e-003
  3.2426000e+004  6.6080000e+002 -1.6620000e+000  1.0000000e-003
  3.2446000e+004  6.5820000e+002 -1.6630000e+000  1.0000000e-003
  3.2466000e+004  6.5590000e+002 -1.6630000e+000  1.0000000e-003
  3.2486000e+004  6.5350000e+002 -1.6630000e+000  1.0000000e-003
  3.2506000e+004  6.5070000e+002 -1.6630000e+000  1.0000000e-003
  3.2526000e+004  6.4800000e+002 -1.6630000e+000  1.0000000e-003
  3.2546000e+004  6.4540000e+002 -1.6630000e+000  1.0000000e-003
  3.2566000e+004  6.4280000e+002 -1.6640000e+000  1.0000000e-003
  3.2586000e+004  6.4030000e+002 -1.6640000e+000  1.0000000e-003
  3.2606000e+004  6.3770000e+002 -1.6640000e+000  1.0000000e-003
  3.2626000e+004  6.3510000e+002 -1.6640000e+000  1.0000000e-003
  3.2646000e+004  6.3280000e+002 -1.6640000e+000  1.0000000e-003
  3.2666000e+004  6.3050000e+002 -1.6650000e+000  1.0000000e-003
  3.2686000e+004  6.2830000e+002 -1.6650000e+000  1.0000000e-003
  3.2706000e+004  6.2560000e+002 -1.6650000e+000  1.0000000e-003
  3.2726000e+004  6.2320000e+002 -1.6650000e+000  1.0000000e-003
  3.2746000e+004  6.2090000e+002 -1.6660000e+000  1.0000000e-003
  3.2766000e+004  6.1830000e+002 -1.6660000e+000  1.0000000e-003
  3.2786000e+004  6.1580000e+002 -1.6660000e+000  1.0000000e-003
  3.2806000e+004  6.1340000e+002 -1.6660000e+000  1.0000000e-003
  3.2826000e+004  6.1110000e+002 -1.6660000e+000  1.0000000e-003
  3.2846000e+004  6.0860000e+002 -1.6660000e+000  1.0000000e-003
  3.2866000e+004  6.0670000e+002 -1.6670000e+000  1.0000000e-003
  3.2886000e+004  6.0450000e+002 -1.6670000e+000  1.0000000e-003
  3.2906000e+004  6.0200000e+002 -1.6670000e+000  1.0000000e-003
  3.2926000e+004  5.9970000e+002 -1.6670000e+000  1.0000000e-003
  3.2946000e+004  5.9750000e+002 -1.6670000e+000  1.0000000e-003
  3.2966000e+004  5.9520000e+002 -1.6670000e+000  1.0000000e-003
  3.2986000e+004  5.9270000e+002 -1.6670000e+000  1.0000000e-003
  3.3006000e+004  5.9050000e+002 -1.6680000e+000  1.0000000e-003
  3.3026000e+004  5.8820000e+002 -1.6680000e+000  1.0000000e-003
  3.3046000e+004  5.8630000e+002 -1.6680000e+000  1.0000000e-003
  3.3066000e+004  5.8420000e+002 -1.6680000e+000  1.0000000e-003
  3.3086000e+004  5.8190000e+002 -1.6680000e+000  1.0000000e-003
  3.3106000e+004  5.7960000e+002 -1.6680000e+000  1.0000000e-003
  3.3127000e+004  5.7750000e+002 -1.6680000e+000  1.0000000e-003
  3.3147000e+004  5.7520000e+002 -1.6680000e+000  1.0000000e-003
  3.3167000e+004  5.7310000e+002 -1.6690000e+000  1.0000000e-003
  3.3187000e+004  5.7080000e+002 -1.6690000e+000  1.0000000e-003
  3.3207000e+004  5.6880000e+002 -1.6690000e+000  1.0000000e-003
  3.3227000e+004  5.6670000e+002 -1.6690000e+000  1.0000000e-003
  3.3247000e+004  5.6450000e+002 -1.6690000e+000  1.0000000e-003
  3.3267000e+004  5.6260000e+002 -1.6690000e+000  1.0000000e-003
  3.3287000e+004  5.6050000e+002 -1.6690000e+000  1.0000000e-003
  3.3307000e+004  5.5860000e+002 -1.6690000e+000  1.0000000e-003
  3.3327000e+004  5.5630000e+002 -1.6700000e+000  1.0000000e-003
  3.3347000e+004  5.5420000e+002 -1.6700000e+000  1.0000000e-003
  3.3367000e+004  5.5210000e+002 -1.6700000e+000  1.0000000e-003
  3.3387000e+004  5.4990000e+002 -1.6700000e+000  1.0000000e-003
  3.3407000e+004  5.4790000e+002 -1.6700000e+000  1.0000000e-003
  3.3427000e+004  5.4580000e+002 -1.6700000e+000  1.0000000e-003
  3.3447000e+004  5.4350000e+002 -1.6700000e+000  1.0000000e-003
  3.3467000e+004  5.4160000e+002 -1.6700000e+000  1.0000000e-003
  3.3487000e+004  5.3990000e+002 -1.6700000e+000  1.0000000e-003
  3.3507000e+004  5.3780000e+002 -1.6710000e+000  1.0000000e-003
  3.3527000e+004  5.3570000e+002 -1.6710000e+000  1.0000000e-003
  3.3547000e+004  5.3380000e+002 -1.6710000e+000  1.0000000e-003
  3.3567000e+004  5.3150000e+002 -1.6710000e+000  1.0000000e-003
  3.3587000e+004  5.2950000e+002 -1.6710000e+000  1.0000000e-003
  3.3608000e+004  5.2760000e+002 -1.6710000e+000  1.0000000e-003
  3.3628000e+004  5.2550000e+002 -1.6710000e+000  1.0000000e-003
  3.3648000e+004  5.2380000e+002 -1.6710000e+000  1.0000000e-003
  3.3668000e+004  5.2150000e+002 -1.6710000e+000  1.0000000e-003
  3.3688000e+004  5.1980000e+002 -1.6710000e+000  1.0000000e-003
  3.3708000e+004  5.1780000e+002 -1.6720000e+000  1.0000000e-003
  3.3728000e+004  5.1610000e+002 -1.6720000e+000  1.0000000e-003
  3.3748000e+004  5.1400000e+002 -1.6720000e+000  1.0000000e-003
  3.3768000e+004  5.1200000e+002 -1.6720000e+000  1.0000000e-003
  3.3788000e+004  5.1030000e+002 -1.6720000e+000  1.0000000e-003
  3.3808000e+004  5.0840000e+002 -1.6720000e+000  1.0000000e-003
  3.3828000e+004  5.0650000e+002 -1.6720000e+000  1.0000000e-003
  3.3848000e+004  5.0450000e+002 -1.6730000e+000  1.0000000e-003
  3.3868000e+004  5.0260000e+002 -1.6730000e+000  1.0000000e-003
  3.3888000e+004  5.0050000e+002 -1.6730000e+000  1.0000000e-003
  3.3908000e+004  4.9880000e+002 -1.6730000e+000  1.0000000e-003
  3.3928000e+004  4.9680000e+002 -1.6730000e+000  1.0000000e-003
  3.3948000e+004  4.9510000e+002 -1.6730000e+000  1.0000000e-003
  3.3968000e+004  4.9330000e+002 -1.6730000e+000  1.0000000e-003
  3.3988000e+004  4.9160000e+002 -1.6740000e+000  1.0000000e-003
  3.4008000e+004  4.8980000e+002 -1.6740000e+000  1.0000000e-003
  3.4028000e+004  4.8790000e+002 -1.6750000e+000  1.0000000e-003
  3.4048000e+004  4.8600000e+002 -1.6750000e+000  1.0000000e-003
  3.4068000e+004  4.8440000e+002 -1.6750000e+000  1.0000000e-003
  3.4088000e+004  4.8260000e+002 -1.6750000e+000  1.0000000e-003
  3.4108000e+004  4.8070000e+002 -1.6760000e+000  1.0000000e-003
  3.4128000e+004  4.7900000e+002 -1.6760000e+000  1.0000000e-003
  3.4148000e+004  4.7700000e+002 -1.6760000e+000  1.0000000e-003
  3.4168000e+004  4.7510000e+002 -1.6760000e+000  1.0000000e-003
  3.4188000e+004  4.7340000e+002 -1.6770000e+000  1.0000000e-003
  3.4208000e+004  4.7160000e+002 -1.6770000e+000  1.0000000e-003
  3.4228000e+004  4.7010000e+002 -1.6770000e+000  1.0000000e-003
  3.4248000e+004  4.6810000e+002 -1.6770000e+000  1.0000000e-003
  3.4268000e+004  4.6660000e+002 -1.6770000e+000  1.0000000e-003
  3.4288000e+004  4.6460000e+002 -1.6770000e+000  1.0000000e-003
  3.4308000e+004  4.6300000e+002 -1.6770000e+000  1.0000000e-003
  3.4328000e+004  4.6150000e+002 -1.6780000e+000  1.0000000e-003
  3.4348000e+004  4.5990000e+002 -1.6780000e+000  1.0000000e-003
  3.4368000e+004  4.5810000e+002 -1.6780000e+000  1.0000000e-003
  3.4389000e+004  4.5640000e+002 -1.6780000e+000  1.0000000e-003
  3.4409000e+004  4.5500000e+002 -1.6780000e+000  1.0000000e-003
  3.4429000e+004  4.5330000e+002 -1.6780000e+000  1.0000000e-003
  3.4449000e+004  4.5130000e+002 -1.6780000e+000  1.0000000e-003
  3.4469000e+004  4.4990000e+002 -1.6780000e+000  1.0000000e-003
  3.4489000e+004  4.4800000e+002 -1.6780000e+000  1.0000000e-003
  3.4509000e+004  4.4660000e+002 -1.6790000e+000  1.0000000e-003
  3.4529000e+004  4.4490000e+002 -1.6790000e+000  1.0000000e-003
  3.4549000e+004  4.4310000e+002 -1.6790000e+000  1.0000000e-003
  3.4569000e+004  4.4150000e+002 -1.6790000e+000  1.0000000e-003
  3.4589000e+004  4.4010000e+002 -1.6790000e+000  1.0000000e-003
  3.4609000e+004  4.3840000e+002 -1.6790000e+000  1.0000000e-003
  3.4629000e+004  4.3700000e+002 -1.6790000e+000  1.0000000e-003
  3.4649000e+004  4.3520000e+002 -1.6790000e+000  1.0000000e-003
  3.4669000e+004  4.3350000e+002 -1.6790000e+000  1.0000000e-003
  3.4689000e+004  4.3190000e+002 -1.6800000e+000  1.0000000e-003
  3.4709000e+004  4.3010000e+002 -1.6800000e+000  1.0000000e-003
  3.4729000e+004  4.2840000e+002 -1.6800000e+000  1.0000000e-003
  3.4749000e+004  4.2680000e+002 -1.6800000e+000  1.0000000e-003
  3.4769000e+004  4.2540000e+002 -1.6800000e+000  1.0000000e-003
  3.4789000e+004  4.2370000e+002 -1.6800000e+000  1.0000000e-003
  3.4809000e+004  4.2190000e+002 -1.6800000e+000  1.0000000e-003
  3.4864000e+004  4.1770000e+002 -1.6800000e+000  1.0000000e-003
  3.4884000e+004  4.1630000e+002 -1.6800000e+000  1.0000000e-003
  3.4904000e+004  4.1490000e+002 -1.6800000e+000  1.0000000e-003
  3.4924000e+004  4.1340000e+002 -1.6800000e+000  1.0000000e-003
  3.4944000e+004  4.1180000e+002 -1.6800000e+000  1.0000000e-003
  3.4964000e+004  4.1020000e+002 -1.6800000e+000  1.0000000e-003
  3.4984000e+004  4.0850000e+002 -1.6810000e+000  1.0000000e-003
  3.5004000e+004  4.0710000e+002 -1.6810000e+000  1.0000000e-003
  3.5024000e+004  4.0530000e+002 -1.6810000e+000  1.0000000e-003
  3.5044000e+004  4.0390000e+002 -1.6810000e+000  1.0000000e-003
  3.5064000e+004  4.0230000e+002 -1.6810000e+000  1.0000000e-003
  3.5084000e+004  4.0090000e+002 -1.6810000e+000  1.0000000e-003
  3.5104000e+004  3.9940000e+002 -1.6810000e+000  1.0000000e-003
  3.5124000e+004  3.9760000e+002 -1.6810000e+000  1.0000000e-003
  3.5144000e+004  3.9640000e+002 -1.6810000e+000  1.0000000e-003
  3.5164000e+004  3.9460000e+002 -1.6810000e+000  1.0000000e-003
  3.5184000e+004  3.9340000e+002 -1.6810000e+000  1.0000000e-003
  3.5204000e+004  3.9200000e+002 -1.6810000e+000  1.0000000e-003
  3.5224000e+004  3.9060000e+002 -1.6810000e+000  1.0000000e-003
  3.5244000e+004  3.8920000e+002 -1.6810000e+000  1.0000000e-003
  3.5264000e+004  3.8760000e+002 -1.6810000e+000  1.0000000e-003
  3.5285000e+004  3.8620000e+002 -1.6810000e+000  1.0000000e-003
  3.5305000e+004  3.8480000e+002 -1.6810000e+000  1.0000000e-003
  3.5325000e+004  3.8340000e+002 -1.6810000e+000  1.0000000e-003
  3.5345000e+004  3.8200000e+002 -1.6820000e+000  1.0000000e-003
  3.5365000e+004  3.8050000e+002 -1.6820000e+000  1.0000000e-003
  3.5385000e+004  3.7900000e+002 -1.6820000e+000  1.0000000e-003
  3.5405000e+004  3.7760000e+002 -1.6820000e+000  1.0000000e-003
  3.5425000e+004  3.7630000e+002 -1.6820000e+000  1.0000000e-003
  3.5445000e+004  3.7490000e+002 -1.6820000e+000  1.0000000e-003
  3.5465000e+004  3.7330000e+002 -1.6820000e+000  1.0000000e-003
  3.5485000e+004  3.7210000e+002 -1.6820000e+000  1.0000000e-003
  3.5505000e+004  3.7070000e+002 -1.6820000e+000  1.0000000e-003
  3.5525000e+004  3.6930000e+002 -1.6820000e+000  1.0000000e-003
  3.5545000e+004  3.6800000e+002 -1.6820000e+000  1.0000000e-003
  3.5565000e+004  3.6680000e+002 -1.6820000e+000  1.0000000e-003
  3.5585000e+004  3.6520000e+002 -1.6820000e+000  1.0000000e-003
  3.5605000e+004  3.6380000e+002 -1.6820000e+000  1.0000000e-003
  3.5625000e+004  3.6240000e+002 -1.6820000e+000  1.0000000e-003
  3.5645000e+004  3.6120000e+002 -1.6820000e+000  1.0000000e-003
  3.5665000e+004  3.5980000e+002 -1.6820000e+000  1.0000000e-003
  3.5685000e+004  3.5860000e+002 -1.6820000e+000  1.0000000e-003
  3.5705000e+004  3.5700000e+002 -1.6830000e+000  1.0000000e-003
  3.5725000e+004  3.5580000e+002 -1.6830000e+000  1.0000000e-003
  3.5745000e+004  3.5420000e+002 -1.6830000e+000  1.0000000e-003
  3.5765000e+004  3.5300000e+002 -1.6830000e+000  1.0000000e-003
  3.5785000e+004  3.5180000e+002 -1.6830000e+000  1.0000000e-003
  3.5805000e+004  3.5040000e+002 -1.6830000e+000  1.0000000e-003
  3.5825000e+004  3.4910000e+002 -1.6830000e+000  1.0000000e-003
  3.5845000e+004  3.4770000e+002 -1.6830000e+000  1.0000000e-003
  3.5865000e+004  3.4630000e+002 -1.6830000e+000  1.0000000e-003
  3.5885000e+004  3.4490000e+002 -1.6830000e+000  1.0000000e-003
  3.5905000e+004  3.4350000e+002 -1.6830000e+000  1.0000000e-003
  3.5925000e+004  3.4230000e+002 -1.6830000e+000  1.0000000e-003
  3.5945000e+004  3.4130000e+002 -1.6830000e+000  1.0000000e-003
  3.5965000e+004  3.3980000e+002 -1.6830000e+000  1.0000000e-003
  3.5985000e+004  3.3860000e+002 -1.6830000e+000  1.0000000e-003
  3.6005000e+004  3.3720000e+002 -1.6830000e+000  1.0000000e-003
  3.6025000e+004  3.3600000e+002 -1.6830000e+000  1.0000000e-003
  3.6046000e+004  3.3480000e+002 -1.6830000e+000  1.0000000e-003
  3.6066000e+004  3.3320000e+002 -1.6830000e+000  1.0000000e-003
  3.6086000e+004  3.3230000e+002 -1.6830000e+000  1.0000000e-003
  3.6106000e+004  3.3110000e+002 -1.6830000e+000  1.0000000e-003
  3.6126000e+004  3.2970000e+002 -1.6830000e+000  1.0000000e-003
  3.6146000e+004  3.2850000e+002 -1.6830000e+000  1.0000000e-003
  3.6166000e+004  3.2730000e+002 -1.6830000e+000  1.0000000e-003
  3.6186000e+004  3.2570000e+002 -1.6830000e+000  1.0000000e-003
  3.6206000e+004  3.2460000e+002 -1.6830000e+000  1.0000000e-003
  3.6226000e+004  3.2340000e+002 -1.6830000e+000  1.0000000e-003
  3.6246000e+004  3.2200000e+002 -1.6840000e+000  1.0000000e-003
  3.6266000e+004  3.2100000e+002 -1.6840000e+000  1.0000000e-003
  3.6286000e+004  3.1960000e+002 -1.6840000e+000  1.0000000e-003
  3.6306000e+004  3.1830000e+002 -1.6840000e+000  1.0000000e-003
  3.6326000e+004  3.1710000e+002 -1.6840000e+000  1.0000000e-003
  3.6346000e+004  3.1590000e+002 -1.6840000e+000  1.0000000e-003
  3.6366000e+004  3.1480000e+002 -1.6840000e+000  1.0000000e-003
  3.6386000e+004  3.1380000e+002 -1.6840000e+000  1.0000000e-003
  3.6406000e+004  3.1260000e+002 -1.6840000e+000  1.0000000e-003
  3.6426000e+004  3.1150000e+002 -1.6840000e+000  1.0000000e-003
  3.6446000e+004  3.1030000e+002 -1.6840000e+000  1.0000000e-003
  3.6466000e+004  3.0900000e+002 -1.6840000e+000  1.0000000e-003
  3.6486000e+004  3.0780000e+002 -1.6840000e+000  1.0000000e-003
  3.6506000e+004  3.0660000e+002 -1.6840000e+000  1.0000000e-003
  3.6526000e+004  3.0540000e+002 -1.6840000e+000  1.0000000e-003
  3.6546000e+004  3.0430000e+002 -1.6840000e+000  1.0000000e-003
  3.6566000e+004  3.0310000e+002 -1.6840000e+000  1.0000000e-003
  3.6586000e+004  3.0190000e+002 -1.6850000e+000  1.0000000e-003
  3.6606000e+004  3.0060000e+002 -1.6850000e+000  1.0000000e-003
  3.6626000e+004  2.9960000e+002 -1.6850000e+000  1.0000000e-003
  3.6646000e+004  2.9840000e+002 -1.6850000e+000  1.0000000e-003
  3.6666000e+004  2.9730000e+002 -1.6850000e+000  1.0000000e-003
  3.6686000e+004  2.9610000e+002 -1.6850000e+000  1.0000000e-003
  3.6706000e+004  2.9490000e+002 -1.6850000e+000  1.0000000e-003
  3.6726000e+004  2.9400000e+002 -1.6850000e+000  1.0000000e-003
  3.6746000e+004  2.9260000e+002 -1.6850000e+000  1.0000000e-003
  3.6766000e+004  2.9160000e+002 -1.6850000e+000  1.0000000e-003
  3.6786000e+004  2.9090000e+002 -1.6850000e+000  1.0000000e-003
  3.6806000e+004  2.8980000e+002 -1.6850000e+000  1.0000000e-003
  3.6826000e+004  2.8860000e+002 -1.6850000e+000  1.0000000e-003
  3.6846000e+004  2.8740000e+002 -1.6850000e+000  1.0000000e-003
  3.6866000e+004  2.8650000e+002 -1.6850000e+000  1.0000000e-003
  3.6886000e+004  2.8520000e+002 -1.6860000e+000  1.0000000e-003
  3.6906000e+004  2.8420000e+002 -1.6860000e+000  1.0000000e-003
  3.6926000e+004  2.8310000e+002 -1.6860000e+000  1.0000000e-003
  3.6946000e+004  2.8210000e+002 -1.6860000e+000  1.0000000e-003
  3.6966000e+004  2.8090000e+002 -1.6860000e+000  1.0000000e-003
  3.6986000e+004  2.8000000e+002 -1.6860000e+000  1.0000000e-003
  3.7007000e+004  2.7880000e+002 -1.6860000e+000  1.0000000e-003
  3.7027000e+004  2.7770000e+002 -1.6860000e+000  1.0000000e-003
  3.7047000e+004  2.7670000e+002 -1.6860000e+000  1.0000000e-003
  3.7067000e+004  2.7580000e+002 -1.6860000e+000  1.0000000e-003
  3.7087000e+004  2.7480000e+002 -1.6860000e+000  1.0000000e-003
  3.7107000e+004  2.7370000e+002 -1.6860000e+000  1.0000000e-003
  3.7127000e+004  2.7260000e+002 -1.6860000e+000  1.0000000e-003
  3.7147000e+004  2.7160000e+002 -1.6860000e+000  1.0000000e-003
  3.7167000e+004  2.7050000e+002 -1.6860000e+000  1.0000000e-003
  3.7187000e+004  2.6970000e+002 -1.6860000e+000  1.0000000e-003
  3.7207000e+004  2.6850000e+002 -1.6860000e+000  1.0000000e-003
  3.7227000e+004  2.6760000e+002 -1.6860000e+000  1.0000000e-003
  3.7247000e+004  2.6650000e+002 -1.6860000e+000  1.0000000e-003
  3.7267000e+004  2.6550000e+002 -1.6860000e+000  1.0000000e-003
  3.7287000e+004  2.6440000e+002 -1.6870000e+000  1.0000000e-003
  3.7307000e+004  2.6320000e+002 -1.6870000e+000  1.0000000e-003
  3.7327000e+004  2.6230000e+002 -1.6870000e+000  1.0000000e-003
  3.7347000e+004  2.6130000e+002 -1.6870000e+000  1.0000000e-003
  3.7367000e+004  2.6000000e+002 -1.6870000e+000  1.0000000e-003
  3.7387000e+004  2.5920000e+002 -1.6870000e+000  1.0000000e-003
  3.7407000e+004  2.5790000e+002 -1.6870000e+000  1.0000000e-003
  3.7427000e+004  2.5710000e+002 -1.6870000e+000  1.0000000e-003
  3.7447000e+004  2.5600000e+002 -1.6870000e+000  1.0000000e-003
  3.7467000e+004  2.5510000e+002 -1.6870000e+000  1.0000000e-003
  3.7487000e+004  2.5390000e+002 -1.6870000e+000  1.0000000e-003
  3.7507000e+004  2.5310000e+002 -1.6870000e+000  1.0000000e-003
  3.7527000e+004  2.5200000e+002 -1.6870000e+000  1.0000000e-003
  3.7547000e+004  2.5090000e+002 -1.6870000e+000  1.0000000e-003
  3.7567000e+004  2.5010000e+002 -1.6870000e+000  1.0000000e-003
  3.7587000e+004  2.4900000e+002 -1.6870000e+000  1.0000000e-003
  3.7607000e+004  2.4800000e+002 -1.6870000e+000  1.0000000e-003
  3.7627000e+004  2.4690000e+002 -1.6870000e+000  1.0000000e-003
  3.7647000e+004  2.4610000e+002 -1.6870000e+000  1.0000000e-003
  3.7667000e+004  2.4500000e+002 -1.6880000e+000  1.0000000e-003
  3.7687000e+004  2.4410000e+002 -1.6880000e+000  1.0000000e-003
  3.7707000e+004  2.4330000e+002 -1.6880000e+000  1.0000000e-003
  3.7727000e+004  2.4240000e+002 -1.6880000e+000  1.0000000e-003
  3.7747000e+004  2.4130000e+002 -1.6880000e+000  1.0000000e-003
  3.7767000e+004  2.4040000e+002 -1.6880000e+000  1.0000000e-003
  3.7788000e+004  2.3960000e+002 -1.6880000e+000  1.0000000e-003
  3.7808000e+004  2.3890000e+002 -1.6880000e+000  1.0000000e-003
  3.7828000e+004  2.3770000e+002 -1.6880000e+000  1.0000000e-003
  3.7848000e+004  2.3680000e+002 -1.6880000e+000  1.0000000e-003
  3.7868000e+004  2.3570000e+002 -1.6880000e+000  1.0000000e-003
  3.7888000e+004  2.3500000e+002 -1.6880000e+000  1.0000000e-003
  3.7908000e+004  2.3400000e+002 -1.6880000e+000  1.0000000e-003
  3.7928000e+004  2.3290000e+002 -1.6880000e+000  1.0000000e-003
  3.7948000e+004  2.3220000e+002 -1.6880000e+000  1.0000000e-003
  3.7968000e+004  2.3120000e+002 -1.6880000e+000  1.0000000e-003
  3.7988000e+004  2.3030000e+002 -1.6880000e+000  1.0000000e-003
  3.8008000e+004  2.2940000e+002 -1.6890000e+000  1.0000000e-003
  3.8028000e+004  2.2820000e+002 -1.6890000e+000  1.0000000e-003
  3.8048000e+004  2.2750000e+002 -1.6890000e+000  1.0000000e-003
  3.8068000e+004  2.2660000e+002 -1.6890000e+000  1.0000000e-003
  3.8088000e+004  2.2560000e+002 -1.6890000e+000  1.0000000e-003
  3.8108000e+004  2.2470000e+002 -1.6890000e+000  1.0000000e-003
  3.8128000e+004  2.2400000e+002 -1.6890000e+000  1.0000000e-003
  3.8148000e+004  2.2310000e+002 -1.6890000e+000  1.0000000e-003
  3.8168000e+004  2.2230000e+002 -1.6890000e+000  1.0000000e-003
  3.8188000e+004  2.2120000e+002 -1.6890000e+000  1.0000000e-003
  3.8208000e+004  2.2030000e+002 -1.6890000e+000  1.0000000e-003
  3.8228000e+004  2.1950000e+002 -1.6890000e+000  1.0000000e-003
  3.8248000e+004  2.1860000e+002 -1.6890000e+000  1.0000000e-003
  3.8268000e+004  2.1790000e+002 -1.6890000e+000  1.0000000e-003
  3.8288000e+004  2.1680000e+002 -1.6890000e+000  1.0000000e-003
  3.8308000e+004  2.1580000e+002 -1.6890000e+000  1.0000000e-003
  3.8328000e+004  2.1530000e+002 -1.6890000e+000  1.0000000e-003
  3.8348000e+004  2.1420000e+002 -1.6890000e+000  1.0000000e-003
  3.8368000e+004  2.1330000e+002 -1.6890000e+000  1.0000000e-003
  3.8388000e+004  2.1260000e+002 -1.6890000e+000  1.0000000e-003
  3.8408000e+004  2.1180000e+002 -1.6890000e+000  1.0000000e-003
  3.8428000e+004  2.1120000e+002 -1.6890000e+000  1.0000000e-003
  3.8448000e+004  2.1070000e+002 -1.6890000e+000  1.0000000e-003
  3.8468000e+004  2.0960000e+002 -1.6890000e+000  1.0000000e-003
  3.8489000e+004  2.0890000e+002 -1.6890000e+000  1.0000000e-003
  3.8509000e+004  2.0820000e+002 -1.6890000e+000  1.0000000e-003
  3.8529000e+004  2.0740000e+002 -1.6900000e+000  1.0000000e-003
  3.8549000e+004  2.0670000e+002 -1.6900000e+000  1.0000000e-003
  3.8569000e+004  2.0560000e+002 -1.6900000e+000  1.0000000e-003
  3.8589000e+004  2.0490000e+002 -1.6900000e+000  1.0000000e-003
  3.8609000e+004  2.0410000e+002 -1.6900000e+000  1.0000000e-003
  3.8629000e+004  2.0320000e+002 -1.6900000e+000  1.0000000e-003
  3.8649000e+004  2.0250000e+002 -1.6900000e+000  1.0000000e-003
  3.8669000e+004  2.0180000e+002 -1.6900000e+000  1.0000000e-003
  3.8689000e+004  2.0070000e+002 -1.6900000e+000  1.0000000e-003
  3.8709000e+004  1.9990000e+002 -1.6900000e+000  1.0000000e-003
  3.8729000e+004  1.9930000e+002 -1.6900000e+000  1.0000000e-003
  3.8749000e+004  1.9830000e+002 -1.6900000e+000  1.0000000e-003
  3.8769000e+004  1.9740000e+002 -1.6900000e+000  1.0000000e-003
  3.8789000e+004  1.9690000e+002 -1.6900000e+000  1.0000000e-003
  3.8809000e+004  1.9580000e+002 -1.6900000e+000  1.0000000e-003
  3.8829000e+004  1.9510000e+002 -1.6900000e+000  1.0000000e-003
  3.8849000e+004  1.9410000e+002 -1.6900000e+000  1.0000000e-003
  3.8869000e+004  1.9340000e+002 -1.6910000e+000  1.0000000e-003
  3.8889000e+004  1.9270000e+002 -1.6910000e+000  1.0000000e-003
  3.8909000e+004  1.9180000e+002 -1.6910000e+000  1.0000000e-003
  3.8929000e+004  1.9090000e+002 -1.6910000e+000  1.0000000e-003
  3.8949000e+004  1.9010000e+002 -1.6910000e+000  1.0000000e-003
  3.8969000e+004  1.8950000e+002 -1.6910000e+000  1.0000000e-003
  3.8989000e+004  1.8860000e+002 -1.6910000e+000  1.0000000e-003
  3.9009000e+004  1.8790000e+002 -1.6910000e+000  1.0000000e-003
  3.9029000e+004  1.8710000e+002 -1.6910000e+000  1.0000000e-003
  3.9049000e+004  1.8660000e+002 -1.6910000e+000  1.0000000e-003
  3.9069000e+004  1.8600000e+002 -1.6910000e+000  1.0000000e-003
  3.9089000e+004  1.8520000e+002 -1.6910000e+000  1.0000000e-003
  3.9110000e+004  1.8480000e+002 -1.6910000e+000  1.0000000e-003
  3.9130000e+004  1.8380000e+002 -1.6910000e+000  1.0000000e-003
  3.9150000e+004  1.8310000e+002 -1.6910000e+000  1.0000000e-003
  3.9170000e+004  1.8220000e+002 -1.6910000e+000  1.0000000e-003
  3.9190000e+004  1.8160000e+002 -1.6910000e+000  1.0000000e-003
  3.9210000e+004  1.8060000e+002 -1.6910000e+000  1.0000000e-003
  3.9230000e+004  1.8030000e+002 -1.6910000e+000  1.0000000e-003
  3.9250000e+004  1.7900000e+002 -1.6910000e+000  1.0000000e-003
  3.9270000e+004  1.7850000e+002 -1.6920000e+000  1.0000000e-003
  3.9290000e+004  1.7760000e+002 -1.6920000e+000  1.0000000e-003
  3.9310000e+004  1.7690000e+002 -1.6920000e+000  1.0000000e-003
  3.9330000e+004  1.7640000e+002 -1.6920000e+000  1.0000000e-003
  3.9350000e+004  1.7540000e+002 -1.6920000e+000  1.0000000e-003
  3.9370000e+004  1.7500000e+002 -1.6920000e+000  1.0000000e-003
  3.9390000e+004  1.7430000e+002 -1.6920000e+000  1.0000000e-003
  3.9410000e+004  1.7360000e+002 -1.6920000e+000  1.0000000e-003
  3.9430000e+004  1.7290000e+002 -1.6920000e+000  1.0000000e-003
  3.9450000e+004  1.7240000e+002 -1.6920000e+000  1.0000000e-003
  3.9470000e+004  1.7180000e+002 -1.6920000e+000  1.0000000e-003
  3.9490000e+004  1.7080000e+002 -1.6920000e+000  1.0000000e-003
  3.9510000e+004  1.7040000e+002 -1.6920000e+000  1.0000000e-003
  3.9530000e+004  1.6940000e+002 -1.6930000e+000  1.0000000e-003
  3.9550000e+004  1.6890000e+002 -1.6930000e+000  1.0000000e-003
  3.9570000e+004  1.6820000e+002 -1.6930000e+000  1.0000000e-003
  3.9590000e+004  1.6760000e+002 -1.6930000e+000  1.0000000e-003
  3.9610000e+004  1.6680000e+002 -1.6930000e+000  1.0000000e-003
  3.9630000e+004  1.6640000e+002 -1.6930000e+000  1.0000000e-003
  3.9650000e+004  1.6570000e+002 -1.6930000e+000  1.0000000e-003
  3.9670000e+004  1.6490000e+002 -1.6930000e+000  1.0000000e-003
  3.9690000e+004  1.6450000e+002 -1.6930000e+000  1.0000000e-003
  3.9710000e+004  1.6380000e+002 -1.6930000e+000  1.0000000e-003
  3.9730000e+004  1.6340000e+002 -1.6930000e+000  1.0000000e-003
  3.9750000e+004  1.6260000e+002 -1.6930000e+000  1.0000000e-003
  3.9770000e+004  1.6210000e+002 -1.6930000e+000  1.0000000e-003
  3.9790000e+004  1.6140000e+002 -1.6930000e+000  1.0000000e-003
  3.9810000e+004  1.6080000e+002 -1.6940000e+000  1.0000000e-003
  3.9830000e+004  1.6010000e+002 -1.6940000e+000  1.0000000e-003
  3.9850000e+004  1.5940000e+002 -1.6940000e+000  1.0000000e-003
  3.9871000e+004  1.5910000e+002 -1.6940000e+000  1.0000000e-003
  3.9891000e+004  1.5800000e+002 -1.6940000e+000  1.0000000e-003
  3.9911000e+004  1.5730000e+002 -1.6940000e+000  1.0000000e-003
  3.9931000e+004  1.5700000e+002 -1.6940000e+000  1.0000000e-003
  3.9951000e+004  1.5630000e+002 -1.6940000e+000  1.0000000e-003
  3.9971000e+004  1.5570000e+002 -1.6940000e+000  1.0000000e-003
  3.9991000e+004  1.5490000e+002 -1.6940000e+000  1.0000000e-003
  4.0011000e+004  1.5420000e+002 -1.6940000e+000  1.0000000e-003
  4.0031000e+004  1.5380000e+002 -1.6940000e+000  1.0000000e-003
  4.0051000e+004  1.5330000e+002 -1.6940000e+000  1.0000000e-003
  4.0071000e+004  1.5260000e+002 -1.6940000e+000  1.0000000e-003
  4.0091000e+004  1.5190000e+002 -1.6950000e+000  1.0000000e-003
  4.0111000e+004  1.5140000e+002 -1.6950000e+000  1.0000000e-003
  4.0131000e+004  1.5070000e+002 -1.6950000e+000  1.0000000e-003
  4.0151000e+004  1.5010000e+002 -1.6950000e+000  1.0000000e-003
  4.0171000e+004  1.4940000e+002 -1.6950000e+000  1.0000000e-003
  4.0191000e+004  1.4890000e+002 -1.6950000e+000  1.0000000e-003
  4.0211000e+004  1.4810000e+002 -1.6950000e+000  1.0000000e-003
  4.0231000e+004  1.4750000e+002 -1.6950000e+000  1.0000000e-003
  4.0251000e+004  1.4680000e+002 -1.6950000e+000  1.0000000e-003
  4.0271000e+004  1.4650000e+002 -1.6950000e+000  1.0000000e-003
  4.0291000e+004  1.4600000e+002 -1.6950000e+000  1.0000000e-003
  4.0311000e+004  1.4530000e+002 -1.6950000e+000  1.0000000e-003
  4.0331000e+004  1.4460000e+002 -1.6950000e+000  1.0000000e-003
  4.0351000e+004  1.4400000e+002 -1.6950000e+000  1.0000000e-003
  4.0371000e+004  1.4330000e+002 -1.6950000e+000  1.0000000e-003
  4.0391000e+004  1.4280000e+002 -1.6950000e+000  1.0000000e-003
  4.0411000e+004  1.4210000e+002 -1.6950000e+000  1.0000000e-003
  4.0431000e+004  1.4180000e+002 -1.6950000e+000  1.0000000e-003
  4.0451000e+004  1.4110000e+002 -1.6950000e+000  1.0000000e-003
  4.0471000e+004  1.4040000e+002 -1.6960000e+000  1.0000000e-003
  4.0491000e+004  1.3980000e+002 -1.6960000e+000  1.0000000e-003
  4.0511000e+004  1.3950000e+002 -1.6960000e+000  1.0000000e-003
  4.0531000e+004  1.3880000e+002 -1.6960000e+000  1.0000000e-003
  4.0551000e+004  1.3830000e+002 -1.6960000e+000  1.0000000e-003
  4.0572000e+004  1.3770000e+002 -1.6960000e+000  1.0000000e-003
  4.0596000e+004  1.3720000e+002 -1.6960000e+000  1.0000000e-003
  4.0616000e+004  1.3670000e+002 -1.6960000e+000  1.0000000e-003
  4.0636000e+004  1.3620000e+002 -1.6960000e+000  1.0000000e-003
  4.0657000e+004  1.3540000e+002 -1.6960000e+000  1.0000000e-003
  4.0677000e+004  1.3490000e+002 -1.6960000e+000  1.0000000e-003
  4.0697000e+004  1.3440000e+002 -1.6960000e+000  1.0000000e-003
  4.0717000e+004  1.3390000e+002 -1.6960000e+000  1.0000000e-003
  4.0737000e+004  1.3350000e+002 -1.6960000e+000  1.0000000e-003
  4.0757000e+004  1.3280000e+002 -1.6960000e+000  1.0000000e-003
  4.0777000e+004  1.3230000e+002 -1.6960000e+000  1.0000000e-003
  4.0797000e+004  1.3180000e+002 -1.6960000e+000  1.0000000e-003
  4.0817000e+004  1.3130000e+002 -1.6960000e+000  1.0000000e-003
  4.0837000e+004  1.3070000e+002 -1.6960000e+000  1.0000000e-003
  4.0857000e+004  1.3020000e+002 -1.6960000e+000  1.0000000e-003
  4.0877000e+004  1.2950000e+002 -1.6960000e+000  1.0000000e-003
  4.0897000e+004  1.2910000e+002 -1.6970000e+000  1.0000000e-003
  4.0917000e+004  1.2860000e+002 -1.6970000e+000  1.0000000e-003
  4.0937000e+004  1.2790000e+002 -1.6970000e+000  1.0000000e-003
  4.0957000e+004  1.2780000e+002 -1.6970000e+000  1.0000000e-003
  4.0977000e+004  1.2710000e+002 -1.6970000e+000  1.0000000e-003
  4.0997000e+004  1.2670000e+002 -1.6970000e+000  1.0000000e-003
  4.1017000e+004  1.2580000e+002 -1.6970000e+000  1.0000000e-003
  4.1037000e+004  1.2530000e+002 -1.6970000e+000  1.0000000e-003
  4.1057000e+004  1.2500000e+002 -1.6970000e+000  1.0000000e-003
  4.1077000e+004  1.2460000e+002 -1.6970000e+000  1.0000000e-003
  4.1097000e+004  1.2390000e+002 -1.6970000e+000  1.0000000e-003
  4.1117000e+004  1.2360000e+002 -1.6970000e+000  1.0000000e-003
  4.1137000e+004  1.2280000e+002 -1.6970000e+000  1.0000000e-003
  4.1157000e+004  1.2250000e+002 -1.6970000e+000  1.0000000e-003
  4.1177000e+004  1.2200000e+002 -1.6970000e+000  1.0000000e-003
  4.1197000e+004  1.2140000e+002 -1.6970000e+000  1.0000000e-003
  4.1217000e+004  1.2130000e+002 -1.6970000e+000  1.0000000e-003
  4.1237000e+004  1.2080000e+002 -1.6970000e+000  1.0000000e-003
  4.1257000e+004  1.2000000e+002 -1.6970000e+000  1.0000000e-003
  4.1277000e+004  1.1950000e+002 -1.6970000e+000  1.0000000e-003
  4.1297000e+004  1.1920000e+002 -1.6970000e+000  1.0000000e-003
  4.1317000e+004  1.1870000e+002 -1.6970000e+000  1.0000000e-003
  4.1337000e+004  1.1810000e+002 -1.6970000e+000  1.0000000e-003
  4.1357000e+004  1.1780000e+002 -1.6970000e+000  1.0000000e-003
  4.1377000e+004  1.1740000e+002 -1.6970000e+000  1.0000000e-003
  4.1397000e+004  1.1690000e+002 -1.6980000e+000  1.0000000e-003
  4.1417000e+004  1.1620000e+002 -1.6980000e+000  1.0000000e-003
  4.1437000e+004  1.1600000e+002 -1.6980000e+000  1.0000000e-003
  4.1458000e+004  1.1570000e+002 -1.6980000e+000  1.0000000e-003
  4.1478000e+004  1.1500000e+002 -1.6980000e+000  1.0000000e-003
  4.1498000e+004  1.1460000e+002 -1.6980000e+000  1.0000000e-003
  4.1518000e+004  1.1430000e+002 -1.6980000e+000  1.0000000e-003
  4.1538000e+004  1.1370000e+002 -1.6980000e+000  1.0000000e-003
  4.1558000e+004  1.1360000e+002 -1.6980000e+000  1.0000000e-003
  4.1578000e+004  1.1290000e+002 -1.6980000e+000  1.0000000e-003
  4.1598000e+004  1.1230000e+002 -1.6980000e+000  1.0000000e-003
  4.1618000e+004  1.1220000e+002 -1.6980000e+000  1.0000000e-003
  4.1638000e+004  1.1150000e+002 -1.6980000e+000  1.0000000e-003
  4.1658000e+004  1.1090000e+002 -1.6980000e+000  1.0000000e-003
  4.1678000e+004  1.1040000e+002 -1.6980000e+000  1.0000000e-003
  4.1698000e+004  1.1030000e+002 -1.6980000e+000  1.0000000e-003
  4.1718000e+004  1.1030000e+002 -1.6980000e+000  1.0000000e-003
  4.1738000e+004  1.0970000e+002 -1.6980000e+000  1.0000000e-003
  4.1758000e+004  1.0920000e+002 -1.6980000e+000  1.0000000e-003
  4.1778000e+004  1.0880000e+002 -1.6980000e+000  1.0000000e-003
  4.1798000e+004  1.0850000e+002 -1.6980000e+000  1.0000000e-003
  4.1818000e+004  1.0820000e+002 -1.6980000e+000  1.0000000e-003
  4.1838000e+004  1.0780000e+002 -1.6980000e+000  1.0000000e-003
  4.1858000e+004  1.0710000e+002 -1.6980000e+000  1.0000000e-003
  4.1878000e+004  1.0690000e+002 -1.6980000e+000  1.0000000e-003
  4.1898000e+004  1.0660000e+002 -1.6980000e+000  1.0000000e-003
  4.1918000e+004  1.0640000e+002 -1.6980000e+000  1.0000000e-003
  4.1938000e+004  1.0570000e+002 -1.6980000e+000  1.0000000e-003
  4.1958000e+004  1.0550000e+002 -1.6980000e+000  1.0000000e-003
  4.1978000e+004  1.0520000e+002 -1.6980000e+000  1.0000000e-003
  4.1998000e+004  1.0470000e+002 -1.6980000e+000  1.0000000e-003
  4.2018000e+004  1.0410000e+002 -1.6980000e+000  1.0000000e-003
  4.2038000e+004  1.0390000e+002 -1.6980000e+000  1.0000000e-003
  4.2058000e+004  1.0340000e+002 -1.6980000e+000  1.0000000e-003
  4.2078000e+004  1.0310000e+002 -1.6990000e+000  1.0000000e-003
  4.2098000e+004  1.0270000e+002 -1.6990000e+000  1.0000000e-003
  4.2118000e+004  1.0220000e+002 -1.6990000e+000  1.0000000e-003
  4.2138000e+004  1.0200000e+002 -1.6990000e+000  1.0000000e-003
  4.2159000e+004  1.0120000e+002 -1.6990000e+000  1.0000000e-003
  4.2179000e+004  1.0120000e+002 -1.6990000e+000  1.0000000e-003
  4.2199000e+004  1.0040000e+002 -1.6990000e+000  1.0000000e-003
  4.2219000e+004  1.0030000e+002 -1.6990000e+000  1.0000000e-003
  4.2239000e+004  1.0010000e+002 -1.6990000e+000  1.0000000e-003
  4.2259000e+004  9.9600000e+001 -1.6990000e+000  1.0000000e-003
  4.2279000e+004  9.9000000e+001 -1.6990000e+000  1.0000000e-003
  4.2299000e+004  9.8500000e+001 -1.6990000e+000  1.0000000e-003
  4.2319000e+004  9.8000000e+001 -1.6990000e+000  1.0000000e-003
  4.2339000e+004  9.7600000e+001 -1.6990000e+000  1.0000000e-003
  4.2359000e+004  9.7300000e+001 -1.6990000e+000  1.0000000e-003
  4.2379000e+004  9.7300000e+001 -1.6990000e+000  1.0000000e-003
  4.2399000e+004  9.6400000e+001 -1.6990000e+000  1.0000000e-003
  4.2419000e+004  9.6100000e+001 -1.6990000e+000  1.0000000e-003
  4.2439000e+004  9.5700000e+001 -1.6990000e+000  1.0000000e-003
  4.2459000e+004  9.5600000e+001 -1.6990000e+000  1.0000000e-003
  4.2479000e+004  9.5200000e+001 -1.6990000e+000  1.0000000e-003
  4.2499000e+004  9.4800000e+001 -1.6990000e+000  1.0000000e-003
  4.2519000e+004  9.4500000e+001 -1.6990000e+000  1.0000000e-003
  4.2539000e+004  9.4000000e+001 -1.6990000e+000  1.0000000e-003
  4.2559000e+004  9.3600000e+001 -1.6990000e+000  1.0000000e-003
  4.2579000e+004  9.3300000e+001 -1.6990000e+000  1.0000000e-003
  4.2599000e+004  9.2900000e+001 -1.6990000e+000  1.0000000e-003
  4.2619000e+004  9.2600000e+001 -1.6990000e+000  1.0000000e-003
  4.2639000e+004  9.2100000e+001 -1.6990000e+000  1.0000000e-003
  4.2659000e+004  9.1900000e+001 -1.6990000e+000  1.0000000e-003
  4.2679000e+004  9.1700000e+001 -1.6990000e+000  1.0000000e-003
  4.2699000e+004  9.1000000e+001 -1.6990000e+000  1.0000000e-003
  4.2719000e+004  9.0800000e+001 -1.6990000e+000  1.0000000e-003
  4.2739000e+004  9.0500000e+001 -1.6990000e+000  1.0000000e-003
  4.2759000e+004  8.9900000e+001 -1.6990000e+000  1.0000000e-003
  4.2779000e+004  8.9800000e+001 -1.6990000e+000  1.0000000e-003
  4.2799000e+004  8.9300000e+001 -1.6990000e+000  1.0000000e-003
  4.2819000e+004  8.8900000e+001 -1.6990000e+000  1.0000000e-003
  4.2839000e+004  8.8700000e+001 -1.6990000e+000  1.0000000e-003
  4.2859000e+004  8.8600000e+001 -1.6990000e+000  1.0000000e-003
  4.2879000e+004  8.8000000e+001 -1.7000000e+000  1.0000000e-003
  4.2899000e+004  8.7500000e+001 -1.7000000e+000  1.0000000e-003
  4.2920000e+004  8.7200000e+001 -1.7000000e+000  1.0000000e-003
  4.2940000e+004  8.7000000e+001 -1.7000000e+000  1.0000000e-003
  4.2960000e+004  8.6600000e+001 -1.7000000e+000  1.0000000e-003
  4.2980000e+004  8.6500000e+001 -1.7000000e+000  1.0000000e-003
  4.3000000e+004  8.5800000e+001 -1.7000000e+000  1.0000000e-003
  4.3020000e+004  8.5600000e+001 -1.7000000e+000  1.0000000e-003
  4.3040000e+004  8.5600000e+001 -1.7000000e+000  1.0000000e-003
  4.3060000e+004  8.5100000e+001 -1.7000000e+000  1.0000000e-003
  4.3080000e+004  8.4700000e+001 -1.7000000e+000  1.0000000e-003
  4.3100000e+004  8.4300000e+001 -1.7000000e+000  1.0000000e-003
  4.3120000e+004  8.4200000e+001 -1.7000000e+000  1.0000000e-003
  4.3140000e+004  8.4000000e+001 -1.7000000e+000  1.0000000e-003
  4.3160000e+004  8.3700000e+001 -1.7000000e+000  1.0000000e-003
  4.3180000e+004  8.3300000e+001 -1.7000000e+000  1.0000000e-003
  4.3200000e+004  8.2800000e+001 -1.7000000e+000  1.0000000e-003
  4.3220000e+004  8.2600000e+001 -1.7000000e+000  1.0000000e-003
  4.3240000e+004  8.2300000e+001 -1.7000000e+000  1.0000000e-003
  4.3260000e+004  8.2100000e+001 -1.7000000e+000  1.0000000e-003
  4.3280000e+004  8.1500000e+001 -1.7000000e+000  1.0000000e-003
  4.3300000e+004  8.1400000e+001 -1.7000000e+000  1.0000000e-003
  4.3320000e+004  8.1000000e+001 -1.7000000e+000  1.0000000e-003
  4.3340000e+004  8.0700000e+001 -1.7000000e+000  1.0000000e-003
  4.3360000e+004  8.0300000e+001 -1.7000000e+000  1.0000000e-003
  4.3380000e+004  8.0200000e+001 -1.7000000e+000  1.0000000e-003
  4.3400000e+004  8.0200000e+001 -1.7000000e+000  1.0000000e-003
  4.3420000e+004  8.0000000e+001 -1.7000000e+000  1.0000000e-003
  4.3440000e+004  7.9300000e+001 -1.7000000e+000  1.0000000e-003
  4.3460000e+004  7.9500000e+001 -1.7000000e+000  1.0000000e-003
  4.3480000e+004  7.8900000e+001 -1.7000000e+000  1.0000000e-003
  4.3500000e+004  7.8800000e+001 -1.7000000e+000  1.0000000e-003
  4.3520000e+004  7.8200000e+001 -1.7000000e+000  1.0000000e-003
  4.3541000e+004  7.8200000e+001 -1.7000000e+000  1.0000000e-003
  4.3561000e+004  7.7900000e+001 -1.7000000e+000  1.0000000e-003
  4.3581000e+004  7.7200000e+001 -1.7000000e+000  1.0000000e-003
  4.3601000e+004  7.7300000e+001 -1.7010000e+000  1.0000000e-003
  4.3621000e+004  7.7200000e+001 -1.7010000e+000  1.0000000e-003
  4.3641000e+004  7.7000000e+001 -1.7010000e+000  1.0000000e-003
  4.3661000e+004  7.6500000e+001 -1.7010000e+000  1.0000000e-003
  4.3681000e+004  7.6300000e+001 -1.7010000e+000  1.0000000e-003
  4.3701000e+004  7.6300000e+001 -1.7010000e+000  1.0000000e-003
  4.3721000e+004  7.5600000e+001 -1.7010000e+000  1.0000000e-003
  4.3741000e+004  7.5400000e+001 -1.7010000e+000  1.0000000e-003
  4.3761000e+004  7.5300000e+001 -1.7010000e+000  1.0000000e-003
  4.3781000e+004  7.5100000e+001 -1.7010000e+000  1.0000000e-003
  4.3801000e+004  7.4600000e+001 -1.7010000e+000  1.0000000e-003
  4.3821000e+004  7.4600000e+001 -1.7010000e+000  1.0000000e-003
  4.3841000e+004  7.4700000e+001 -1.7010000e+000  1.0000000e-003
  4.3861000e+004  7.4000000e+001 -1.7010000e+000  1.0000000e-003
  4.3881000e+004  7.3800000e+001 -1.7010000e+000  1.0000000e-003
  4.3901000e+004  7.3500000e+001 -1.7010000e+000  1.0000000e-003
  4.3921000e+004  7.3200000e+001 -1.7010000e+000  1.0000000e-003
  4.3941000e+004  7.3200000e+001 -1.7010000e+000  1.0000000e-003
  4.3961000e+004  7.2600000e+001 -1.7010000e+000  1.0000000e-003
  4.3981000e+004  7.2600000e+001 -1.7010000e+000  1.0000000e-003
  4.4001000e+004  7.2100000e+001 -1.7010000e+000  1.0000000e-003
  4.4021000e+004  7.2500000e+001 -1.7010000e+000  1.0000000e-003
  4.4041000e+004  7.1700000e+001 -1.7010000e+000  1.0000000e-003
  4.4061000e+004  7.1600000e+001 -1.7010000e+000  1.0000000e-003
  4.4081000e+004  7.1400000e+001 -1.7010000e+000  1.0000000e-003
  4.4101000e+004  7.0900000e+001 -1.7010000e+000  1.0000000e-003
  4.4121000e+004  7.0900000e+001 -1.7010000e+000  1.0000000e-003
  4.4141000e+004  7.0500000e+001 -1.7010000e+000  1.0000000e-003
  4.4161000e+004  7.0700000e+001 -1.7010000e+000  1.0000000e-003
  4.4181000e+004  7.0000000e+001 -1.7010000e+000  1.0000000e-003
  4.4201000e+004  7.0000000e+001 -1.7010000e+000  1.0000000e-003
  4.4221000e+004  6.9800000e+001 -1.7010000e+000  1.0000000e-003
  4.4241000e+004  6.9700000e+001 -1.7010000e+000  1.0000000e-003
  4.4261000e+004  6.9100000e+001 -1.7010000e+000  1.0000000e-003
  4.4282000e+004  6.8900000e+001 -1.7010000e+000  1.0000000e-003
  4.4302000e+004  6.8800000e+001 -1.7010000e+000  1.0000000e-003
  4.4322000e+004  6.8400000e+001 -1.7010000e+000  1.0000000e-003
  4.4342000e+004  6.8300000e+001 -1.7010000e+000  1.0000000e-003
  4.4362000e+004  6.8100000e+001 -1.7010000e+000  1.0000000e-003
  4.4382000e+004  6.7700000e+001 -1.7010000e+000  1.0000000e-003
  4.4402000e+004  6.7900000e+001 -1.7010000e+000  1.0000000e-003
  4.4422000e+004  6.7700000e+001 -1.7010000e+000  1.0000000e-003
  4.4442000e+004  6.7200000e+001 -1.7010000e+000  1.0000000e-003
  4.4462000e+004  6.7000000e+001 -1.7010000e+000  1.0000000e-003
  4.4482000e+004  6.6500000e+001 -1.7010000e+000  1.0000000e-003
  4.4502000e+004  6.6500000e+001 -1.7010000e+000  1.0000000e-003
  4.4522000e+004  6.6300000e+001 -1.7020000e+000  1.0000000e-003
  4.4542000e+004  6.6000000e+001 -1.7020000e+000  1.0000000e-003
  4.4562000e+004  6.5800000e+001 -1.7020000e+000  1.0000000e-003
  4.4582000e+004  6.5600000e+001 -1.7020000e+000  1.0000000e-003
  4.4602000e+004  6.5400000e+001 -1.7020000e+000  1.0000000e-003
  4.4622000e+004  6.5100000e+001 -1.7020000e+000  1.0000000e-003
  4.4642000e+004  6.5100000e+001 -1.7020000e+000  1.0000000e-003
  4.4662000e+004  6.4800000e+001 -1.7020000e+000  1.0000000e-003
  4.4682000e+004  6.4800000e+001 -1.7020000e+000  1.0000000e-003
  4.4702000e+004  6.4400000e+001 -1.7020000e+000  1.0000000e-003
  4.4722000e+004  6.4200000e+001 -1.7020000e+000  1.0000000e-003
  4.4742000e+004  6.3900000e+001 -1.7020000e+000  1.0000000e-003
  4.4762000e+004  6.3700000e+001 -1.7020000e+000  1.0000000e-003
  4.4782000e+004  6.3500000e+001 -1.7020000e+000  1.0000000e-003
  4.4802000e+004  6.3300000e+001 -1.7020000e+000  1.0000000e-003
  4.4822000e+004  6.3300000e+001 -1.7020000e+000  1.0000000e-003
  4.4842000e+004  6.3300000e+001 -1.7020000e+000  1.0000000e-003
  4.4862000e+004  6.3000000e+001 -1.7020000e+000  1.0000000e-003
  4.4882000e+004  6.2600000e+001 -1.7020000e+000  1.0000000e-003
  4.4902000e+004  6.2300000e+001 -1.7020000e+000  1.0000000e-003
  4.4922000e+004  6.2500000e+001 -1.7020000e+000  1.0000000e-003
  4.4942000e+004  6.2100000e+001 -1.7020000e+000  1.0000000e-003
  4.4962000e+004  6.1800000e+001 -1.7020000e+000  1.0000000e-003
  4.4982000e+004  6.1600000e+001 -1.7020000e+000  1.0000000e-003
  4.5002000e+004  6.1600000e+001 -1.7020000e+000  1.0000000e-003
  4.5022000e+004  6.1100000e+001 -1.7020000e+000  1.0000000e-003
  4.5042000e+004  6.0900000e+001 -1.7020000e+000  1.0000000e-003
  4.5062000e+004  6.0900000e+001 -1.7020000e+000  1.0000000e-003
  4.5082000e+004  6.0700000e+001 -1.7020000e+000  1.0000000e-003
  4.5102000e+004  6.0600000e+001 -1.7020000e+000  1.0000000e-003
  4.5122000e+004  6.0200000e+001 -1.7020000e+000  1.0000000e-003
  4.5142000e+004  6.0200000e+001 -1.7020000e+000  1.0000000e-003
  4.5162000e+004  6.0000000e+001 -1.7020000e+000  1.0000000e-003
  4.5182000e+004  5.9900000e+001 -1.7020000e+000  1.0000000e-003
  4.5202000e+004  5.9500000e+001 -1.7020000e+000  1.0000000e-003
  4.5222000e+004  5.9500000e+001 -1.7020000e+000  1.0000000e-003
  4.5242000e+004  5.9300000e+001 -1.7020000e+000  1.0000000e-003
  4.5263000e+004  5.8800000e+001 -1.7020000e+000  1.0000000e-003
  4.5283000e+004  5.8600000e+001 -1.7020000e+000  1.0000000e-003
  4.5303000e+004  5.8400000e+001 -1.7020000e+000  1.0000000e-003
  4.5323000e+004  5.8300000e+001 -1.7020000e+000  1.0000000e-003
  4.5343000e+004  5.7900000e+001 -1.7020000e+000  1.0000000e-003
  4.5363000e+004  5.7800000e+001 -1.7020000e+000  1.0000000e-003
  4.5383000e+004  5.7800000e+001 -1.7020000e+000  1.0000000e-003
  4.5403000e+004  5.7400000e+001 -1.7020000e+000  1.0000000e-003
  4.5423000e+004  5.7200000e+001 -1.7020000e+000  1.0000000e-003
  4.5443000e+004  5.7200000e+001 -1.7020000e+000  1.0000000e-003
  4.5463000e+004  5.6900000e+001 -1.7030000e+000  1.0000000e-003
  4.5483000e+004  5.6700000e+001 -1.7030000e+000  1.0000000e-003
  4.5503000e+004  5.6700000e+001 -1.7030000e+000  1.0000000e-003
  4.5523000e+004  5.6500000e+001 -1.7030000e+000  1.0000000e-003
  4.5543000e+004  5.6200000e+001 -1.7030000e+000  1.0000000e-003
  4.5563000e+004  5.6200000e+001 -1.7030000e+000  1.0000000e-003
  4.5583000e+004  5.6200000e+001 -1.7030000e+000  1.0000000e-003
  4.5603000e+004  5.5700000e+001 -1.7030000e+000  1.0000000e-003
  4.5623000e+004  5.5500000e+001 -1.7030000e+000  1.0000000e-003
  4.5643000e+004  5.5700000e+001 -1.7030000e+000  1.0000000e-003
  4.5663000e+004  5.5100000e+001 -1.7030000e+000  1.0000000e-003
  4.5683000e+004  5.5000000e+001 -1.7030000e+000  1.0000000e-003
  4.5703000e+004  5.5000000e+001 -1.7030000e+000  1.0000000e-003
  4.5723000e+004  5.5000000e+001 -1.7030000e+000  1.0000000e-003
  4.5743000e+004  5.4400000e+001 -1.7030000e+000  1.0000000e-003
  4.5763000e+004  5.4400000e+001 -1.7030000e+000  1.0000000e-003
  4.5783000e+004  5.4400000e+001 -1.7030000e+000  1.0000000e-003
  4.5804000e+004  5.3900000e+001 -1.7030000e+000  1.0000000e-003
  4.5824000e+004  5.4100000e+001 -1.7030000e+000  1.0000000e-003
  4.5844000e+004  5.3500000e+001 -1.7030000e+000  1.0000000e-003
  4.5864000e+004  5.3500000e+001 -1.7030000e+000  1.0000000e-003
  4.5884000e+004  5.3200000e+001 -1.7030000e+000  1.0000000e-003
  4.5904000e+004  5.3000000e+001 -1.7030000e+000  1.0000000e-003
  4.5924000e+004  5.2800000e+001 -1.7030000e+000  1.0000000e-003
  4.5944000e+004  5.2800000e+001 -1.7030000e+000  1.0000000e-003
  4.5964000e+004  5.2800000e+001 -1.7030000e+000  1.0000000e-003
  4.5984000e+004  5.2500000e+001 -1.7030000e+000  1.0000000e-003
  4.6004000e+004  5.2300000e+001 -1.7030000e+000  1.0000000e-003
  4.6024000e+004  5.2100000e+001 -1.7030000e+000  1.0000000e-003
  4.6044000e+004  5.2000000e+001 -1.7030000e+000  1.0000000e-003
  4.6064000e+004  5.1600000e+001 -1.7030000e+000  1.0000000e-003
  4.6084000e+004  5.1600000e+001 -1.7030000e+000  1.0000000e-003
  4.6104000e+004  5.2100000e+001 -1.7030000e+000  1.0000000e-003
  4.6124000e+004  5.1500000e+001 -1.7030000e+000  1.0000000e-003
  4.6144000e+004  5.1100000e+001 -1.7030000e+000  1.0000000e-003
  4.6164000e+004  5.1100000e+001 -1.7030000e+000  1.0000000e-003
  4.6184000e+004  5.0800000e+001 -1.7030000e+000  1.0000000e-003
  4.6204000e+004  5.0900000e+001 -1.7030000e+000  1.0000000e-003
  4.6224000e+004  5.0600000e+001 -1.7030000e+000  1.0000000e-003
  4.6244000e+004  5.0800000e+001 -1.7030000e+000  1.0000000e-003
  4.6264000e+004  5.0600000e+001 -1.7030000e+000  1.0000000e-003
  4.6284000e+004  5.0400000e+001 -1.7030000e+000  1.0000000e-003
  4.6304000e+004  4.9900000e+001 -1.7030000e+000  1.0000000e-003
  4.6324000e+004  5.0000000e+001 -1.7030000e+000  1.0000000e-003
  4.6344000e+004  4.9500000e+001 -1.7030000e+000  1.0000000e-003
  4.6364000e+004  4.9900000e+001 -1.7030000e+000  1.0000000e-003
  4.6384000e+004  4.9500000e+001 -1.7030000e+000  1.0000000e-003
  4.6404000e+004  4.9200000e+001 -1.7030000e+000  1.0000000e-003
  4.6424000e+004  4.9200000e+001 -1.7030000e+000  1.0000000e-003
  4.6444000e+004  4.9200000e+001 -1.7030000e+000  1.0000000e-003
  4.6464000e+004  4.8800000e+001 -1.7030000e+000  1.0000000e-003
  4.6485000e+004  4.9000000e+001 -1.7030000e+000  1.0000000e-003
  4.6505000e+004  4.8600000e+001 -1.7030000e+000  1.0000000e-003
  4.6525000e+004  4.8800000e+001 -1.7030000e+000  1.0000000e-003
  4.6549000e+004  4.8600000e+001 -1.7030000e+000  1.0000000e-003
  4.6570000e+004  4.8500000e+001 -1.7030000e+000  1.0000000e-003
  4.6590000e+004  4.8300000e+001 -1.7030000e+000  1.0000000e-003
  4.6610000e+004  4.8100000e+001 -1.7030000e+000  1.0000000e-003
  4.6630000e+004  4.8100000e+001 -1.7030000e+000  1.0000000e-003
  4.6650000e+004  4.7600000e+001 -1.7040000e+000  1.0000000e-003
  4.6670000e+004  4.7600000e+001 -1.7040000e+000  1.0000000e-003
  4.6690000e+004  4.7600000e+001 -1.7040000e+000  1.0000000e-003
  4.6710000e+004  4.7400000e+001 -1.7040000e+000  1.0000000e-003
  4.6730000e+004  4.7400000e+001 -1.7040000e+000  1.0000000e-003
  4.6750000e+004  4.6900000e+001 -1.7040000e+000  1.0000000e-003
  4.6770000e+004  4.7300000e+001 -1.7040000e+000  1.0000000e-003
  4.6790000e+004  4.6900000e+001 -1.7040000e+000  1.0000000e-003
  4.6810000e+004  4.6700000e+001 -1.7040000e+000  1.0000000e-003
  4.6830000e+004  4.6700000e+001 -1.7040000e+000  1.0000000e-003
  4.6850000e+004  4.6900000e+001 -1.7040000e+000  1.0000000e-003
  4.6870000e+004  4.6600000e+001 -1.7040000e+000  1.0000000e-003
  4.6890000e+004  4.6600000e+001 -1.7040000e+000  1.0000000e-003
  4.6910000e+004  4.6400000e+001 -1.7040000e+000  1.0000000e-003
  4.6930000e+004  4.6600000e+001 -1.7040000e+000  1.0000000e-003
  4.6950000e+004  4.6000000e+001 -1.7040000e+000  1.0000000e-003
  4.6970000e+004  4.6000000e+001 -1.7040000e+000  1.0000000e-003
  4.6990000e+004  4.5800000e+001 -1.7040000e+000  1.0000000e-003
  4.7010000e+004  4.5700000e+001 -1.7040000e+000  1.0000000e-003
  4.7030000e+004  4.5700000e+001 -1.7040000e+000  1.0000000e-003
  4.7050000e+004  4.5500000e+001 -1.7040000e+000  1.0000000e-003
  4.7070000e+004  4.5500000e+001 -1.7040000e+000  1.0000000e-003
  4.7090000e+004  4.5700000e+001 -1.7040000e+000  1.0000000e-003
  4.7110000e+004  4.5100000e+001 -1.7040000e+000  1.0000000e-003
  4.7130000e+004  4.5100000e+001 -1.7040000e+000  1.0000000e-003
  4.7150000e+004  4.5100000e+001 -1.7040000e+000  1.0000000e-003
  4.7170000e+004  4.5100000e+001 -1.7040000e+000  1.0000000e-003
  4.7190000e+004  4.4600000e+001 -1.7040000e+000  1.0000000e-003
  4.7210000e+004  4.4600000e+001 -1.7040000e+000  1.0000000e-003
  4.7230000e+004  4.4800000e+001 -1.7040000e+000  1.0000000e-003
  4.7250000e+004  4.4600000e+001 -1.7040000e+000  1.0000000e-003
  4.7270000e+004  4.4600000e+001 -1.7040000e+000  1.0000000e-003
  4.7290000e+004  4.4500000e+001 -1.7040000e+000  1.0000000e-003
  4.7310000e+004  4.4300000e+001 -1.7040000e+000  1.0000000e-003
  4.7330000e+004  4.4100000e+001 -1.7040000e+000  1.0000000e-003
  4.7350000e+004  4.3900000e+001 -1.7040000e+000  1.0000000e-003
  4.7370000e+004  4.4100000e+001 -1.7040000e+000  1.0000000e-003
  4.7390000e+004  4.3800000e+001 -1.7040000e+000  1.0000000e-003
  4.7410000e+004  4.3600000e+001 -1.7040000e+000  1.0000000e-003
  4.7430000e+004  4.3400000e+001 -1.7040000e+000  1.0000000e-003
  4.7450000e+004  4.3600000e+001 -1.7040000e+000  1.0000000e-003
  4.7470000e+004  4.3400000e+001 -1.7040000e+000  1.0000000e-003
  4.7491000e+004  4.3200000e+001 -1.7040000e+000  1.0000000e-003
  4.7511000e+004  4.3200000e+001 -1.7040000e+000  1.0000000e-003
  4.7531000e+004  4.3100000e+001 -1.7040000e+000  1.0000000e-003
  4.7551000e+004  4.2900000e+001 -1.7040000e+000  1.0000000e-003
  4.7571000e+004  4.2700000e+001 -1.7040000e+000  1.0000000e-003
  4.7591000e+004  4.2900000e+001 -1.7040000e+000  1.0000000e-003
  4.7611000e+004  4.2700000e+001 -1.7040000e+000  1.0000000e-003
  4.7631000e+004  4.2700000e+001 -1.7040000e+000  1.0000000e-003
  4.7651000e+004  4.2500000e+001 -1.7040000e+000  1.0000000e-003
  4.7671000e+004  4.2500000e+001 -1.7040000e+000  1.0000000e-003
  4.7691000e+004  4.2300000e+001 -1.7040000e+000  1.0000000e-003
  4.7711000e+004  4.2200000e+001 -1.7040000e+000  1.0000000e-003
  4.7731000e+004  4.2200000e+001 -1.7040000e+000  1.0000000e-003
  4.7751000e+004  4.2300000e+001 -1.7040000e+000  1.0000000e-003
  4.7771000e+004  4.2000000e+001 -1.7040000e+000  1.0000000e-003
  4.7791000e+004  4.2000000e+001 -1.7040000e+000  1.0000000e-003
  4.7811000e+004  4.1800000e+001 -1.7040000e+000  1.0000000e-003
  4.7831000e+004  4.1700000e+001 -1.7040000e+000  1.0000000e-003
  4.7851000e+004  4.1500000e+001 -1.7040000e+000  1.0000000e-003
  4.7871000e+004  4.1500000e+001 -1.7040000e+000  1.0000000e-003
  4.7891000e+004  4.1300000e+001 -1.7040000e+000  1.0000000e-003
  4.7911000e+004  4.1100000e+001 -1.7040000e+000  1.0000000e-003
  4.7931000e+004  4.1100000e+001 -1.7040000e+000  1.0000000e-003
  4.7951000e+004  4.1300000e+001 -1.7040000e+000  1.0000000e-003
  4.7971000e+004  4.1100000e+001 -1.7040000e+000  1.0000000e-003
  4.7991000e+004  4.1000000e+001 -1.7040000e+000  1.0000000e-003
  4.8011000e+004  4.0600000e+001 -1.7050000e+000  1.0000000e-003
  4.8031000e+004  4.0600000e+001 -1.7050000e+000  1.0000000e-003
  4.8051000e+004  4.0600000e+001 -1.7050000e+000  1.0000000e-003
  4.8071000e+004  4.0400000e+001 -1.7050000e+000  1.0000000e-003
  4.8091000e+004  4.0400000e+001 -1.7050000e+000  1.0000000e-003
  4.8112000e+004  4.0400000e+001 -1.7050000e+000  1.0000000e-003
  4.8132000e+004  4.0300000e+001 -1.7050000e+000  1.0000000e-003
  4.8152000e+004  4.0400000e+001 -1.7050000e+000  1.0000000e-003
  4.8172000e+004  4.0100000e+001 -1.7050000e+000  1.0000000e-003
  4.8192000e+004  4.0100000e+001 -1.7050000e+000  1.0000000e-003
  4.8212000e+004  4.0100000e+001 -1.7050000e+000  1.0000000e-003
  4.8232000e+004  4.0100000e+001 -1.7050000e+000  1.0000000e-003
  4.8252000e+004  3.9900000e+001 -1.7050000e+000  1.0000000e-003
  4.8272000e+004  3.9700000e+001 -1.7050000e+000  1.0000000e-003
  4.8292000e+004  3.9600000e+001 -1.7050000e+000  1.0000000e-003
  4.8312000e+004  3.9600000e+001 -1.7050000e+000  1.0000000e-003
  4.8332000e+004  3.9400000e+001 -1.7050000e+000  1.0000000e-003
  4.8352000e+004  3.9400000e+001 -1.7050000e+000  1.0000000e-003
  4.8372000e+004  3.9200000e+001 -1.7050000e+000  1.0000000e-003
  4.8392000e+004  3.9400000e+001 -1.7050000e+000  1.0000000e-003
  4.8412000e+004  3.8800000e+001 -1.7050000e+000  1.0000000e-003
  4.8432000e+004  3.8800000e+001 -1.7050000e+000  1.0000000e-003
  4.8452000e+004  3.8700000e+001 -1.7050000e+000  1.0000000e-003
  4.8472000e+004  3.8700000e+001 -1.7050000e+000  1.0000000e-003
  4.8492000e+004  3.8700000e+001 -1.7050000e+000  1.0000000e-003
  4.8512000e+004  3.8800000e+001 -1.7050000e+000  1.0000000e-003
  4.8532000e+004  3.8500000e+001 -1.7050000e+000  1.0000000e-003
  4.8552000e+004  3.8700000e+001 -1.7050000e+000  1.0000000e-003
  4.8572000e+004  3.8300000e+001 -1.7050000e+000  1.0000000e-003
  4.8592000e+004  3.8500000e+001 -1.7050000e+000  1.0000000e-003
  4.8612000e+004  3.8300000e+001 -1.7050000e+000  1.0000000e-003
  4.8632000e+004  3.8300000e+001 -1.7050000e+000  1.0000000e-003
  4.8652000e+004  3.8300000e+001 -1.7050000e+000  1.0000000e-003
  4.8672000e+004  3.8200000e+001 -1.7050000e+000  1.0000000e-003
  4.8692000e+004  3.8000000e+001 -1.7050000e+000  1.0000000e-003
  4.8712000e+004  3.7800000e+001 -1.7050000e+000  1.0000000e-003
  4.8732000e+004  3.7600000e+001 -1.7050000e+000  1.0000000e-003
  4.8752000e+004  3.7600000e+001 -1.7050000e+000  1.0000000e-003
  4.8772000e+004  3.8000000e+001 -1.7050000e+000  1.0000000e-003
  4.8792000e+004  3.7500000e+001 -1.7050000e+000  1.0000000e-003
  4.8812000e+004  3.7800000e+001 -1.7050000e+000  1.0000000e-003
  4.8832000e+004  3.7600000e+001 -1.7050000e+000  1.0000000e-003
  4.8852000e+004  3.7600000e+001 -1.7050000e+000  1.0000000e-003
  4.8872000e+004  3.7500000e+001 -1.7050000e+000  1.0000000e-003
  4.8892000e+004  3.7500000e+001 -1.7050000e+000  1.0000000e-003
  4.8912000e+004  3.7300000e+001 -1.7050000e+000  1.0000000e-003
  4.8932000e+004  3.7100000e+001 -1.7050000e+000  1.0000000e-003
  4.8952000e+004  3.7100000e+001 -1.7050000e+000  1.0000000e-003
  4.8972000e+004  3.6900000e+001 -1.7050000e+000  1.0000000e-003
  4.8992000e+004  3.6900000e+001 -1.7050000e+000  1.0000000e-003
  4.9012000e+004  3.6900000e+001 -1.7050000e+000  1.0000000e-003
  4.9032000e+004  3.7100000e+001 -1.7050000e+000  1.0000000e-003
  4.9052000e+004  3.6800000e+001 -1.7050000e+000  1.0000000e-003
  4.9072000e+004  3.6600000e+001 -1.7050000e+000  1.0000000e-003
  4.9093000e+004  3.6800000e+001 -1.7050000e+000  1.0000000e-003
  4.9113000e+004  3.6600000e+001 -1.7050000e+000  1.0000000e-003
  4.9133000e+004  3.6800000e+001 -1.7050000e+000  1.0000000e-003
  4.9153000e+004  3.6800000e+001 -1.7050000e+000  1.0000000e-003
  4.9173000e+004  3.6400000e+001 -1.7050000e+000  1.0000000e-003
  4.9193000e+004  3.6400000e+001 -1.7050000e+000  1.0000000e-003
  4.9213000e+004  3.6600000e+001 -1.7050000e+000  1.0000000e-003
  4.9233000e+004  3.6400000e+001 -1.7050000e+000  1.0000000e-003
  4.9253000e+004  3.6200000e+001 -1.7050000e+000  1.0000000e-003
  4.9273000e+004  3.6000000e+001 -1.7050000e+000  1.0000000e-003
  4.9293000e+004  3.6200000e+001 -1.7050000e+000  1.0000000e-003
  4.9313000e+004  3.6200000e+001 -1.7050000e+000  1.0000000e-003
  4.9333000e+004  3.6000000e+001 -1.7050000e+000  1.0000000e-003
  4.9353000e+004  3.5900000e+001 -1.7050000e+000  1.0000000e-003
  4.9373000e+004  3.6200000e+001 -1.7050000e+000  1.0000000e-003
  4.9393000e+004  3.5900000e+001 -1.7050000e+000  1.0000000e-003
  4.9413000e+004  3.5900000e+001 -1.7050000e+000  1.0000000e-003
  4.9433000e+004  3.5900000e+001 -1.7050000e+000  1.0000000e-003
  4.9453000e+004  3.5700000e+001 -1.7050000e+000  1.0000000e-003
  4.9473000e+004  3.5500000e+001 -1.7050000e+000  1.0000000e-003
  4.9493000e+004  3.5200000e+001 -1.7050000e+000  1.0000000e-003
  4.9513000e+004  3.5700000e+001 -1.7050000e+000  1.0000000e-003
  4.9533000e+004  3.5200000e+001 -1.7050000e+000  1.0000000e-003
  4.9553000e+004  3.5300000e+001 -1.7050000e+000  1.0000000e-003
  4.9573000e+004  3.5500000e+001 -1.7050000e+000  1.0000000e-003
  4.9593000e+004  3.5200000e+001 -1.7050000e+000  1.0000000e-003
  4.9613000e+004  3.5500000e+001 -1.7050000e+000  1.0000000e-003
  4.9633000e+004  3.5200000e+001 -1.7050000e+000  1.0000000e-003
  4.9653000e+004  3.5000000e+001 -1.7050000e+000  1.0000000e-003
  4.9673000e+004  3.4700000e+001 -1.7050000e+000  1.0000000e-003
  4.9693000e+004  3.4800000e+001 -1.7050000e+000  1.0000000e-003
  4.9713000e+004  3.4500000e+001 -1.7050000e+000  1.0000000e-003
  4.9733000e+004  3.4500000e+001 -1.7050000e+000  1.0000000e-003
  4.9753000e+004  3.4500000e+001 -1.7050000e+000  1.0000000e-003
  4.9773000e+004  3.4500000e+001 -1.7050000e+000  1.0000000e-003
  4.9793000e+004  3.4500000e+001 -1.7050000e+000  1.0000000e-003
  4.9813000e+004  3.4500000e+001 -1.7050000e+000  1.0000000e-003
  4.9833000e+004  3.4300000e+001 -1.7050000e+000  1.0000000e-003
  4.9854000e+004  3.4500000e+001 -1.7060000e+000  1.0000000e-003
