  8.3940000e+003  1.3918000e+003 -1.5090000e+000  1.0000000e-003
  8.4140000e+003  1.3906000e+003 -1.5130000e+000  1.0000000e-003
  8.4340000e+003  1.3886000e+003 -1.5170000e+000  1.0000000e-003
  8.4540000e+003  1.3867000e+003 -1.5200000e+000  1.0000000e-003
  8.4740000e+003  1.3846000e+003 -1.5230000e+000  1.0000000e-003
  8.4940000e+003  1.3822000e+003 -1.5250000e+000  1.0000000e-003
  8.5140000e+003  1.3792000e+003 -1.5270000e+000  1.0000000e-003
  8.5340000e+003  1.3762000e+003 -1.5290000e+000  1.0000000e-003
  8.5540000e+003  1.3731000e+003 -1.5310000e+000  1.0000000e-003
  8.5740000e+003  1.3701000e+003 -1.5330000e+000  1.0000000e-003
  8.5940000e+003  1.3671000e+003 -1.5340000e+000  1.0000000e-003
  8.6140000e+003  1.3638000e+003 -1.5360000e+000  1.0000000e-003
  8.6340000e+003  1.3606000e+003 -1.5370000e+000  1.0000000e-003
  8.6540000e+003  1.3573000e+003 -1.5380000e+000  1.0000000e-003
  8.6740000e+003  1.3540000e+003 -1.5390000e+000  1.0000000e-003
  8.6940000e+003  1.3508000e+003 -1.5400000e+000  1.0000000e-003
  8.7140000e+003  1.3473000e+003 -1.5410000e+000  1.0000000e-003
  8.7340000e+003  1.3438000e+003 -1.5420000e+000  1.0000000e-003
  8.7540000e+003  1.3408000e+003 -1.5430000e+000  1.0000000e-003
  8.7740000e+003  1.3377000e+003 -1.5430000e+000  1.0000000e-003
  8.7940000e+003  1.3346000e+003 -1.5440000e+000  1.0000000e-003
  8.8140000e+003  1.3309000e+003 -1.5450000e+000  1.0000000e-003
  8.8340000e+003  1.3277000e+003 -1.5450000e+000  1.0000000e-003
  8.8540000e+003  1.3246000e+003 -1.5460000e+000  1.0000000e-003
  8.8740000e+003  1.3209000e+003 -1.5470000e+000  1.0000000e-003
  8.8940000e+003  1.3183000e+003 -1.5470000e+000  1.0000000e-003
  8.9140000e+003  1.3148000e+003 -1.5470000e+000  1.0000000e-003
  8.9340000e+003  1.3116000e+003 -1.5480000e+000  1.0000000e-003
  8.9540000e+003  1.3083000e+003 -1.5480000e+000  1.0000000e-003
  8.9740000e+003  1.3052000e+003 -1.5480000e+000  1.0000000e-003
  8.9950000e+003  1.3017000e+003 -1.5490000e+000  1.0000000e-003
  9.0150000e+003  1.2985000e+003 -1.5490000e+000  1.0000000e-003
  9.0350000e+003  1.2957000e+003 -1.5490000e+000  1.0000000e-003
  9.0550000e+003  1.2922000e+003 -1.5500000e+000  1.0000000e-003
  9.0750000e+003  1.2889000e+003 -1.5500000e+000  1.0000000e-003
  9.0950000e+003  1.2856000e+003 -1.5500000e+000  1.0000000e-003
  9.1150000e+003  1.2822000e+003 -1.5500000e+000  1.0000000e-003
  9.1350000e+003  1.2789000e+003 -1.5510000e+000  1.0000000e-003
  9.1550000e+003  1.2759000e+003 -1.5510000e+000  1.0000000e-003
  9.1750000e+003  1.2728000e+003 -1.5520000e+000  1.0000000e-003
  9.1950000e+003  1.2696000e+003 -1.5520000e+000  1.0000000e-003
  9.2150000e+003  1.2663000e+003 -1.5520000e+000  1.0000000e-003
  9.2350000e+003  1.2630000e+003 -1.5520000e+000  1.0000000e-003
  9.2550000e+003  1.2595000e+003 -1.5530000e+000  1.0000000e-003
  9.2750000e+003  1.2565000e+003 -1.5530000e+000  1.0000000e-003
  9.2950000e+003  1.2532000e+003 -1.5530000e+000  1.0000000e-003
  9.3150000e+003  1.2502000e+003 -1.5530000e+000  1.0000000e-003
  9.3350000e+003  1.2469000e+003 -1.5540000e+000  1.0000000e-003
  9.3550000e+003  1.2437000e+003 -1.5540000e+000  1.0000000e-003
  9.3750000e+003  1.2402000e+003 -1.5540000e+000  1.0000000e-003
  9.3950000e+003  1.2371000e+003 -1.5550000e+000  1.0000000e-003
  9.4150000e+003  1.2338000e+003 -1.5550000e+000  1.0000000e-003
  9.4350000e+003  1.2309000e+003 -1.5550000e+000  1.0000000e-003
  9.4550000e+003  1.2276000e+003 -1.5550000e+000  1.0000000e-003
  9.4750000e+003  1.2243000e+003 -1.5560000e+000  1.0000000e-003
  9.4950000e+003  1.2210000e+003 -1.5560000e+000  1.0000000e-003
  9.5150000e+003  1.2178000e+003 -1.5560000e+000  1.0000000e-003
  9.5350000e+003  1.2147000e+003 -1.5560000e+000  1.0000000e-003
  9.5550000e+003  1.2113000e+003 -1.5560000e+000  1.0000000e-003
  9.5750000e+003  1.2082000e+003 -1.5570000e+000  1.0000000e-003
  9.5950000e+003  1.2051000e+003 -1.5570000e+000  1.0000000e-003
  9.6150000e+003  1.2017000e+003 -1.5570000e+000  1.0000000e-003
  9.6350000e+003  1.1986000e+003 -1.5570000e+000  1.0000000e-003
  9.6550000e+003  1.1954000e+003 -1.5580000e+000  1.0000000e-003
  9.6750000e+003  1.1921000e+003 -1.5580000e+000  1.0000000e-003
  9.6950000e+003  1.1888000e+003 -1.5580000e+000  1.0000000e-003
  9.7150000e+003  1.1860000e+003 -1.5580000e+000  1.0000000e-003
  9.7350000e+003  1.1827000e+003 -1.5580000e+000  1.0000000e-003
  9.7550000e+003  1.1793000e+003 -1.5590000e+000  1.0000000e-003
  9.7750000e+003  1.1762000e+003 -1.5590000e+000  1.0000000e-003
  9.7950000e+003  1.1730000e+003 -1.5590000e+000  1.0000000e-003
  9.8150000e+003  1.1697000e+003 -1.5590000e+000  1.0000000e-003
  9.8350000e+003  1.1666000e+003 -1.5590000e+000  1.0000000e-003
  9.8550000e+003  1.1634000e+003 -1.5600000e+000  1.0000000e-003
  9.8750000e+003  1.1603000e+003 -1.5600000e+000  1.0000000e-003
  9.8950000e+003  1.1571000e+003 -1.5600000e+000  1.0000000e-003
  9.9150000e+003  1.1540000e+003 -1.5600000e+000  1.0000000e-003
  9.9350000e+003  1.1504000e+003 -1.5610000e+000  1.0000000e-003
  9.9550000e+003  1.1475000e+003 -1.5610000e+000  1.0000000e-003
  9.9750000e+003  1.1443000e+003 -1.5610000e+000  1.0000000e-003
  9.9950000e+003  1.1412000e+003 -1.5610000e+000  1.0000000e-003
  1.0015000e+004  1.1380000e+003 -1.5620000e+000  1.0000000e-003
  1.0035000e+004  1.1349000e+003 -1.5620000e+000  1.0000000e-003
  1.0055000e+004  1.1316000e+003 -1.5620000e+000  1.0000000e-003
  1.0075000e+004  1.1282000e+003 -1.5620000e+000  1.0000000e-003
  1.0096000e+004  1.1251000e+003 -1.5630000e+000  1.0000000e-003
  1.0120000e+004  1.1212000e+003 -1.5630000e+000  1.0000000e-003
  1.0141000e+004  1.1181000e+003 -1.5630000e+000  1.0000000e-003
  1.0161000e+004  1.1149000e+003 -1.5630000e+000  1.0000000e-003
  1.0181000e+004  1.1116000e+003 -1.5640000e+000  1.0000000e-003
  1.0201000e+004  1.1085000e+003 -1.5640000e+000  1.0000000e-003
  1.0221000e+004  1.1051000e+003 -1.5640000e+000  1.0000000e-003
  1.0241000e+004  1.1020000e+003 -1.5640000e+000  1.0000000e-003
  1.0261000e+004  1.0988000e+003 -1.5640000e+000  1.0000000e-003
  1.0281000e+004  1.0957000e+003 -1.5650000e+000  1.0000000e-003
  1.0301000e+004  1.0925000e+003 -1.5650000e+000  1.0000000e-003
  1.0321000e+004  1.0894000e+003 -1.5650000e+000  1.0000000e-003
  1.0341000e+004  1.0860000e+003 -1.5650000e+000  1.0000000e-003
  1.0361000e+004  1.0827000e+003 -1.5650000e+000  1.0000000e-003
  1.0381000e+004  1.0796000e+003 -1.5650000e+000  1.0000000e-003
  1.0401000e+004  1.0764000e+003 -1.5660000e+000  1.0000000e-003
  1.0421000e+004  1.0733000e+003 -1.5660000e+000  1.0000000e-003
  1.0441000e+004  1.0701000e+003 -1.5660000e+000  1.0000000e-003
  1.0461000e+004  1.0670000e+003 -1.5660000e+000  1.0000000e-003
  1.0481000e+004  1.0638000e+003 -1.5670000e+000  1.0000000e-003
  1.0501000e+004  1.0605000e+003 -1.5670000e+000  1.0000000e-003
  1.0521000e+004  1.0573000e+003 -1.5670000e+000  1.0000000e-003
  1.0541000e+004  1.0545000e+003 -1.5670000e+000  1.0000000e-003
  1.0561000e+004  1.0512000e+003 -1.5670000e+000  1.0000000e-003
  1.0581000e+004  1.0479000e+003 -1.5680000e+000  1.0000000e-003
  1.0601000e+004  1.0448000e+003 -1.5680000e+000  1.0000000e-003
  1.0621000e+004  1.0416000e+003 -1.5680000e+000  1.0000000e-003
  1.0641000e+004  1.0383000e+003 -1.5680000e+000  1.0000000e-003
  1.0661000e+004  1.0351000e+003 -1.5680000e+000  1.0000000e-003
  1.0681000e+004  1.0322000e+003 -1.5690000e+000  1.0000000e-003
  1.0701000e+004  1.0290000e+003 -1.5690000e+000  1.0000000e-003
  1.0721000e+004  1.0257000e+003 -1.5690000e+000  1.0000000e-003
  1.0741000e+004  1.0225000e+003 -1.5690000e+000  1.0000000e-003
  1.0761000e+004  1.0194000e+003 -1.5700000e+000  1.0000000e-003
  1.0781000e+004  1.0159000e+003 -1.5700000e+000  1.0000000e-003
  1.0801000e+004  1.0131000e+003 -1.5700000e+000  1.0000000e-003
  1.0821000e+004  1.0101000e+003 -1.5700000e+000  1.0000000e-003
  1.0841000e+004  1.0068000e+003 -1.5700000e+000  1.0000000e-003
  1.0862000e+004  1.0036000e+003 -1.5710000e+000  1.0000000e-003
  1.0882000e+004  1.0003000e+003 -1.5710000e+000  1.0000000e-003
  1.0902000e+004  9.9720000e+002 -1.5710000e+000  1.0000000e-003
  1.0922000e+004  9.9400000e+002 -1.5710000e+000  1.0000000e-003
  1.0942000e+004  9.9100000e+002 -1.5720000e+000  1.0000000e-003
  1.0962000e+004  9.8800000e+002 -1.5720000e+000  1.0000000e-003
  1.0982000e+004  9.8470000e+002 -1.5720000e+000  1.0000000e-003
  1.1002000e+004  9.8160000e+002 -1.5730000e+000  1.0000000e-003
  1.1022000e+004  9.7840000e+002 -1.5730000e+000  1.0000000e-003
  1.1042000e+004  9.7490000e+002 -1.5730000e+000  1.0000000e-003
  1.1062000e+004  9.7160000e+002 -1.5730000e+000  1.0000000e-003
  1.1082000e+004  9.6860000e+002 -1.5730000e+000  1.0000000e-003
  1.1102000e+004  9.6580000e+002 -1.5740000e+000  1.0000000e-003
  1.1122000e+004  9.6250000e+002 -1.5740000e+000  1.0000000e-003
  1.1142000e+004  9.5940000e+002 -1.5740000e+000  1.0000000e-003
  1.1162000e+004  9.5620000e+002 -1.5740000e+000  1.0000000e-003
  1.1182000e+004  9.5290000e+002 -1.5750000e+000  1.0000000e-003
  1.1202000e+004  9.4970000e+002 -1.5750000e+000  1.0000000e-003
  1.1222000e+004  9.4660000e+002 -1.5750000e+000  1.0000000e-003
  1.1242000e+004  9.4340000e+002 -1.5750000e+000  1.0000000e-003
  1.1262000e+004  9.4050000e+002 -1.5750000e+000  1.0000000e-003
  1.1282000e+004  9.3710000e+002 -1.5760000e+000  1.0000000e-003
  1.1302000e+004  9.3400000e+002 -1.5760000e+000  1.0000000e-003
  1.1322000e+004  9.3080000e+002 -1.5760000e+000  1.0000000e-003
  1.1342000e+004  9.2750000e+002 -1.5760000e+000  1.0000000e-003
  1.1362000e+004  9.2450000e+002 -1.5760000e+000  1.0000000e-003
  1.1382000e+004  9.2150000e+002 -1.5760000e+000  1.0000000e-003
  1.1402000e+004  9.1820000e+002 -1.5770000e+000  1.0000000e-003
  1.1422000e+004  9.1530000e+002 -1.5770000e+000  1.0000000e-003
  1.1442000e+004  9.1190000e+002 -1.5770000e+000  1.0000000e-003
  1.1462000e+004  9.0900000e+002 -1.5770000e+000  1.0000000e-003
  1.1482000e+004  9.0560000e+002 -1.5770000e+000  1.0000000e-003
  1.1502000e+004  9.0250000e+002 -1.5780000e+000  1.0000000e-003
  1.1522000e+004  8.9950000e+002 -1.5780000e+000  1.0000000e-003
  1.1542000e+004  8.9650000e+002 -1.5780000e+000  1.0000000e-003
  1.1562000e+004  8.9340000e+002 -1.5780000e+000  1.0000000e-003
  1.1583000e+004  8.9000000e+002 -1.5780000e+000  1.0000000e-003
  1.1607000e+004  8.8600000e+002 -1.5780000e+000  1.0000000e-003
  1.1627000e+004  8.8300000e+002 -1.5790000e+000  1.0000000e-003
  1.1647000e+004  8.8010000e+002 -1.5790000e+000  1.0000000e-003
  1.1668000e+004  8.7710000e+002 -1.5790000e+000  1.0000000e-003
  1.1688000e+004  8.7410000e+002 -1.5790000e+000  1.0000000e-003
  1.1708000e+004  8.7080000e+002 -1.5790000e+000  1.0000000e-003
  1.1728000e+004  8.6780000e+002 -1.5800000e+000  1.0000000e-003
  1.1748000e+004  8.6450000e+002 -1.5800000e+000  1.0000000e-003
  1.1768000e+004  8.6120000e+002 -1.5800000e+000  1.0000000e-003
  1.1788000e+004  8.5800000e+002 -1.5800000e+000  1.0000000e-003
  1.1808000e+004  8.5510000e+002 -1.5800000e+000  1.0000000e-003
  1.1828000e+004  8.5170000e+002 -1.5800000e+000  1.0000000e-003
  1.1848000e+004  8.4880000e+002 -1.5810000e+000  1.0000000e-003
  1.1868000e+004  8.4560000e+002 -1.5810000e+000  1.0000000e-003
  1.1888000e+004  8.4230000e+002 -1.5810000e+000  1.0000000e-003
  1.1908000e+004  8.3930000e+002 -1.5810000e+000  1.0000000e-003
  1.1928000e+004  8.3600000e+002 -1.5820000e+000  1.0000000e-003
  1.1948000e+004  8.3300000e+002 -1.5820000e+000  1.0000000e-003
  1.1968000e+004  8.2980000e+002 -1.5820000e+000  1.0000000e-003
  1.1988000e+004  8.2690000e+002 -1.5820000e+000  1.0000000e-003
  1.2008000e+004  8.2350000e+002 -1.5830000e+000  1.0000000e-003
  1.2028000e+004  8.2040000e+002 -1.5830000e+000  1.0000000e-003
  1.2048000e+004  8.1730000e+002 -1.5830000e+000  1.0000000e-003
  1.2068000e+004  8.1410000e+002 -1.5830000e+000  1.0000000e-003
  1.2088000e+004  8.1110000e+002 -1.5830000e+000  1.0000000e-003
  1.2108000e+004  8.0820000e+002 -1.5840000e+000  1.0000000e-003
  1.2128000e+004  8.0500000e+002 -1.5840000e+000  1.0000000e-003
  1.2148000e+004  8.0190000e+002 -1.5840000e+000  1.0000000e-003
  1.2168000e+004  7.9870000e+002 -1.5840000e+000  1.0000000e-003
  1.2188000e+004  7.9540000e+002 -1.5840000e+000  1.0000000e-003
  1.2208000e+004  7.9240000e+002 -1.5850000e+000  1.0000000e-003
  1.2228000e+004  7.8920000e+002 -1.5850000e+000  1.0000000e-003
  1.2248000e+004  7.8640000e+002 -1.5850000e+000  1.0000000e-003
  1.2268000e+004  7.8350000e+002 -1.5850000e+000  1.0000000e-003
  1.2288000e+004  7.8050000e+002 -1.5850000e+000  1.0000000e-003
  1.2308000e+004  7.7720000e+002 -1.5860000e+000  1.0000000e-003
  1.2328000e+004  7.7400000e+002 -1.5860000e+000  1.0000000e-003
  1.2348000e+004  7.7100000e+002 -1.5860000e+000  1.0000000e-003
  1.2368000e+004  7.6810000e+002 -1.5860000e+000  1.0000000e-003
  1.2388000e+004  7.6460000e+002 -1.5860000e+000  1.0000000e-003
  1.2409000e+004  7.6200000e+002 -1.5860000e+000  1.0000000e-003
  1.2429000e+004  7.5920000e+002 -1.5870000e+000  1.0000000e-003
  1.2449000e+004  7.5580000e+002 -1.5870000e+000  1.0000000e-003
  1.2469000e+004  7.5250000e+002 -1.5870000e+000  1.0000000e-003
  1.2489000e+004  7.4950000e+002 -1.5870000e+000  1.0000000e-003
  1.2509000e+004  7.4640000e+002 -1.5870000e+000  1.0000000e-003
  1.2529000e+004  7.4340000e+002 -1.5870000e+000  1.0000000e-003
  1.2549000e+004  7.4020000e+002 -1.5870000e+000  1.0000000e-003
  1.2569000e+004  7.3740000e+002 -1.5870000e+000  1.0000000e-003
  1.2589000e+004  7.3410000e+002 -1.5880000e+000  1.0000000e-003
  1.2609000e+004  7.3110000e+002 -1.5880000e+000  1.0000000e-003
  1.2629000e+004  7.2800000e+002 -1.5880000e+000  1.0000000e-003
  1.2649000e+004  7.2480000e+002 -1.5880000e+000  1.0000000e-003
  1.2669000e+004  7.2170000e+002 -1.5880000e+000  1.0000000e-003
  1.2689000e+004  7.1870000e+002 -1.5880000e+000  1.0000000e-003
  1.2709000e+004  7.1580000e+002 -1.5880000e+000  1.0000000e-003
  1.2729000e+004  7.1300000e+002 -1.5880000e+000  1.0000000e-003
  1.2749000e+004  7.1000000e+002 -1.5890000e+000  1.0000000e-003
  1.2769000e+004  7.0700000e+002 -1.5890000e+000  1.0000000e-003
  1.2789000e+004  7.0400000e+002 -1.5890000e+000  1.0000000e-003
  1.2809000e+004  7.0110000e+002 -1.5890000e+000  1.0000000e-003
  1.2829000e+004  6.9810000e+002 -1.5890000e+000  1.0000000e-003
  1.2849000e+004  6.9510000e+002 -1.5890000e+000  1.0000000e-003
  1.2869000e+004  6.9250000e+002 -1.5890000e+000  1.0000000e-003
  1.2889000e+004  6.8970000e+002 -1.5890000e+000  1.0000000e-003
  1.2909000e+004  6.8690000e+002 -1.5900000e+000  1.0000000e-003
  1.2929000e+004  6.8410000e+002 -1.5900000e+000  1.0000000e-003
  1.2949000e+004  6.8130000e+002 -1.5900000e+000  1.0000000e-003
  1.2969000e+004  6.7850000e+002 -1.5900000e+000  1.0000000e-003
  1.2989000e+004  6.7550000e+002 -1.5900000e+000  1.0000000e-003
  1.3009000e+004  6.7270000e+002 -1.5900000e+000  1.0000000e-003
  1.3029000e+004  6.7010000e+002 -1.5910000e+000  1.0000000e-003
  1.3049000e+004  6.6760000e+002 -1.5910000e+000  1.0000000e-003
  1.3069000e+004  6.6480000e+002 -1.5910000e+000  1.0000000e-003
  1.3089000e+004  6.6240000e+002 -1.5910000e+000  1.0000000e-003
  1.3109000e+004  6.5980000e+002 -1.5910000e+000  1.0000000e-003
  1.3129000e+004  6.5700000e+002 -1.5920000e+000  1.0000000e-003
  1.3150000e+004  6.5450000e+002 -1.5920000e+000  1.0000000e-003
  1.3170000e+004  6.5170000e+002 -1.5920000e+000  1.0000000e-003
  1.3190000e+004  6.4890000e+002 -1.5920000e+000  1.0000000e-003
  1.3210000e+004  6.4650000e+002 -1.5930000e+000  1.0000000e-003
  1.3230000e+004  6.4400000e+002 -1.5930000e+000  1.0000000e-003
  1.3250000e+004  6.4140000e+002 -1.5930000e+000  1.0000000e-003
  1.3270000e+004  6.3880000e+002 -1.5930000e+000  1.0000000e-003
  1.3290000e+004  6.3610000e+002 -1.5930000e+000  1.0000000e-003
  1.3310000e+004  6.3370000e+002 -1.5930000e+000  1.0000000e-003
  1.3330000e+004  6.3110000e+002 -1.5940000e+000  1.0000000e-003
  1.3350000e+004  6.2860000e+002 -1.5940000e+000  1.0000000e-003
  1.3370000e+004  6.2600000e+002 -1.5940000e+000  1.0000000e-003
  1.3390000e+004  6.2350000e+002 -1.5940000e+000  1.0000000e-003
  1.3410000e+004  6.2130000e+002 -1.5940000e+000  1.0000000e-003
  1.3430000e+004  6.1880000e+002 -1.5950000e+000  1.0000000e-003
  1.3450000e+004  6.1630000e+002 -1.5950000e+000  1.0000000e-003
  1.3470000e+004  6.1410000e+002 -1.5950000e+000  1.0000000e-003
  1.3490000e+004  6.1160000e+002 -1.5950000e+000  1.0000000e-003
  1.3510000e+004  6.0920000e+002 -1.5950000e+000  1.0000000e-003
  1.3530000e+004  6.0670000e+002 -1.5950000e+000  1.0000000e-003
  1.3550000e+004  6.0430000e+002 -1.5960000e+000  1.0000000e-003
  1.3570000e+004  6.0200000e+002 -1.5960000e+000  1.0000000e-003
  1.3590000e+004  5.9950000e+002 -1.5960000e+000  1.0000000e-003
  1.3610000e+004  5.9750000e+002 -1.5960000e+000  1.0000000e-003
  1.3630000e+004  5.9540000e+002 -1.5960000e+000  1.0000000e-003
  1.3650000e+004  5.9310000e+002 -1.5960000e+000  1.0000000e-003
  1.3670000e+004  5.9060000e+002 -1.5970000e+000  1.0000000e-003
  1.3690000e+004  5.8830000e+002 -1.5970000e+000  1.0000000e-003
  1.3710000e+004  5.8610000e+002 -1.5970000e+000  1.0000000e-003
  1.3730000e+004  5.8400000e+002 -1.5970000e+000  1.0000000e-003
  1.3750000e+004  5.8170000e+002 -1.5970000e+000  1.0000000e-003
  1.3770000e+004  5.7940000e+002 -1.5980000e+000  1.0000000e-003
  1.3790000e+004  5.7730000e+002 -1.5980000e+000  1.0000000e-003
  1.3810000e+004  5.7510000e+002 -1.5980000e+000  1.0000000e-003
  1.3830000e+004  5.7310000e+002 -1.5980000e+000  1.0000000e-003
  1.3850000e+004  5.7100000e+002 -1.5980000e+000  1.0000000e-003
  1.3870000e+004  5.6880000e+002 -1.5980000e+000  1.0000000e-003
  1.3890000e+004  5.6670000e+002 -1.5980000e+000  1.0000000e-003
  1.3910000e+004  5.6440000e+002 -1.5990000e+000  1.0000000e-003
  1.3930000e+004  5.6230000e+002 -1.5990000e+000  1.0000000e-003
  1.3950000e+004  5.6020000e+002 -1.5990000e+000  1.0000000e-003
  1.3970000e+004  5.5790000e+002 -1.5990000e+000  1.0000000e-003
  1.3990000e+004  5.5580000e+002 -1.5990000e+000  1.0000000e-003
  1.4010000e+004  5.5370000e+002 -1.5990000e+000  1.0000000e-003
  1.4030000e+004  5.5180000e+002 -1.5990000e+000  1.0000000e-003
  1.4050000e+004  5.4970000e+002 -1.6000000e+000  1.0000000e-003
  1.4070000e+004  5.4760000e+002 -1.6000000e+000  1.0000000e-003
  1.4090000e+004  5.4550000e+002 -1.6000000e+000  1.0000000e-003
  1.4110000e+004  5.4340000e+002 -1.6000000e+000  1.0000000e-003
  1.4130000e+004  5.4150000e+002 -1.6000000e+000  1.0000000e-003
  1.4150000e+004  5.3920000e+002 -1.6010000e+000  1.0000000e-003
  1.4170000e+004  5.3730000e+002 -1.6010000e+000  1.0000000e-003
  1.4190000e+004  5.3510000e+002 -1.6010000e+000  1.0000000e-003
  1.4210000e+004  5.3300000e+002 -1.6010000e+000  1.0000000e-003
  1.4231000e+004  5.3100000e+002 -1.6010000e+000  1.0000000e-003
  1.4255000e+004  5.2850000e+002 -1.6010000e+000  1.0000000e-003
  1.4275000e+004  5.2640000e+002 -1.6010000e+000  1.0000000e-003
  1.4295000e+004  5.2470000e+002 -1.6020000e+000  1.0000000e-003
  1.4315000e+004  5.2270000e+002 -1.6020000e+000  1.0000000e-003
  1.4335000e+004  5.2080000e+002 -1.6020000e+000  1.0000000e-003
  1.4355000e+004  5.1890000e+002 -1.6020000e+000  1.0000000e-003
  1.4376000e+004  5.1700000e+002 -1.6020000e+000  1.0000000e-003
  1.4396000e+004  5.1500000e+002 -1.6020000e+000  1.0000000e-003
  1.4416000e+004  5.1280000e+002 -1.6030000e+000  1.0000000e-003
  1.4436000e+004  5.1080000e+002 -1.6030000e+000  1.0000000e-003
  1.4456000e+004  5.0890000e+002 -1.6030000e+000  1.0000000e-003
  1.4476000e+004  5.0700000e+002 -1.6030000e+000  1.0000000e-003
  1.4496000e+004  5.0500000e+002 -1.6030000e+000  1.0000000e-003
  1.4516000e+004  5.0310000e+002 -1.6030000e+000  1.0000000e-003
  1.4536000e+004  5.0150000e+002 -1.6040000e+000  1.0000000e-003
  1.4556000e+004  4.9960000e+002 -1.6040000e+000  1.0000000e-003
  1.4576000e+004  4.9770000e+002 -1.6040000e+000  1.0000000e-003
  1.4596000e+004  4.9600000e+002 -1.6040000e+000  1.0000000e-003
  1.4616000e+004  4.9420000e+002 -1.6040000e+000  1.0000000e-003
  1.4636000e+004  4.9210000e+002 -1.6040000e+000  1.0000000e-003
  1.4656000e+004  4.9040000e+002 -1.6040000e+000  1.0000000e-003
  1.4676000e+004  4.8860000e+002 -1.6040000e+000  1.0000000e-003
  1.4696000e+004  4.8670000e+002 -1.6040000e+000  1.0000000e-003
  1.4716000e+004  4.8480000e+002 -1.6050000e+000  1.0000000e-003
  1.4736000e+004  4.8300000e+002 -1.6050000e+000  1.0000000e-003
  1.4756000e+004  4.8110000e+002 -1.6050000e+000  1.0000000e-003
  1.4776000e+004  4.7930000e+002 -1.6050000e+000  1.0000000e-003
  1.4796000e+004  4.7760000e+002 -1.6050000e+000  1.0000000e-003
  1.4816000e+004  4.7580000e+002 -1.6050000e+000  1.0000000e-003
  1.4836000e+004  4.7430000e+002 -1.6050000e+000  1.0000000e-003
  1.4856000e+004  4.7250000e+002 -1.6050000e+000  1.0000000e-003
  1.4876000e+004  4.7080000e+002 -1.6060000e+000  1.0000000e-003
  1.4896000e+004  4.6900000e+002 -1.6060000e+000  1.0000000e-003
  1.4916000e+004  4.6730000e+002 -1.6060000e+000  1.0000000e-003
  1.4936000e+004  4.6550000e+002 -1.6060000e+000  1.0000000e-003
  1.4956000e+004  4.6370000e+002 -1.6060000e+000  1.0000000e-003
  1.4976000e+004  4.6200000e+002 -1.6060000e+000  1.0000000e-003
  1.4996000e+004  4.6040000e+002 -1.6060000e+000  1.0000000e-003
  1.5016000e+004  4.5850000e+002 -1.6060000e+000  1.0000000e-003
  1.5036000e+004  4.5680000e+002 -1.6070000e+000  1.0000000e-003
  1.5056000e+004  4.5520000e+002 -1.6070000e+000  1.0000000e-003
  1.5076000e+004  4.5340000e+002 -1.6070000e+000  1.0000000e-003
  1.5096000e+004  4.5200000e+002 -1.6070000e+000  1.0000000e-003
  1.5116000e+004  4.5030000e+002 -1.6070000e+000  1.0000000e-003
  1.5136000e+004  4.4870000e+002 -1.6070000e+000  1.0000000e-003
  1.5156000e+004  4.4710000e+002 -1.6070000e+000  1.0000000e-003
  1.5176000e+004  4.4550000e+002 -1.6070000e+000  1.0000000e-003
  1.5196000e+004  4.4360000e+002 -1.6070000e+000  1.0000000e-003
  1.5216000e+004  4.4190000e+002 -1.6070000e+000  1.0000000e-003
  1.5237000e+004  4.4050000e+002 -1.6080000e+000  1.0000000e-003
  1.5257000e+004  4.3840000e+002 -1.6080000e+000  1.0000000e-003
  1.5277000e+004  4.3700000e+002 -1.6080000e+000  1.0000000e-003
  1.5297000e+004  4.3540000e+002 -1.6080000e+000  1.0000000e-003
  1.5317000e+004  4.3370000e+002 -1.6080000e+000  1.0000000e-003
  1.5337000e+004  4.3170000e+002 -1.6080000e+000  1.0000000e-003
  1.5357000e+004  4.3010000e+002 -1.6080000e+000  1.0000000e-003
  1.5377000e+004  4.2880000e+002 -1.6090000e+000  1.0000000e-003
  1.5397000e+004  4.2720000e+002 -1.6090000e+000  1.0000000e-003
  1.5417000e+004  4.2580000e+002 -1.6090000e+000  1.0000000e-003
  1.5437000e+004  4.2420000e+002 -1.6090000e+000  1.0000000e-003
  1.5457000e+004  4.2260000e+002 -1.6090000e+000  1.0000000e-003
  1.5477000e+004  4.2070000e+002 -1.6090000e+000  1.0000000e-003
  1.5497000e+004  4.1910000e+002 -1.6090000e+000  1.0000000e-003
  1.5547000e+004  4.1530000e+002 -1.6090000e+000  1.0000000e-003
  1.5567000e+004  4.1350000e+002 -1.6090000e+000  1.0000000e-003
  1.5587000e+004  4.1210000e+002 -1.6100000e+000  1.0000000e-003
  1.5607000e+004  4.1020000e+002 -1.6100000e+000  1.0000000e-003
  1.5627000e+004  4.0860000e+002 -1.6100000e+000  1.0000000e-003
  1.5647000e+004  4.0720000e+002 -1.6100000e+000  1.0000000e-003
  1.5667000e+004  4.0550000e+002 -1.6100000e+000  1.0000000e-003
  1.5687000e+004  4.0410000e+002 -1.6100000e+000  1.0000000e-003
  1.5707000e+004  4.0270000e+002 -1.6100000e+000  1.0000000e-003
  1.5727000e+004  4.0110000e+002 -1.6110000e+000  1.0000000e-003
  1.5747000e+004  3.9970000e+002 -1.6110000e+000  1.0000000e-003
  1.5767000e+004  3.9830000e+002 -1.6110000e+000  1.0000000e-003
  1.5787000e+004  3.9670000e+002 -1.6110000e+000  1.0000000e-003
  1.5807000e+004  3.9530000e+002 -1.6110000e+000  1.0000000e-003
  1.5827000e+004  3.9390000e+002 -1.6110000e+000  1.0000000e-003
  1.5847000e+004  3.9240000e+002 -1.6110000e+000  1.0000000e-003
  1.5867000e+004  3.9080000e+002 -1.6110000e+000  1.0000000e-003
  1.5887000e+004  3.8940000e+002 -1.6110000e+000  1.0000000e-003
  1.5907000e+004  3.8780000e+002 -1.6120000e+000  1.0000000e-003
  1.5928000e+004  3.8620000e+002 -1.6120000e+000  1.0000000e-003
  1.5948000e+004  3.8480000e+002 -1.6120000e+000  1.0000000e-003
  1.5968000e+004  3.8340000e+002 -1.6120000e+000  1.0000000e-003
  1.5988000e+004  3.8190000e+002 -1.6120000e+000  1.0000000e-003
  1.6008000e+004  3.8060000e+002 -1.6120000e+000  1.0000000e-003
  1.6028000e+004  3.7900000e+002 -1.6120000e+000  1.0000000e-003
  1.6048000e+004  3.7760000e+002 -1.6120000e+000  1.0000000e-003
  1.6068000e+004  3.7640000e+002 -1.6130000e+000  1.0000000e-003
  1.6088000e+004  3.7500000e+002 -1.6130000e+000  1.0000000e-003
  1.6108000e+004  3.7360000e+002 -1.6130000e+000  1.0000000e-003
  1.6128000e+004  3.7210000e+002 -1.6130000e+000  1.0000000e-003
  1.6148000e+004  3.7120000e+002 -1.6130000e+000  1.0000000e-003
  1.6168000e+004  3.6940000e+002 -1.6130000e+000  1.0000000e-003
  1.6188000e+004  3.6800000e+002 -1.6130000e+000  1.0000000e-003
  1.6208000e+004  3.6660000e+002 -1.6130000e+000  1.0000000e-003
  1.6228000e+004  3.6540000e+002 -1.6140000e+000  1.0000000e-003
  1.6248000e+004  3.6380000e+002 -1.6140000e+000  1.0000000e-003
  1.6268000e+004  3.6260000e+002 -1.6140000e+000  1.0000000e-003
  1.6288000e+004  3.6100000e+002 -1.6140000e+000  1.0000000e-003
  1.6308000e+004  3.5980000e+002 -1.6140000e+000  1.0000000e-003
  1.6328000e+004  3.5840000e+002 -1.6140000e+000  1.0000000e-003
  1.6348000e+004  3.5720000e+002 -1.6140000e+000  1.0000000e-003
  1.6368000e+004  3.5580000e+002 -1.6140000e+000  1.0000000e-003
  1.6388000e+004  3.5460000e+002 -1.6140000e+000  1.0000000e-003
  1.6408000e+004  3.5310000e+002 -1.6140000e+000  1.0000000e-003
  1.6428000e+004  3.5180000e+002 -1.6150000e+000  1.0000000e-003
  1.6448000e+004  3.5050000e+002 -1.6150000e+000  1.0000000e-003
  1.6468000e+004  3.4910000e+002 -1.6150000e+000  1.0000000e-003
  1.6488000e+004  3.4830000e+002 -1.6150000e+000  1.0000000e-003
  1.6508000e+004  3.4650000e+002 -1.6150000e+000  1.0000000e-003
  1.6528000e+004  3.4530000e+002 -1.6150000e+000  1.0000000e-003
  1.6548000e+004  3.4390000e+002 -1.6150000e+000  1.0000000e-003
  1.6568000e+004  3.4270000e+002 -1.6150000e+000  1.0000000e-003
  1.6588000e+004  3.4130000e+002 -1.6150000e+000  1.0000000e-003
  1.6608000e+004  3.3980000e+002 -1.6150000e+000  1.0000000e-003
  1.6628000e+004  3.3860000e+002 -1.6160000e+000  1.0000000e-003
  1.6648000e+004  3.3720000e+002 -1.6160000e+000  1.0000000e-003
  1.6668000e+004  3.3600000e+002 -1.6160000e+000  1.0000000e-003
  1.6688000e+004  3.3460000e+002 -1.6160000e+000  1.0000000e-003
  1.6708000e+004  3.3320000e+002 -1.6160000e+000  1.0000000e-003
  1.6728000e+004  3.3200000e+002 -1.6160000e+000  1.0000000e-003
  1.6748000e+004  3.3080000e+002 -1.6160000e+000  1.0000000e-003
  1.6768000e+004  3.2950000e+002 -1.6160000e+000  1.0000000e-003
  1.6788000e+004  3.2810000e+002 -1.6160000e+000  1.0000000e-003
  1.6808000e+004  3.2690000e+002 -1.6160000e+000  1.0000000e-003
  1.6828000e+004  3.2550000e+002 -1.6160000e+000  1.0000000e-003
  1.6848000e+004  3.2450000e+002 -1.6160000e+000  1.0000000e-003
  1.6868000e+004  3.2300000e+002 -1.6170000e+000  1.0000000e-003
  1.6888000e+004  3.2200000e+002 -1.6170000e+000  1.0000000e-003
  1.6908000e+004  3.2080000e+002 -1.6170000e+000  1.0000000e-003
  1.6929000e+004  3.1960000e+002 -1.6170000e+000  1.0000000e-003
  1.6949000e+004  3.1830000e+002 -1.6170000e+000  1.0000000e-003
  1.6969000e+004  3.1690000e+002 -1.6170000e+000  1.0000000e-003
  1.6989000e+004  3.1590000e+002 -1.6170000e+000  1.0000000e-003
  1.7009000e+004  3.1460000e+002 -1.6170000e+000  1.0000000e-003
  1.7029000e+004  3.1340000e+002 -1.6170000e+000  1.0000000e-003
  1.7049000e+004  3.1220000e+002 -1.6170000e+000  1.0000000e-003
  1.7069000e+004  3.1100000e+002 -1.6170000e+000  1.0000000e-003
  1.7089000e+004  3.0980000e+002 -1.6170000e+000  1.0000000e-003
  1.7109000e+004  3.0870000e+002 -1.6170000e+000  1.0000000e-003
  1.7129000e+004  3.0730000e+002 -1.6170000e+000  1.0000000e-003
  1.7149000e+004  3.0630000e+002 -1.6180000e+000  1.0000000e-003
  1.7169000e+004  3.0490000e+002 -1.6180000e+000  1.0000000e-003
  1.7189000e+004  3.0380000e+002 -1.6180000e+000  1.0000000e-003
  1.7209000e+004  3.0280000e+002 -1.6180000e+000  1.0000000e-003
  1.7229000e+004  3.0150000e+002 -1.6180000e+000  1.0000000e-003
  1.7249000e+004  3.0030000e+002 -1.6180000e+000  1.0000000e-003
  1.7269000e+004  2.9940000e+002 -1.6180000e+000  1.0000000e-003
  1.7289000e+004  2.9840000e+002 -1.6180000e+000  1.0000000e-003
  1.7309000e+004  2.9710000e+002 -1.6180000e+000  1.0000000e-003
  1.7329000e+004  2.9590000e+002 -1.6180000e+000  1.0000000e-003
  1.7349000e+004  2.9490000e+002 -1.6180000e+000  1.0000000e-003
  1.7369000e+004  2.9370000e+002 -1.6180000e+000  1.0000000e-003
  1.7389000e+004  2.9260000e+002 -1.6190000e+000  1.0000000e-003
  1.7409000e+004  2.9140000e+002 -1.6190000e+000  1.0000000e-003
  1.7429000e+004  2.9030000e+002 -1.6190000e+000  1.0000000e-003
  1.7449000e+004  2.8930000e+002 -1.6190000e+000  1.0000000e-003
  1.7469000e+004  2.8800000e+002 -1.6190000e+000  1.0000000e-003
  1.7489000e+004  2.8700000e+002 -1.6190000e+000  1.0000000e-003
  1.7509000e+004  2.8580000e+002 -1.6190000e+000  1.0000000e-003
  1.7529000e+004  2.8450000e+002 -1.6190000e+000  1.0000000e-003
  1.7549000e+004  2.8370000e+002 -1.6190000e+000  1.0000000e-003
  1.7569000e+004  2.8240000e+002 -1.6190000e+000  1.0000000e-003
  1.7589000e+004  2.8160000e+002 -1.6190000e+000  1.0000000e-003
  1.7609000e+004  2.8040000e+002 -1.6190000e+000  1.0000000e-003
  1.7629000e+004  2.7930000e+002 -1.6190000e+000  1.0000000e-003
  1.7649000e+004  2.7840000e+002 -1.6190000e+000  1.0000000e-003
  1.7669000e+004  2.7720000e+002 -1.6190000e+000  1.0000000e-003
  1.7689000e+004  2.7610000e+002 -1.6200000e+000  1.0000000e-003
  1.7709000e+004  2.7530000e+002 -1.6200000e+000  1.0000000e-003
  1.7729000e+004  2.7420000e+002 -1.6200000e+000  1.0000000e-003
  1.7749000e+004  2.7320000e+002 -1.6200000e+000  1.0000000e-003
  1.7769000e+004  2.7210000e+002 -1.6200000e+000  1.0000000e-003
  1.7789000e+004  2.7110000e+002 -1.6200000e+000  1.0000000e-003
  1.7810000e+004  2.7020000e+002 -1.6200000e+000  1.0000000e-003
  1.7830000e+004  2.6910000e+002 -1.6200000e+000  1.0000000e-003
  1.7850000e+004  2.6790000e+002 -1.6200000e+000  1.0000000e-003
  1.7870000e+004  2.6710000e+002 -1.6200000e+000  1.0000000e-003
  1.7890000e+004  2.6580000e+002 -1.6200000e+000  1.0000000e-003
  1.7910000e+004  2.6460000e+002 -1.6200000e+000  1.0000000e-003
