  7.0210000e+003  1.3897000e+003 -1.5030000e+000  1.0000000e-003
  7.0410000e+003  1.3884000e+003 -1.5080000e+000  1.0000000e-003
  7.0610000e+003  1.3867000e+003 -1.5120000e+000  1.0000000e-003
  7.0810000e+003  1.3846000e+003 -1.5160000e+000  1.0000000e-003
  7.1010000e+003  1.3823000e+003 -1.5190000e+000  1.0000000e-003
  7.1210000e+003  1.3799000e+003 -1.5210000e+000  1.0000000e-003
  7.1410000e+003  1.3769000e+003 -1.5240000e+000  1.0000000e-003
  7.1610000e+003  1.3739000e+003 -1.5270000e+000  1.0000000e-003
  7.1810000e+003  1.3708000e+003 -1.5290000e+000  1.0000000e-003
  7.2010000e+003  1.3676000e+003 -1.5300000e+000  1.0000000e-003
  7.2210000e+003  1.3645000e+003 -1.5310000e+000  1.0000000e-003
  7.2410000e+003  1.3613000e+003 -1.5330000e+000  1.0000000e-003
  7.2610000e+003  1.3582000e+003 -1.5340000e+000  1.0000000e-003
  7.2810000e+003  1.3548000e+003 -1.5360000e+000  1.0000000e-003
  7.3010000e+003  1.3515000e+003 -1.5370000e+000  1.0000000e-003
  7.3210000e+003  1.3482000e+003 -1.5380000e+000  1.0000000e-003
  7.3410000e+003  1.3450000e+003 -1.5390000e+000  1.0000000e-003
  7.3610000e+003  1.3417000e+003 -1.5400000e+000  1.0000000e-003
  7.3810000e+003  1.3386000e+003 -1.5410000e+000  1.0000000e-003
  7.4010000e+003  1.3353000e+003 -1.5410000e+000  1.0000000e-003
  7.4210000e+003  1.3321000e+003 -1.5420000e+000  1.0000000e-003
  7.4410000e+003  1.3288000e+003 -1.5430000e+000  1.0000000e-003
  7.4610000e+003  1.3254000e+003 -1.5430000e+000  1.0000000e-003
  7.4810000e+003  1.3221000e+003 -1.5440000e+000  1.0000000e-003
  7.5010000e+003  1.3188000e+003 -1.5450000e+000  1.0000000e-003
  7.5210000e+003  1.3157000e+003 -1.5450000e+000  1.0000000e-003
  7.5410000e+003  1.3127000e+003 -1.5460000e+000  1.0000000e-003
  7.5610000e+003  1.3095000e+003 -1.5460000e+000  1.0000000e-003
  7.5810000e+003  1.3060000e+003 -1.5470000e+000  1.0000000e-003
  7.6010000e+003  1.3025000e+003 -1.5470000e+000  1.0000000e-003
  7.6210000e+003  1.2994000e+003 -1.5470000e+000  1.0000000e-003
  7.6410000e+003  1.2960000e+003 -1.5480000e+000  1.0000000e-003
  7.6620000e+003  1.2927000e+003 -1.5480000e+000  1.0000000e-003
  7.6820000e+003  1.2898000e+003 -1.5490000e+000  1.0000000e-003
  7.7020000e+003  1.2866000e+003 -1.5490000e+000  1.0000000e-003
  7.7220000e+003  1.2831000e+003 -1.5490000e+000  1.0000000e-003
  7.7420000e+003  1.2800000e+003 -1.5490000e+000  1.0000000e-003
  7.7620000e+003  1.2766000e+003 -1.5500000e+000  1.0000000e-003
  7.7820000e+003  1.2735000e+003 -1.5500000e+000  1.0000000e-003
  7.8020000e+003  1.2705000e+003 -1.5500000e+000  1.0000000e-003
  7.8220000e+003  1.2672000e+003 -1.5500000e+000  1.0000000e-003
  7.8420000e+003  1.2640000e+003 -1.5510000e+000  1.0000000e-003
  7.8620000e+003  1.2607000e+003 -1.5510000e+000  1.0000000e-003
  7.8820000e+003  1.2572000e+003 -1.5510000e+000  1.0000000e-003
  7.9020000e+003  1.2539000e+003 -1.5510000e+000  1.0000000e-003
  7.9220000e+003  1.2509000e+003 -1.5510000e+000  1.0000000e-003
  7.9420000e+003  1.2478000e+003 -1.5520000e+000  1.0000000e-003
  7.9620000e+003  1.2444000e+003 -1.5520000e+000  1.0000000e-003
  7.9820000e+003  1.2413000e+003 -1.5520000e+000  1.0000000e-003
  8.0020000e+003  1.2379000e+003 -1.5530000e+000  1.0000000e-003
  8.0220000e+003  1.2344000e+003 -1.5530000e+000  1.0000000e-003
  8.0420000e+003  1.2313000e+003 -1.5530000e+000  1.0000000e-003
  8.0620000e+003  1.2282000e+003 -1.5530000e+000  1.0000000e-003
  8.0820000e+003  1.2253000e+003 -1.5540000e+000  1.0000000e-003
  8.1020000e+003  1.2218000e+003 -1.5540000e+000  1.0000000e-003
  8.1220000e+003  1.2185000e+003 -1.5540000e+000  1.0000000e-003
  8.1420000e+003  1.2154000e+003 -1.5540000e+000  1.0000000e-003
  8.1620000e+003  1.2122000e+003 -1.5550000e+000  1.0000000e-003
  8.1820000e+003  1.2089000e+003 -1.5550000e+000  1.0000000e-003
  8.2020000e+003  1.2059000e+003 -1.5550000e+000  1.0000000e-003
  8.2220000e+003  1.2028000e+003 -1.5550000e+000  1.0000000e-003
  8.2420000e+003  1.1995000e+003 -1.5560000e+000  1.0000000e-003
  8.2620000e+003  1.1961000e+003 -1.5560000e+000  1.0000000e-003
  8.2820000e+003  1.1928000e+003 -1.5560000e+000  1.0000000e-003
  8.3020000e+003  1.1895000e+003 -1.5560000e+000  1.0000000e-003
  8.3220000e+003  1.1863000e+003 -1.5570000e+000  1.0000000e-003
  8.3420000e+003  1.1834000e+003 -1.5570000e+000  1.0000000e-003
  8.3620000e+003  1.1800000e+003 -1.5570000e+000  1.0000000e-003
  8.3820000e+003  1.1769000e+003 -1.5570000e+000  1.0000000e-003
  8.4020000e+003  1.1736000e+003 -1.5570000e+000  1.0000000e-003
  8.4220000e+003  1.1702000e+003 -1.5580000e+000  1.0000000e-003
  8.4420000e+003  1.1671000e+003 -1.5580000e+000  1.0000000e-003
  8.4620000e+003  1.1639000e+003 -1.5580000e+000  1.0000000e-003
  8.4820000e+003  1.1609000e+003 -1.5580000e+000  1.0000000e-003
  8.5020000e+003  1.1578000e+003 -1.5590000e+000  1.0000000e-003
  8.5220000e+003  1.1543000e+003 -1.5590000e+000  1.0000000e-003
  8.5420000e+003  1.1511000e+003 -1.5590000e+000  1.0000000e-003
  8.5620000e+003  1.1478000e+003 -1.5590000e+000  1.0000000e-003
  8.5820000e+003  1.1447000e+003 -1.5590000e+000  1.0000000e-003
  8.6020000e+003  1.1415000e+003 -1.5600000e+000  1.0000000e-003
  8.6220000e+003  1.1384000e+003 -1.5600000e+000  1.0000000e-003
  8.6420000e+003  1.1352000e+003 -1.5600000e+000  1.0000000e-003
  8.6620000e+003  1.1319000e+003 -1.5600000e+000  1.0000000e-003
  8.6820000e+003  1.1286000e+003 -1.5600000e+000  1.0000000e-003
  8.7020000e+003  1.1254000e+003 -1.5600000e+000  1.0000000e-003
  8.7220000e+003  1.1223000e+003 -1.5600000e+000  1.0000000e-003
  8.7420000e+003  1.1193000e+003 -1.5610000e+000  1.0000000e-003
  8.7620000e+003  1.1161000e+003 -1.5610000e+000  1.0000000e-003
  8.7820000e+003  1.1128000e+003 -1.5610000e+000  1.0000000e-003
  8.8020000e+003  1.1097000e+003 -1.5610000e+000  1.0000000e-003
  8.8220000e+003  1.1063000e+003 -1.5610000e+000  1.0000000e-003
  8.8420000e+003  1.1032000e+003 -1.5620000e+000  1.0000000e-003
  8.8620000e+003  1.0999000e+003 -1.5620000e+000  1.0000000e-003
  8.8820000e+003  1.0969000e+003 -1.5620000e+000  1.0000000e-003
  8.9020000e+003  1.0936000e+003 -1.5620000e+000  1.0000000e-003
  8.9220000e+003  1.0906000e+003 -1.5630000e+000  1.0000000e-003
  8.9420000e+003  1.0873000e+003 -1.5630000e+000  1.0000000e-003
  8.9620000e+003  1.0839000e+003 -1.5630000e+000  1.0000000e-003
  8.9820000e+003  1.0808000e+003 -1.5630000e+000  1.0000000e-003
  9.0020000e+003  1.0777000e+003 -1.5630000e+000  1.0000000e-003
  9.0220000e+003  1.0743000e+003 -1.5640000e+000  1.0000000e-003
  9.0420000e+003  1.0714000e+003 -1.5640000e+000  1.0000000e-003
  9.0620000e+003  1.0680000e+003 -1.5640000e+000  1.0000000e-003
  9.0820000e+003  1.0649000e+003 -1.5650000e+000  1.0000000e-003
  9.1020000e+003  1.0614000e+003 -1.5650000e+000  1.0000000e-003
  9.1220000e+003  1.0581000e+003 -1.5650000e+000  1.0000000e-003
  9.1420000e+003  1.0549000e+003 -1.5650000e+000  1.0000000e-003
  9.1620000e+003  1.0519000e+003 -1.5650000e+000  1.0000000e-003
  9.1820000e+003  1.0488000e+003 -1.5660000e+000  1.0000000e-003
  9.2020000e+003  1.0456000e+003 -1.5660000e+000  1.0000000e-003
  9.2220000e+003  1.0425000e+003 -1.5660000e+000  1.0000000e-003
  9.2420000e+003  1.0392000e+003 -1.5660000e+000  1.0000000e-003
  9.2620000e+003  1.0358000e+003 -1.5670000e+000  1.0000000e-003
  9.2820000e+003  1.0325000e+003 -1.5670000e+000  1.0000000e-003
  9.3020000e+003  1.0293000e+003 -1.5670000e+000  1.0000000e-003
  9.3220000e+003  1.0264000e+003 -1.5670000e+000  1.0000000e-003
  9.3420000e+003  1.0232000e+003 -1.5680000e+000  1.0000000e-003
  9.3620000e+003  1.0201000e+003 -1.5680000e+000  1.0000000e-003
  9.3820000e+003  1.0167000e+003 -1.5680000e+000  1.0000000e-003
  9.4020000e+003  1.0136000e+003 -1.5680000e+000  1.0000000e-003
  9.4220000e+003  1.0106000e+003 -1.5690000e+000  1.0000000e-003
  9.4420000e+003  1.0071000e+003 -1.5690000e+000  1.0000000e-003
  9.4620000e+003  1.0043000e+003 -1.5690000e+000  1.0000000e-003
  9.4820000e+003  1.0013000e+003 -1.5690000e+000  1.0000000e-003
  9.5020000e+003  9.9820000e+002 -1.5690000e+000  1.0000000e-003
  9.5220000e+003  9.9500000e+002 -1.5690000e+000  1.0000000e-003
  9.5420000e+003  9.9210000e+002 -1.5700000e+000  1.0000000e-003
  9.5620000e+003  9.8880000e+002 -1.5700000e+000  1.0000000e-003
  9.5820000e+003  9.8580000e+002 -1.5700000e+000  1.0000000e-003
  9.6020000e+003  9.8260000e+002 -1.5700000e+000  1.0000000e-003
  9.6220000e+003  9.7930000e+002 -1.5700000e+000  1.0000000e-003
  9.6420000e+003  9.7610000e+002 -1.5700000e+000  1.0000000e-003
  9.6620000e+003  9.7280000e+002 -1.5710000e+000  1.0000000e-003
  9.6820000e+003  9.6970000e+002 -1.5710000e+000  1.0000000e-003
  9.7020000e+003  9.6640000e+002 -1.5710000e+000  1.0000000e-003
  9.7220000e+003  9.6320000e+002 -1.5710000e+000  1.0000000e-003
  9.7420000e+003  9.6020000e+002 -1.5710000e+000  1.0000000e-003
  9.7620000e+003  9.5710000e+002 -1.5710000e+000  1.0000000e-003
  9.7820000e+003  9.5380000e+002 -1.5720000e+000  1.0000000e-003
  9.8020000e+003  9.5060000e+002 -1.5720000e+000  1.0000000e-003
  9.8220000e+003  9.4730000e+002 -1.5720000e+000  1.0000000e-003
  9.8420000e+003  9.4410000e+002 -1.5720000e+000  1.0000000e-003
  9.8620000e+003  9.4120000e+002 -1.5720000e+000  1.0000000e-003
  9.8820000e+003  9.3820000e+002 -1.5720000e+000  1.0000000e-003
  9.9020000e+003  9.3500000e+002 -1.5730000e+000  1.0000000e-003
  9.9220000e+003  9.3170000e+002 -1.5730000e+000  1.0000000e-003
  9.9420000e+003  9.2860000e+002 -1.5730000e+000  1.0000000e-003
  9.9620000e+003  9.2520000e+002 -1.5730000e+000  1.0000000e-003
  9.9820000e+003  9.2210000e+002 -1.5740000e+000  1.0000000e-003
  1.0002000e+004  9.1890000e+002 -1.5740000e+000  1.0000000e-003
  1.0022000e+004  9.1600000e+002 -1.5740000e+000  1.0000000e-003
  1.0042000e+004  9.1280000e+002 -1.5740000e+000  1.0000000e-003
  1.0062000e+004  9.0970000e+002 -1.5740000e+000  1.0000000e-003
  1.0082000e+004  9.0650000e+002 -1.5750000e+000  1.0000000e-003
  1.0102000e+004  9.0340000e+002 -1.5750000e+000  1.0000000e-003
  1.0122000e+004  9.0000000e+002 -1.5750000e+000  1.0000000e-003
  1.0142000e+004  8.9700000e+002 -1.5750000e+000  1.0000000e-003
  1.0162000e+004  8.9420000e+002 -1.5760000e+000  1.0000000e-003
  1.0182000e+004  8.9090000e+002 -1.5760000e+000  1.0000000e-003
  1.0202000e+004  8.8780000e+002 -1.5760000e+000  1.0000000e-003
  1.0222000e+004  8.8480000e+002 -1.5760000e+000  1.0000000e-003
  1.0242000e+004  8.8170000e+002 -1.5760000e+000  1.0000000e-003
  1.0262000e+004  8.7830000e+002 -1.5760000e+000  1.0000000e-003
  1.0282000e+004  8.7540000e+002 -1.5770000e+000  1.0000000e-003
  1.0302000e+004  8.7250000e+002 -1.5770000e+000  1.0000000e-003
  1.0322000e+004  8.6920000e+002 -1.5770000e+000  1.0000000e-003
  1.0342000e+004  8.6590000e+002 -1.5770000e+000  1.0000000e-003
  1.0362000e+004  8.6280000e+002 -1.5780000e+000  1.0000000e-003
  1.0382000e+004  8.5960000e+002 -1.5780000e+000  1.0000000e-003
  1.0402000e+004  8.5660000e+002 -1.5780000e+000  1.0000000e-003
  1.0422000e+004  8.5350000e+002 -1.5780000e+000  1.0000000e-003
  1.0442000e+004  8.5020000e+002 -1.5780000e+000  1.0000000e-003
  1.0462000e+004  8.4700000e+002 -1.5790000e+000  1.0000000e-003
  1.0482000e+004  8.4390000e+002 -1.5790000e+000  1.0000000e-003
  1.0502000e+004  8.4090000e+002 -1.5790000e+000  1.0000000e-003
  1.0522000e+004  8.3750000e+002 -1.5790000e+000  1.0000000e-003
  1.0542000e+004  8.3440000e+002 -1.5800000e+000  1.0000000e-003
  1.0562000e+004  8.3130000e+002 -1.5800000e+000  1.0000000e-003
  1.0582000e+004  8.2790000e+002 -1.5800000e+000  1.0000000e-003
  1.0602000e+004  8.2480000e+002 -1.5800000e+000  1.0000000e-003
  1.0622000e+004  8.2180000e+002 -1.5800000e+000  1.0000000e-003
  1.0642000e+004  8.1860000e+002 -1.5810000e+000  1.0000000e-003
  1.0662000e+004  8.1570000e+002 -1.5810000e+000  1.0000000e-003
  1.0682000e+004  8.1250000e+002 -1.5810000e+000  1.0000000e-003
  1.0702000e+004  8.0920000e+002 -1.5810000e+000  1.0000000e-003
  1.0723000e+004  8.0610000e+002 -1.5810000e+000  1.0000000e-003
  1.0743000e+004  8.0290000e+002 -1.5810000e+000  1.0000000e-003
  1.0763000e+004  7.9980000e+002 -1.5820000e+000  1.0000000e-003
  1.0783000e+004  7.9680000e+002 -1.5820000e+000  1.0000000e-003
  1.0803000e+004  7.9380000e+002 -1.5820000e+000  1.0000000e-003
  1.0823000e+004  7.9060000e+002 -1.5820000e+000  1.0000000e-003
  1.0843000e+004  7.8770000e+002 -1.5820000e+000  1.0000000e-003
  1.0863000e+004  7.8430000e+002 -1.5830000e+000  1.0000000e-003
  1.0883000e+004  7.8140000e+002 -1.5830000e+000  1.0000000e-003
  1.0903000e+004  7.7840000e+002 -1.5830000e+000  1.0000000e-003
  1.0923000e+004  7.7540000e+002 -1.5830000e+000  1.0000000e-003
  1.0943000e+004  7.7250000e+002 -1.5830000e+000  1.0000000e-003
  1.0963000e+004  7.6930000e+002 -1.5840000e+000  1.0000000e-003
  1.0983000e+004  7.6610000e+002 -1.5840000e+000  1.0000000e-003
  1.1003000e+004  7.6300000e+002 -1.5840000e+000  1.0000000e-003
  1.1023000e+004  7.6020000e+002 -1.5840000e+000  1.0000000e-003
  1.1043000e+004  7.5670000e+002 -1.5840000e+000  1.0000000e-003
  1.1063000e+004  7.5390000e+002 -1.5850000e+000  1.0000000e-003
  1.1083000e+004  7.5090000e+002 -1.5850000e+000  1.0000000e-003
  1.1103000e+004  7.4760000e+002 -1.5850000e+000  1.0000000e-003
  1.1123000e+004  7.4460000e+002 -1.5850000e+000  1.0000000e-003
  1.1143000e+004  7.4130000e+002 -1.5850000e+000  1.0000000e-003
  1.1163000e+004  7.3820000e+002 -1.5860000e+000  1.0000000e-003
  1.1183000e+004  7.3520000e+002 -1.5860000e+000  1.0000000e-003
  1.1203000e+004  7.3220000e+002 -1.5860000e+000  1.0000000e-003
  1.1223000e+004  7.2920000e+002 -1.5860000e+000  1.0000000e-003
  1.1243000e+004  7.2630000e+002 -1.5860000e+000  1.0000000e-003
  1.1263000e+004  7.2290000e+002 -1.5860000e+000  1.0000000e-003
  1.1283000e+004  7.2000000e+002 -1.5870000e+000  1.0000000e-003
  1.1303000e+004  7.1700000e+002 -1.5860000e+000  1.0000000e-003
  1.1323000e+004  7.1380000e+002 -1.5870000e+000  1.0000000e-003
  1.1343000e+004  7.1070000e+002 -1.5870000e+000  1.0000000e-003
  1.1363000e+004  7.0790000e+002 -1.5870000e+000  1.0000000e-003
  1.1383000e+004  7.0510000e+002 -1.5870000e+000  1.0000000e-003
  1.1403000e+004  7.0210000e+002 -1.5870000e+000  1.0000000e-003
  1.1423000e+004  6.9910000e+002 -1.5870000e+000  1.0000000e-003
  1.1443000e+004  6.9620000e+002 -1.5880000e+000  1.0000000e-003
  1.1463000e+004  6.9320000e+002 -1.5880000e+000  1.0000000e-003
  1.1483000e+004  6.9040000e+002 -1.5880000e+000  1.0000000e-003
  1.1503000e+004  6.8740000e+002 -1.5880000e+000  1.0000000e-003
  1.1523000e+004  6.8480000e+002 -1.5880000e+000  1.0000000e-003
  1.1543000e+004  6.8200000e+002 -1.5880000e+000  1.0000000e-003
  1.1563000e+004  6.7920000e+002 -1.5890000e+000  1.0000000e-003
  1.1583000e+004  6.7650000e+002 -1.5890000e+000  1.0000000e-003
  1.1603000e+004  6.7340000e+002 -1.5890000e+000  1.0000000e-003
  1.1623000e+004  6.7060000e+002 -1.5890000e+000  1.0000000e-003
  1.1643000e+004  6.6800000e+002 -1.5890000e+000  1.0000000e-003
  1.1663000e+004  6.6520000e+002 -1.5890000e+000  1.0000000e-003
  1.1683000e+004  6.6240000e+002 -1.5900000e+000  1.0000000e-003
  1.1703000e+004  6.5990000e+002 -1.5900000e+000  1.0000000e-003
  1.1723000e+004  6.5750000e+002 -1.5900000e+000  1.0000000e-003
  1.1743000e+004  6.5480000e+002 -1.5900000e+000  1.0000000e-003
  1.1763000e+004  6.5220000e+002 -1.5900000e+000  1.0000000e-003
  1.1783000e+004  6.4960000e+002 -1.5900000e+000  1.0000000e-003
  1.1803000e+004  6.4680000e+002 -1.5910000e+000  1.0000000e-003
  1.1823000e+004  6.4420000e+002 -1.5910000e+000  1.0000000e-003
  1.1843000e+004  6.4150000e+002 -1.5910000e+000  1.0000000e-003
  1.1863000e+004  6.3890000e+002 -1.5910000e+000  1.0000000e-003
  1.1883000e+004  6.3630000e+002 -1.5910000e+000  1.0000000e-003
  1.1903000e+004  6.3390000e+002 -1.5910000e+000  1.0000000e-003
  1.1923000e+004  6.3140000e+002 -1.5920000e+000  1.0000000e-003
  1.1943000e+004  6.2890000e+002 -1.5920000e+000  1.0000000e-003
  1.1963000e+004  6.2630000e+002 -1.5920000e+000  1.0000000e-003
  1.1983000e+004  6.2390000e+002 -1.5920000e+000  1.0000000e-003
  1.2003000e+004  6.2140000e+002 -1.5920000e+000  1.0000000e-003
  1.2023000e+004  6.1900000e+002 -1.5930000e+000  1.0000000e-003
  1.2043000e+004  6.1650000e+002 -1.5930000e+000  1.0000000e-003
  1.2063000e+004  6.1390000e+002 -1.5930000e+000  1.0000000e-003
  1.2083000e+004  6.1160000e+002 -1.5930000e+000  1.0000000e-003
  1.2103000e+004  6.0930000e+002 -1.5930000e+000  1.0000000e-003
  1.2123000e+004  6.0690000e+002 -1.5940000e+000  1.0000000e-003
  1.2143000e+004  6.0450000e+002 -1.5940000e+000  1.0000000e-003
  1.2163000e+004  6.0200000e+002 -1.5940000e+000  1.0000000e-003
  1.2183000e+004  5.9970000e+002 -1.5940000e+000  1.0000000e-003
  1.2203000e+004  5.9760000e+002 -1.5940000e+000  1.0000000e-003
  1.2223000e+004  5.9520000e+002 -1.5950000e+000  1.0000000e-003
  1.2243000e+004  5.9270000e+002 -1.5950000e+000  1.0000000e-003
  1.2263000e+004  5.9060000e+002 -1.5950000e+000  1.0000000e-003
  1.2283000e+004  5.8870000e+002 -1.5950000e+000  1.0000000e-003
  1.2303000e+004  5.8630000e+002 -1.5950000e+000  1.0000000e-003
  1.2323000e+004  5.8400000e+002 -1.5950000e+000  1.0000000e-003
  1.2343000e+004  5.8170000e+002 -1.5960000e+000  1.0000000e-003
  1.2363000e+004  5.7940000e+002 -1.5960000e+000  1.0000000e-003
  1.2383000e+004  5.7720000e+002 -1.5960000e+000  1.0000000e-003
  1.2403000e+004  5.7520000e+002 -1.5960000e+000  1.0000000e-003
  1.2423000e+004  5.7300000e+002 -1.5960000e+000  1.0000000e-003
  1.2443000e+004  5.7050000e+002 -1.5970000e+000  1.0000000e-003
  1.2463000e+004  5.6860000e+002 -1.5970000e+000  1.0000000e-003
  1.2483000e+004  5.6670000e+002 -1.5970000e+000  1.0000000e-003
  1.2503000e+004  5.6450000e+002 -1.5970000e+000  1.0000000e-003
  1.2523000e+004  5.6230000e+002 -1.5970000e+000  1.0000000e-003
  1.2543000e+004  5.6030000e+002 -1.5980000e+000  1.0000000e-003
  1.2563000e+004  5.5810000e+002 -1.5980000e+000  1.0000000e-003
  1.2583000e+004  5.5580000e+002 -1.5980000e+000  1.0000000e-003
  1.2603000e+004  5.5350000e+002 -1.5980000e+000  1.0000000e-003
  1.2623000e+004  5.5140000e+002 -1.5980000e+000  1.0000000e-003
  1.2643000e+004  5.4930000e+002 -1.5980000e+000  1.0000000e-003
  1.2663000e+004  5.4710000e+002 -1.5980000e+000  1.0000000e-003
  1.2683000e+004  5.4510000e+002 -1.5990000e+000  1.0000000e-003
  1.2703000e+004  5.4300000e+002 -1.5990000e+000  1.0000000e-003
  1.2723000e+004  5.4090000e+002 -1.5990000e+000  1.0000000e-003
  1.2743000e+004  5.3880000e+002 -1.5990000e+000  1.0000000e-003
  1.2763000e+004  5.3690000e+002 -1.5990000e+000  1.0000000e-003
  1.2783000e+004  5.3500000e+002 -1.5990000e+000  1.0000000e-003
  1.2803000e+004  5.3300000e+002 -1.5990000e+000  1.0000000e-003
  1.2823000e+004  5.3080000e+002 -1.6000000e+000  1.0000000e-003
  1.2843000e+004  5.2870000e+002 -1.6000000e+000  1.0000000e-003
  1.2863000e+004  5.2660000e+002 -1.6000000e+000  1.0000000e-003
  1.2883000e+004  5.2470000e+002 -1.6000000e+000  1.0000000e-003
  1.2903000e+004  5.2270000e+002 -1.6000000e+000  1.0000000e-003
  1.2943000e+004  5.1890000e+002 -1.6000000e+000  1.0000000e-003
  1.2963000e+004  5.1680000e+002 -1.6000000e+000  1.0000000e-003
  1.2983000e+004  5.1480000e+002 -1.6010000e+000  1.0000000e-003
  1.3003000e+004  5.1290000e+002 -1.6010000e+000  1.0000000e-003
  1.3023000e+004  5.1120000e+002 -1.6010000e+000  1.0000000e-003
  1.3043000e+004  5.0930000e+002 -1.6010000e+000  1.0000000e-003
  1.3063000e+004  5.0730000e+002 -1.6010000e+000  1.0000000e-003
  1.3083000e+004  5.0540000e+002 -1.6010000e+000  1.0000000e-003
  1.3103000e+004  5.0330000e+002 -1.6010000e+000  1.0000000e-003
  1.3123000e+004  5.0150000e+002 -1.6010000e+000  1.0000000e-003
  1.3143000e+004  4.9950000e+002 -1.6020000e+000  1.0000000e-003
  1.3163000e+004  4.9770000e+002 -1.6020000e+000  1.0000000e-003
  1.3183000e+004  4.9580000e+002 -1.6020000e+000  1.0000000e-003
  1.3203000e+004  4.9400000e+002 -1.6020000e+000  1.0000000e-003
  1.3223000e+004  4.9210000e+002 -1.6020000e+000  1.0000000e-003
  1.3243000e+004  4.9020000e+002 -1.6020000e+000  1.0000000e-003
  1.3263000e+004  4.8840000e+002 -1.6030000e+000  1.0000000e-003
  1.3283000e+004  4.8690000e+002 -1.6030000e+000  1.0000000e-003
  1.3303000e+004  4.8490000e+002 -1.6030000e+000  1.0000000e-003
  1.3323000e+004  4.8320000e+002 -1.6030000e+000  1.0000000e-003
  1.3343000e+004  4.8140000e+002 -1.6030000e+000  1.0000000e-003
  1.3363000e+004  4.7970000e+002 -1.6030000e+000  1.0000000e-003
  1.3383000e+004  4.7760000e+002 -1.6030000e+000  1.0000000e-003
  1.3403000e+004  4.7580000e+002 -1.6040000e+000  1.0000000e-003
  1.3423000e+004  4.7410000e+002 -1.6040000e+000  1.0000000e-003
  1.3443000e+004  4.7220000e+002 -1.6040000e+000  1.0000000e-003
  1.3463000e+004  4.7060000e+002 -1.6040000e+000  1.0000000e-003
  1.3483000e+004  4.6860000e+002 -1.6040000e+000  1.0000000e-003
  1.3503000e+004  4.6710000e+002 -1.6040000e+000  1.0000000e-003
  1.3523000e+004  4.6530000e+002 -1.6040000e+000  1.0000000e-003
  1.3543000e+004  4.6370000e+002 -1.6050000e+000  1.0000000e-003
  1.3563000e+004  4.6220000e+002 -1.6050000e+000  1.0000000e-003
  1.3583000e+004  4.6040000e+002 -1.6050000e+000  1.0000000e-003
  1.3603000e+004  4.5850000e+002 -1.6050000e+000  1.0000000e-003
  1.3623000e+004  4.5680000e+002 -1.6050000e+000  1.0000000e-003
  1.3643000e+004  4.5500000e+002 -1.6060000e+000  1.0000000e-003
  1.3663000e+004  4.5330000e+002 -1.6060000e+000  1.0000000e-003
  1.3683000e+004  4.5170000e+002 -1.6060000e+000  1.0000000e-003
  1.3703000e+004  4.4990000e+002 -1.6060000e+000  1.0000000e-003
  1.3723000e+004  4.4820000e+002 -1.6060000e+000  1.0000000e-003
  1.3743000e+004  4.4660000e+002 -1.6060000e+000  1.0000000e-003
  1.3764000e+004  4.4490000e+002 -1.6060000e+000  1.0000000e-003
  1.3784000e+004  4.4310000e+002 -1.6070000e+000  1.0000000e-003
  1.3804000e+004  4.4150000e+002 -1.6070000e+000  1.0000000e-003
  1.3824000e+004  4.3980000e+002 -1.6070000e+000  1.0000000e-003
  1.3844000e+004  4.3820000e+002 -1.6070000e+000  1.0000000e-003
  1.3864000e+004  4.3660000e+002 -1.6070000e+000  1.0000000e-003
  1.3884000e+004  4.3510000e+002 -1.6070000e+000  1.0000000e-003
  1.3904000e+004  4.3350000e+002 -1.6070000e+000  1.0000000e-003
  1.3924000e+004  4.3190000e+002 -1.6080000e+000  1.0000000e-003
  1.3944000e+004  4.3000000e+002 -1.6080000e+000  1.0000000e-003
  1.3964000e+004  4.2840000e+002 -1.6080000e+000  1.0000000e-003
  1.3984000e+004  4.2680000e+002 -1.6080000e+000  1.0000000e-003
  1.4004000e+004  4.2510000e+002 -1.6080000e+000  1.0000000e-003
  1.4024000e+004  4.2350000e+002 -1.6080000e+000  1.0000000e-003
  1.4044000e+004  4.2180000e+002 -1.6080000e+000  1.0000000e-003
  1.4064000e+004  4.2020000e+002 -1.6080000e+000  1.0000000e-003
  1.4084000e+004  4.1860000e+002 -1.6090000e+000  1.0000000e-003
  1.4104000e+004  4.1700000e+002 -1.6090000e+000  1.0000000e-003
  1.4124000e+004  4.1540000e+002 -1.6090000e+000  1.0000000e-003
  1.4144000e+004  4.1400000e+002 -1.6090000e+000  1.0000000e-003
  1.4164000e+004  4.1260000e+002 -1.6090000e+000  1.0000000e-003
  1.4184000e+004  4.1110000e+002 -1.6090000e+000  1.0000000e-003
  1.4204000e+004  4.0910000e+002 -1.6090000e+000  1.0000000e-003
  1.4224000e+004  4.0790000e+002 -1.6090000e+000  1.0000000e-003
  1.4244000e+004  4.0640000e+002 -1.6100000e+000  1.0000000e-003
  1.4264000e+004  4.0490000e+002 -1.6100000e+000  1.0000000e-003
  1.4284000e+004  4.0340000e+002 -1.6100000e+000  1.0000000e-003
  1.4304000e+004  4.0160000e+002 -1.6100000e+000  1.0000000e-003
  1.4324000e+004  4.0020000e+002 -1.6100000e+000  1.0000000e-003
  1.4344000e+004  3.9880000e+002 -1.6100000e+000  1.0000000e-003
  1.4364000e+004  3.9710000e+002 -1.6100000e+000  1.0000000e-003
  1.4384000e+004  3.9550000e+002 -1.6100000e+000  1.0000000e-003
  1.4404000e+004  3.9410000e+002 -1.6100000e+000  1.0000000e-003
  1.4424000e+004  3.9270000e+002 -1.6100000e+000  1.0000000e-003
  1.4444000e+004  3.9150000e+002 -1.6100000e+000  1.0000000e-003
  1.4464000e+004  3.8990000e+002 -1.6110000e+000  1.0000000e-003
  1.4484000e+004  3.8850000e+002 -1.6110000e+000  1.0000000e-003
  1.4504000e+004  3.8690000e+002 -1.6110000e+000  1.0000000e-003
  1.4524000e+004  3.8550000e+002 -1.6110000e+000  1.0000000e-003
  1.4544000e+004  3.8400000e+002 -1.6110000e+000  1.0000000e-003
  1.4564000e+004  3.8260000e+002 -1.6110000e+000  1.0000000e-003
  1.4584000e+004  3.8130000e+002 -1.6110000e+000  1.0000000e-003
  1.4604000e+004  3.7960000e+002 -1.6110000e+000  1.0000000e-003
  1.4624000e+004  3.7840000e+002 -1.6110000e+000  1.0000000e-003
  1.4644000e+004  3.7700000e+002 -1.6110000e+000  1.0000000e-003
  1.4664000e+004  3.7520000e+002 -1.6110000e+000  1.0000000e-003
  1.4684000e+004  3.7360000e+002 -1.6120000e+000  1.0000000e-003
  1.4704000e+004  3.7260000e+002 -1.6120000e+000  1.0000000e-003
  1.4724000e+004  3.7100000e+002 -1.6120000e+000  1.0000000e-003
  1.4744000e+004  3.6940000e+002 -1.6120000e+000  1.0000000e-003
  1.4764000e+004  3.6800000e+002 -1.6120000e+000  1.0000000e-003
  1.4784000e+004  3.6680000e+002 -1.6120000e+000  1.0000000e-003
  1.4804000e+004  3.6540000e+002 -1.6120000e+000  1.0000000e-003
  1.4824000e+004  3.6420000e+002 -1.6120000e+000  1.0000000e-003
  1.4844000e+004  3.6290000e+002 -1.6120000e+000  1.0000000e-003
  1.4864000e+004  3.6140000e+002 -1.6120000e+000  1.0000000e-003
  1.4884000e+004  3.6010000e+002 -1.6120000e+000  1.0000000e-003
  1.4904000e+004  3.5880000e+002 -1.6130000e+000  1.0000000e-003
  1.4924000e+004  3.5740000e+002 -1.6130000e+000  1.0000000e-003
  1.4944000e+004  3.5610000e+002 -1.6130000e+000  1.0000000e-003
  1.4964000e+004  3.5470000e+002 -1.6130000e+000  1.0000000e-003
  1.4984000e+004  3.5330000e+002 -1.6130000e+000  1.0000000e-003
  1.5004000e+004  3.5210000e+002 -1.6130000e+000  1.0000000e-003
  1.5024000e+004  3.5070000e+002 -1.6130000e+000  1.0000000e-003
  1.5044000e+004  3.4950000e+002 -1.6130000e+000  1.0000000e-003
  1.5064000e+004  3.4810000e+002 -1.6130000e+000  1.0000000e-003
  1.5084000e+004  3.4670000e+002 -1.6130000e+000  1.0000000e-003
  1.5104000e+004  3.4510000e+002 -1.6140000e+000  1.0000000e-003
  1.5124000e+004  3.4390000e+002 -1.6140000e+000  1.0000000e-003
  1.5144000e+004  3.4250000e+002 -1.6140000e+000  1.0000000e-003
  1.5164000e+004  3.4130000e+002 -1.6140000e+000  1.0000000e-003
  1.5184000e+004  3.3980000e+002 -1.6140000e+000  1.0000000e-003
  1.5204000e+004  3.3860000e+002 -1.6140000e+000  1.0000000e-003
  1.5224000e+004  3.3760000e+002 -1.6140000e+000  1.0000000e-003
  1.5244000e+004  3.3620000e+002 -1.6140000e+000  1.0000000e-003
  1.5264000e+004  3.3490000e+002 -1.6140000e+000  1.0000000e-003
  1.5284000e+004  3.3350000e+002 -1.6150000e+000  1.0000000e-003
  1.5304000e+004  3.3210000e+002 -1.6150000e+000  1.0000000e-003
  1.5324000e+004  3.3080000e+002 -1.6150000e+000  1.0000000e-003
  1.5344000e+004  3.2950000e+002 -1.6150000e+000  1.0000000e-003
  1.5364000e+004  3.2830000e+002 -1.6150000e+000  1.0000000e-003
  1.5384000e+004  3.2690000e+002 -1.6150000e+000  1.0000000e-003
  1.5404000e+004  3.2570000e+002 -1.6150000e+000  1.0000000e-003
  1.5424000e+004  3.2450000e+002 -1.6150000e+000  1.0000000e-003
  1.5444000e+004  3.2320000e+002 -1.6160000e+000  1.0000000e-003
  1.5464000e+004  3.2180000e+002 -1.6160000e+000  1.0000000e-003
  1.5484000e+004  3.2080000e+002 -1.6160000e+000  1.0000000e-003
  1.5504000e+004  3.1970000e+002 -1.6160000e+000  1.0000000e-003
  1.5524000e+004  3.1830000e+002 -1.6160000e+000  1.0000000e-003
  1.5544000e+004  3.1690000e+002 -1.6160000e+000  1.0000000e-003
  1.5564000e+004  3.1600000e+002 -1.6160000e+000  1.0000000e-003
  1.5584000e+004  3.1430000e+002 -1.6160000e+000  1.0000000e-003
  1.5604000e+004  3.1340000e+002 -1.6160000e+000  1.0000000e-003
  1.5624000e+004  3.1240000e+002 -1.6160000e+000  1.0000000e-003
  1.5644000e+004  3.1110000e+002 -1.6160000e+000  1.0000000e-003
  1.5664000e+004  3.1010000e+002 -1.6170000e+000  1.0000000e-003
  1.5684000e+004  3.0870000e+002 -1.6170000e+000  1.0000000e-003
  1.5704000e+004  3.0750000e+002 -1.6170000e+000  1.0000000e-003
  1.5724000e+004  3.0610000e+002 -1.6170000e+000  1.0000000e-003
  1.5744000e+004  3.0490000e+002 -1.6170000e+000  1.0000000e-003
  1.5764000e+004  3.0350000e+002 -1.6170000e+000  1.0000000e-003
  1.5784000e+004  3.0220000e+002 -1.6170000e+000  1.0000000e-003
  1.5804000e+004  3.0120000e+002 -1.6170000e+000  1.0000000e-003
  1.5824000e+004  2.9990000e+002 -1.6180000e+000  1.0000000e-003
  1.5844000e+004  2.9890000e+002 -1.6180000e+000  1.0000000e-003
  1.5864000e+004  2.9800000e+002 -1.6180000e+000  1.0000000e-003
  1.5884000e+004  2.9660000e+002 -1.6180000e+000  1.0000000e-003
  1.5904000e+004  2.9560000e+002 -1.6180000e+000  1.0000000e-003
  1.5924000e+004  2.9450000e+002 -1.6180000e+000  1.0000000e-003
  1.5944000e+004  2.9310000e+002 -1.6180000e+000  1.0000000e-003
  1.5964000e+004  2.9210000e+002 -1.6180000e+000  1.0000000e-003
  1.5984000e+004  2.9100000e+002 -1.6180000e+000  1.0000000e-003
  1.6004000e+004  2.8980000e+002 -1.6180000e+000  1.0000000e-003
  1.6024000e+004  2.8890000e+002 -1.6180000e+000  1.0000000e-003
  1.6044000e+004  2.8790000e+002 -1.6190000e+000  1.0000000e-003
  1.6064000e+004  2.8660000e+002 -1.6190000e+000  1.0000000e-003
  1.6084000e+004  2.8590000e+002 -1.6190000e+000  1.0000000e-003
  1.6104000e+004  2.8490000e+002 -1.6190000e+000  1.0000000e-003
  1.6124000e+004  2.8350000e+002 -1.6190000e+000  1.0000000e-003
  1.6144000e+004  2.8240000e+002 -1.6190000e+000  1.0000000e-003
  1.6164000e+004  2.8140000e+002 -1.6190000e+000  1.0000000e-003
  1.6184000e+004  2.8000000e+002 -1.6190000e+000  1.0000000e-003
  1.6204000e+004  2.7910000e+002 -1.6190000e+000  1.0000000e-003
  1.6224000e+004  2.7810000e+002 -1.6190000e+000  1.0000000e-003
  1.6244000e+004  2.7700000e+002 -1.6190000e+000  1.0000000e-003
  1.6264000e+004  2.7580000e+002 -1.6190000e+000  1.0000000e-003
  1.6284000e+004  2.7490000e+002 -1.6200000e+000  1.0000000e-003
  1.6304000e+004  2.7370000e+002 -1.6200000e+000  1.0000000e-003
  1.6324000e+004  2.7250000e+002 -1.6200000e+000  1.0000000e-003
  1.6344000e+004  2.7140000e+002 -1.6200000e+000  1.0000000e-003
  1.6364000e+004  2.7040000e+002 -1.6200000e+000  1.0000000e-003
  1.6384000e+004  2.6930000e+002 -1.6200000e+000  1.0000000e-003
  1.6404000e+004  2.6850000e+002 -1.6200000e+000  1.0000000e-003
  1.6424000e+004  2.6740000e+002 -1.6200000e+000  1.0000000e-003
  1.6444000e+004  2.6640000e+002 -1.6200000e+000  1.0000000e-003
  1.6464000e+004  2.6510000e+002 -1.6210000e+000  1.0000000e-003
  1.6484000e+004  2.6440000e+002 -1.6210000e+000  1.0000000e-003
  1.6504000e+004  2.6340000e+002 -1.6210000e+000  1.0000000e-003
  1.6524000e+004  2.6250000e+002 -1.6210000e+000  1.0000000e-003
  1.6544000e+004  2.6140000e+002 -1.6210000e+000  1.0000000e-003
  1.6564000e+004  2.6000000e+002 -1.6210000e+000  1.0000000e-003
  1.6584000e+004  2.5920000e+002 -1.6210000e+000  1.0000000e-003
  1.6604000e+004  2.5790000e+002 -1.6210000e+000  1.0000000e-003
  1.6624000e+004  2.5710000e+002 -1.6210000e+000  1.0000000e-003
  1.6644000e+004  2.5590000e+002 -1.6210000e+000  1.0000000e-003
  1.6664000e+004  2.5480000e+002 -1.6210000e+000  1.0000000e-003
  1.6684000e+004  2.5390000e+002 -1.6210000e+000  1.0000000e-003
  1.6704000e+004  2.5270000e+002 -1.6210000e+000  1.0000000e-003
  1.6724000e+004  2.5170000e+002 -1.6220000e+000  1.0000000e-003
  1.6744000e+004  2.5080000e+002 -1.6220000e+000  1.0000000e-003
  1.6764000e+004  2.4970000e+002 -1.6220000e+000  1.0000000e-003
  1.6784000e+004  2.4870000e+002 -1.6220000e+000  1.0000000e-003
  1.6804000e+004  2.4760000e+002 -1.6220000e+000  1.0000000e-003
  1.6825000e+004  2.4640000e+002 -1.6220000e+000  1.0000000e-003
  1.6845000e+004  2.4550000e+002 -1.6220000e+000  1.0000000e-003
  1.6865000e+004  2.4460000e+002 -1.6220000e+000  1.0000000e-003
  1.6885000e+004  2.4360000e+002 -1.6220000e+000  1.0000000e-003
  1.6905000e+004  2.4270000e+002 -1.6220000e+000  1.0000000e-003
  1.6925000e+004  2.4170000e+002 -1.6220000e+000  1.0000000e-003
  1.6945000e+004  2.4080000e+002 -1.6220000e+000  1.0000000e-003
  1.6965000e+004  2.3970000e+002 -1.6230000e+000  1.0000000e-003
  1.6985000e+004  2.3890000e+002 -1.6230000e+000  1.0000000e-003
  1.7005000e+004  2.3820000e+002 -1.6230000e+000  1.0000000e-003
  1.7025000e+004  2.3690000e+002 -1.6230000e+000  1.0000000e-003
  1.7045000e+004  2.3590000e+002 -1.6230000e+000  1.0000000e-003
  1.7065000e+004  2.3500000e+002 -1.6230000e+000  1.0000000e-003
  1.7085000e+004  2.3430000e+002 -1.6230000e+000  1.0000000e-003
  1.7105000e+004  2.3350000e+002 -1.6230000e+000  1.0000000e-003
  1.7125000e+004  2.3260000e+002 -1.6230000e+000  1.0000000e-003
  1.7145000e+004  2.3190000e+002 -1.6230000e+000  1.0000000e-003
  1.7165000e+004  2.3060000e+002 -1.6230000e+000  1.0000000e-003
  1.7185000e+004  2.2980000e+002 -1.6230000e+000  1.0000000e-003
  1.7205000e+004  2.2910000e+002 -1.6230000e+000  1.0000000e-003
  1.7225000e+004  2.2800000e+002 -1.6230000e+000  1.0000000e-003
  1.7245000e+004  2.2710000e+002 -1.6240000e+000  1.0000000e-003
  1.7265000e+004  2.2610000e+002 -1.6240000e+000  1.0000000e-003
  1.7285000e+004  2.2540000e+002 -1.6240000e+000  1.0000000e-003
  1.7305000e+004  2.2420000e+002 -1.6240000e+000  1.0000000e-003
  1.7325000e+004  2.2330000e+002 -1.6240000e+000  1.0000000e-003
  1.7345000e+004  2.2240000e+002 -1.6240000e+000  1.0000000e-003
  1.7365000e+004  2.2150000e+002 -1.6240000e+000  1.0000000e-003
  1.7385000e+004  2.2070000e+002 -1.6240000e+000  1.0000000e-003
  1.7405000e+004  2.1960000e+002 -1.6240000e+000  1.0000000e-003
  1.7425000e+004  2.1860000e+002 -1.6240000e+000  1.0000000e-003
  1.7445000e+004  2.1790000e+002 -1.6240000e+000  1.0000000e-003
  1.7465000e+004  2.1700000e+002 -1.6240000e+000  1.0000000e-003
  1.7485000e+004  2.1610000e+002 -1.6240000e+000  1.0000000e-003
  1.7505000e+004  2.1530000e+002 -1.6240000e+000  1.0000000e-003
  1.7525000e+004  2.1440000e+002 -1.6250000e+000  1.0000000e-003
  1.7545000e+004  2.1350000e+002 -1.6250000e+000  1.0000000e-003
  1.7565000e+004  2.1280000e+002 -1.6250000e+000  1.0000000e-003
  1.7585000e+004  2.1210000e+002 -1.6250000e+000  1.0000000e-003
  1.7605000e+004  2.1090000e+002 -1.6250000e+000  1.0000000e-003
  1.7625000e+004  2.1040000e+002 -1.6250000e+000  1.0000000e-003
  1.7645000e+004  2.0950000e+002 -1.6250000e+000  1.0000000e-003
  1.7665000e+004  2.0890000e+002 -1.6250000e+000  1.0000000e-003
  1.7685000e+004  2.0770000e+002 -1.6250000e+000  1.0000000e-003
  1.7705000e+004  2.0720000e+002 -1.6250000e+000  1.0000000e-003
  1.7725000e+004  2.0670000e+002 -1.6250000e+000  1.0000000e-003
  1.7745000e+004  2.0540000e+002 -1.6250000e+000  1.0000000e-003
  1.7765000e+004  2.0460000e+002 -1.6250000e+000  1.0000000e-003
  1.7785000e+004  2.0410000e+002 -1.6250000e+000  1.0000000e-003
  1.7805000e+004  2.0300000e+002 -1.6260000e+000  1.0000000e-003
  1.7825000e+004  2.0210000e+002 -1.6260000e+000  1.0000000e-003
  1.7845000e+004  2.0160000e+002 -1.6260000e+000  1.0000000e-003
  1.7865000e+004  2.0040000e+002 -1.6260000e+000  1.0000000e-003
  1.7885000e+004  1.9990000e+002 -1.6260000e+000  1.0000000e-003
  1.7905000e+004  1.9860000e+002 -1.6260000e+000  1.0000000e-003
  1.7925000e+004  1.9810000e+002 -1.6260000e+000  1.0000000e-003
  1.7945000e+004  1.9690000e+002 -1.6260000e+000  1.0000000e-003
  1.7965000e+004  1.9650000e+002 -1.6260000e+000  1.0000000e-003
  1.7985000e+004  1.9550000e+002 -1.6260000e+000  1.0000000e-003
  1.8005000e+004  1.9480000e+002 -1.6260000e+000  1.0000000e-003
  1.8025000e+004  1.9390000e+002 -1.6260000e+000  1.0000000e-003
  1.8045000e+004  1.9290000e+002 -1.6260000e+000  1.0000000e-003
  1.8065000e+004  1.9200000e+002 -1.6260000e+000  1.0000000e-003
  1.8085000e+004  1.9130000e+002 -1.6270000e+000  1.0000000e-003
  1.8105000e+004  1.9060000e+002 -1.6270000e+000  1.0000000e-003
  1.8125000e+004  1.9010000e+002 -1.6270000e+000  1.0000000e-003
  1.8146000e+004  1.8880000e+002 -1.6270000e+000  1.0000000e-003
  1.8170000e+004  1.8830000e+002 -1.6270000e+000  1.0000000e-003
  1.8190000e+004  1.8730000e+002 -1.6270000e+000  1.0000000e-003
  1.8211000e+004  1.8660000e+002 -1.6270000e+000  1.0000000e-003
  1.8235000e+004  1.8570000e+002 -1.6270000e+000  1.0000000e-003
  1.8255000e+004  1.8460000e+002 -1.6270000e+000  1.0000000e-003
  1.8275000e+004  1.8430000e+002 -1.6270000e+000  1.0000000e-003
  1.8295000e+004  1.8340000e+002 -1.6270000e+000  1.0000000e-003
  1.8315000e+004  1.8270000e+002 -1.6270000e+000  1.0000000e-003
  1.8335000e+004  1.8180000e+002 -1.6270000e+000  1.0000000e-003
  1.8355000e+004  1.8110000e+002 -1.6270000e+000  1.0000000e-003
  1.8375000e+004  1.8040000e+002 -1.6270000e+000  1.0000000e-003
  1.8395000e+004  1.7970000e+002 -1.6280000e+000  1.0000000e-003
  1.8415000e+004  1.7920000e+002 -1.6280000e+000  1.0000000e-003
  1.8435000e+004  1.7830000e+002 -1.6280000e+000  1.0000000e-003
  1.8455000e+004  1.7780000e+002 -1.6280000e+000  1.0000000e-003
  1.8475000e+004  1.7730000e+002 -1.6280000e+000  1.0000000e-003
  1.8495000e+004  1.7620000e+002 -1.6280000e+000  1.0000000e-003
  1.8515000e+004  1.7590000e+002 -1.6280000e+000  1.0000000e-003
  1.8535000e+004  1.7460000e+002 -1.6280000e+000  1.0000000e-003
  1.8555000e+004  1.7450000e+002 -1.6280000e+000  1.0000000e-003
  1.8575000e+004  1.7340000e+002 -1.6280000e+000  1.0000000e-003
  1.8595000e+004  1.7290000e+002 -1.6280000e+000  1.0000000e-003
  1.8615000e+004  1.7200000e+002 -1.6280000e+000  1.0000000e-003
  1.8635000e+004  1.7130000e+002 -1.6280000e+000  1.0000000e-003
  1.8655000e+004  1.7030000e+002 -1.6280000e+000  1.0000000e-003
  1.8675000e+004  1.7010000e+002 -1.6280000e+000  1.0000000e-003
  1.8695000e+004  1.6900000e+002 -1.6290000e+000  1.0000000e-003
  1.8715000e+004  1.6820000e+002 -1.6290000e+000  1.0000000e-003
  1.8735000e+004  1.6750000e+002 -1.6290000e+000  1.0000000e-003
  1.8755000e+004  1.6680000e+002 -1.6290000e+000  1.0000000e-003
  1.8775000e+004  1.6610000e+002 -1.6290000e+000  1.0000000e-003
  1.8795000e+004  1.6540000e+002 -1.6290000e+000  1.0000000e-003
  1.8815000e+004  1.6500000e+002 -1.6290000e+000  1.0000000e-003
  1.8835000e+004  1.6400000e+002 -1.6290000e+000  1.0000000e-003
  1.8855000e+004  1.6330000e+002 -1.6290000e+000  1.0000000e-003
  1.8875000e+004  1.6260000e+002 -1.6290000e+000  1.0000000e-003
  1.8895000e+004  1.6210000e+002 -1.6290000e+000  1.0000000e-003
  1.8915000e+004  1.6150000e+002 -1.6290000e+000  1.0000000e-003
  1.8935000e+004  1.6080000e+002 -1.6290000e+000  1.0000000e-003
  1.8955000e+004  1.6030000e+002 -1.6290000e+000  1.0000000e-003
  1.8975000e+004  1.5940000e+002 -1.6290000e+000  1.0000000e-003
  1.8995000e+004  1.5890000e+002 -1.6290000e+000  1.0000000e-003
  1.9015000e+004  1.5800000e+002 -1.6290000e+000  1.0000000e-003
  1.9035000e+004  1.5750000e+002 -1.6290000e+000  1.0000000e-003
  1.9055000e+004  1.5680000e+002 -1.6300000e+000  1.0000000e-003
  1.9075000e+004  1.5610000e+002 -1.6300000e+000  1.0000000e-003
  1.9095000e+004  1.5570000e+002 -1.6300000e+000  1.0000000e-003
  1.9115000e+004  1.5520000e+002 -1.6300000e+000  1.0000000e-003
  1.9135000e+004  1.5470000e+002 -1.6300000e+000  1.0000000e-003
  1.9155000e+004  1.5400000e+002 -1.6300000e+000  1.0000000e-003
  1.9175000e+004  1.5350000e+002 -1.6300000e+000  1.0000000e-003
  1.9195000e+004  1.5290000e+002 -1.6300000e+000  1.0000000e-003
  1.9215000e+004  1.5230000e+002 -1.6300000e+000  1.0000000e-003
  1.9235000e+004  1.5170000e+002 -1.6300000e+000  1.0000000e-003
  1.9255000e+004  1.5070000e+002 -1.6300000e+000  1.0000000e-003
  1.9275000e+004  1.5070000e+002 -1.6300000e+000  1.0000000e-003
  1.9295000e+004  1.5000000e+002 -1.6300000e+000  1.0000000e-003
  1.9315000e+004  1.4910000e+002 -1.6300000e+000  1.0000000e-003
  1.9335000e+004  1.4890000e+002 -1.6300000e+000  1.0000000e-003
  1.9355000e+004  1.4810000e+002 -1.6300000e+000  1.0000000e-003
  1.9375000e+004  1.4750000e+002 -1.6300000e+000  1.0000000e-003
  1.9395000e+004  1.4700000e+002 -1.6300000e+000  1.0000000e-003
  1.9415000e+004  1.4610000e+002 -1.6300000e+000  1.0000000e-003
  1.9435000e+004  1.4560000e+002 -1.6300000e+000  1.0000000e-003
  1.9455000e+004  1.4510000e+002 -1.6300000e+000  1.0000000e-003
  1.9475000e+004  1.4420000e+002 -1.6300000e+000  1.0000000e-003
  1.9495000e+004  1.4390000e+002 -1.6310000e+000  1.0000000e-003
  1.9515000e+004  1.4320000e+002 -1.6310000e+000  1.0000000e-003
  1.9535000e+004  1.4260000e+002 -1.6310000e+000  1.0000000e-003
  1.9555000e+004  1.4180000e+002 -1.6310000e+000  1.0000000e-003
  1.9575000e+004  1.4140000e+002 -1.6310000e+000  1.0000000e-003
  1.9595000e+004  1.4070000e+002 -1.6310000e+000  1.0000000e-003
  1.9615000e+004  1.4070000e+002 -1.6310000e+000  1.0000000e-003
  1.9635000e+004  1.3970000e+002 -1.6310000e+000  1.0000000e-003
  1.9655000e+004  1.3900000e+002 -1.6310000e+000  1.0000000e-003
  1.9675000e+004  1.3830000e+002 -1.6310000e+000  1.0000000e-003
  1.9695000e+004  1.3770000e+002 -1.6310000e+000  1.0000000e-003
  1.9715000e+004  1.3720000e+002 -1.6310000e+000  1.0000000e-003
  1.9735000e+004  1.3670000e+002 -1.6310000e+000  1.0000000e-003
  1.9755000e+004  1.3620000e+002 -1.6310000e+000  1.0000000e-003
  1.9775000e+004  1.3540000e+002 -1.6310000e+000  1.0000000e-003
  1.9795000e+004  1.3490000e+002 -1.6310000e+000  1.0000000e-003
  1.9815000e+004  1.3410000e+002 -1.6310000e+000  1.0000000e-003
  1.9835000e+004  1.3390000e+002 -1.6320000e+000  1.0000000e-003
  1.9855000e+004  1.3280000e+002 -1.6320000e+000  1.0000000e-003
  1.9875000e+004  1.3270000e+002 -1.6320000e+000  1.0000000e-003
  1.9895000e+004  1.3210000e+002 -1.6320000e+000  1.0000000e-003
  1.9915000e+004  1.3180000e+002 -1.6320000e+000  1.0000000e-003
  1.9935000e+004  1.3110000e+002 -1.6320000e+000  1.0000000e-003
  1.9955000e+004  1.3040000e+002 -1.6320000e+000  1.0000000e-003
  1.9975000e+004  1.2970000e+002 -1.6320000e+000  1.0000000e-003
  1.9995000e+004  1.2930000e+002 -1.6320000e+000  1.0000000e-003
  2.0015000e+004  1.2860000e+002 -1.6320000e+000  1.0000000e-003
  2.0035000e+004  1.2830000e+002 -1.6320000e+000  1.0000000e-003
  2.0055000e+004  1.2760000e+002 -1.6320000e+000  1.0000000e-003
  2.0075000e+004  1.2710000e+002 -1.6320000e+000  1.0000000e-003
  2.0095000e+004  1.2670000e+002 -1.6320000e+000  1.0000000e-003
  2.0115000e+004  1.2630000e+002 -1.6320000e+000  1.0000000e-003
  2.0135000e+004  1.2580000e+002 -1.6320000e+000  1.0000000e-003
  2.0155000e+004  1.2510000e+002 -1.6320000e+000  1.0000000e-003
  2.0175000e+004  1.2480000e+002 -1.6320000e+000  1.0000000e-003
  2.0195000e+004  1.2460000e+002 -1.6320000e+000  1.0000000e-003
  2.0215000e+004  1.2370000e+002 -1.6320000e+000  1.0000000e-003
  2.0235000e+004  1.2300000e+002 -1.6320000e+000  1.0000000e-003
  2.0255000e+004  1.2250000e+002 -1.6320000e+000  1.0000000e-003
  2.0275000e+004  1.2210000e+002 -1.6320000e+000  1.0000000e-003
  2.0295000e+004  1.2140000e+002 -1.6330000e+000  1.0000000e-003
  2.0315000e+004  1.2140000e+002 -1.6330000e+000  1.0000000e-003
  2.0335000e+004  1.2110000e+002 -1.6330000e+000  1.0000000e-003
  2.0355000e+004  1.2000000e+002 -1.6330000e+000  1.0000000e-003
  2.0375000e+004  1.1920000e+002 -1.6330000e+000  1.0000000e-003
  2.0395000e+004  1.1900000e+002 -1.6330000e+000  1.0000000e-003
  2.0415000e+004  1.1870000e+002 -1.6330000e+000  1.0000000e-003
  2.0435000e+004  1.1810000e+002 -1.6330000e+000  1.0000000e-003
  2.0456000e+004  1.1800000e+002 -1.6330000e+000  1.0000000e-003
  2.0476000e+004  1.1760000e+002 -1.6330000e+000  1.0000000e-003
  2.0496000e+004  1.1690000e+002 -1.6330000e+000  1.0000000e-003
  2.0516000e+004  1.1650000e+002 -1.6330000e+000  1.0000000e-003
  2.0536000e+004  1.1600000e+002 -1.6330000e+000  1.0000000e-003
  2.0556000e+004  1.1550000e+002 -1.6330000e+000  1.0000000e-003
  2.0576000e+004  1.1500000e+002 -1.6330000e+000  1.0000000e-003
  2.0596000e+004  1.1440000e+002 -1.6330000e+000  1.0000000e-003
  2.0616000e+004  1.1430000e+002 -1.6330000e+000  1.0000000e-003
  2.0636000e+004  1.1390000e+002 -1.6330000e+000  1.0000000e-003
  2.0656000e+004  1.1370000e+002 -1.6330000e+000  1.0000000e-003
  2.0676000e+004  1.1290000e+002 -1.6340000e+000  1.0000000e-003
  2.0696000e+004  1.1230000e+002 -1.6340000e+000  1.0000000e-003
  2.0716000e+004  1.1200000e+002 -1.6340000e+000  1.0000000e-003
  2.0736000e+004  1.1150000e+002 -1.6340000e+000  1.0000000e-003
  2.0756000e+004  1.1110000e+002 -1.6340000e+000  1.0000000e-003
  2.0776000e+004  1.1080000e+002 -1.6340000e+000  1.0000000e-003
  2.0796000e+004  1.1030000e+002 -1.6340000e+000  1.0000000e-003
  2.0816000e+004  1.0970000e+002 -1.6340000e+000  1.0000000e-003
  2.0836000e+004  1.0940000e+002 -1.6340000e+000  1.0000000e-003
  2.0856000e+004  1.0880000e+002 -1.6340000e+000  1.0000000e-003
  2.0876000e+004  1.0830000e+002 -1.6340000e+000  1.0000000e-003
  2.0896000e+004  1.0800000e+002 -1.6340000e+000  1.0000000e-003
  2.0916000e+004  1.0740000e+002 -1.6340000e+000  1.0000000e-003
  2.0936000e+004  1.0730000e+002 -1.6340000e+000  1.0000000e-003
  2.0956000e+004  1.0710000e+002 -1.6340000e+000  1.0000000e-003
  2.0976000e+004  1.0640000e+002 -1.6340000e+000  1.0000000e-003
  2.0996000e+004  1.0590000e+002 -1.6340000e+000  1.0000000e-003
  2.1016000e+004  1.0550000e+002 -1.6340000e+000  1.0000000e-003
  2.1036000e+004  1.0530000e+002 -1.6340000e+000  1.0000000e-003
  2.1056000e+004  1.0470000e+002 -1.6340000e+000  1.0000000e-003
  2.1076000e+004  1.0470000e+002 -1.6340000e+000  1.0000000e-003
  2.1096000e+004  1.0410000e+002 -1.6340000e+000  1.0000000e-003
  2.1116000e+004  1.0340000e+002 -1.6350000e+000  1.0000000e-003
  2.1136000e+004  1.0310000e+002 -1.6350000e+000  1.0000000e-003
  2.1156000e+004  1.0240000e+002 -1.6350000e+000  1.0000000e-003
  2.1176000e+004  1.0200000e+002 -1.6350000e+000  1.0000000e-003
  2.1196000e+004  1.0190000e+002 -1.6350000e+000  1.0000000e-003
  2.1216000e+004  1.0120000e+002 -1.6350000e+000  1.0000000e-003
  2.1236000e+004  1.0080000e+002 -1.6350000e+000  1.0000000e-003
  2.1256000e+004  1.0030000e+002 -1.6350000e+000  1.0000000e-003
  2.1276000e+004  1.0030000e+002 -1.6350000e+000  1.0000000e-003
  2.1296000e+004  9.9900000e+001 -1.6350000e+000  1.0000000e-003
  2.1316000e+004  9.8700000e+001 -1.6350000e+000  1.0000000e-003
  2.1336000e+004  9.8700000e+001 -1.6350000e+000  1.0000000e-003
  2.1356000e+004  9.8300000e+001 -1.6350000e+000  1.0000000e-003
  2.1376000e+004  9.8200000e+001 -1.6350000e+000  1.0000000e-003
  2.1396000e+004  9.7300000e+001 -1.6350000e+000  1.0000000e-003
  2.1416000e+004  9.7300000e+001 -1.6350000e+000  1.0000000e-003
  2.1436000e+004  9.7100000e+001 -1.6350000e+000  1.0000000e-003
  2.1456000e+004  9.6600000e+001 -1.6350000e+000  1.0000000e-003
  2.1476000e+004  9.5700000e+001 -1.6350000e+000  1.0000000e-003
  2.1496000e+004  9.5700000e+001 -1.6350000e+000  1.0000000e-003
  2.1516000e+004  9.5400000e+001 -1.6350000e+000  1.0000000e-003
  2.1536000e+004  9.5000000e+001 -1.6360000e+000  1.0000000e-003
  2.1556000e+004  9.4500000e+001 -1.6360000e+000  1.0000000e-003
  2.1576000e+004  9.3800000e+001 -1.6360000e+000  1.0000000e-003
  2.1596000e+004  9.3600000e+001 -1.6360000e+000  1.0000000e-003
  2.1616000e+004  9.3100000e+001 -1.6360000e+000  1.0000000e-003
  2.1636000e+004  9.2800000e+001 -1.6360000e+000  1.0000000e-003
  2.1656000e+004  9.2400000e+001 -1.6360000e+000  1.0000000e-003
  2.1676000e+004  9.2200000e+001 -1.6360000e+000  1.0000000e-003
  2.1696000e+004  9.1900000e+001 -1.6360000e+000  1.0000000e-003
  2.1716000e+004  9.1500000e+001 -1.6360000e+000  1.0000000e-003
  2.1736000e+004  9.1200000e+001 -1.6360000e+000  1.0000000e-003
  2.1756000e+004  9.0600000e+001 -1.6360000e+000  1.0000000e-003
  2.1776000e+004  9.0500000e+001 -1.6360000e+000  1.0000000e-003
  2.1796000e+004  8.9900000e+001 -1.6360000e+000  1.0000000e-003
  2.1816000e+004  8.9900000e+001 -1.6360000e+000  1.0000000e-003
  2.1836000e+004  8.9400000e+001 -1.6360000e+000  1.0000000e-003
  2.1856000e+004  8.9300000e+001 -1.6360000e+000  1.0000000e-003
  2.1876000e+004  8.8700000e+001 -1.6360000e+000  1.0000000e-003
  2.1896000e+004  8.8400000e+001 -1.6360000e+000  1.0000000e-003
  2.1916000e+004  8.8000000e+001 -1.6360000e+000  1.0000000e-003
  2.1936000e+004  8.7700000e+001 -1.6360000e+000  1.0000000e-003
  2.1956000e+004  8.7300000e+001 -1.6360000e+000  1.0000000e-003
  2.1976000e+004  8.7300000e+001 -1.6360000e+000  1.0000000e-003
  2.1996000e+004  8.6800000e+001 -1.6370000e+000  1.0000000e-003
  2.2016000e+004  8.6300000e+001 -1.6370000e+000  1.0000000e-003
  2.2036000e+004  8.6100000e+001 -1.6370000e+000  1.0000000e-003
  2.2056000e+004  8.5900000e+001 -1.6370000e+000  1.0000000e-003
  2.2076000e+004  8.5600000e+001 -1.6370000e+000  1.0000000e-003
  2.2096000e+004  8.4900000e+001 -1.6370000e+000  1.0000000e-003
  2.2116000e+004  8.4500000e+001 -1.6370000e+000  1.0000000e-003
  2.2136000e+004  8.4700000e+001 -1.6370000e+000  1.0000000e-003
  2.2156000e+004  8.3800000e+001 -1.6370000e+000  1.0000000e-003
  2.2176000e+004  8.4000000e+001 -1.6370000e+000  1.0000000e-003
  2.2196000e+004  8.3300000e+001 -1.6370000e+000  1.0000000e-003
  2.2216000e+004  8.2900000e+001 -1.6370000e+000  1.0000000e-003
  2.2236000e+004  8.2800000e+001 -1.6370000e+000  1.0000000e-003
  2.2256000e+004  8.2400000e+001 -1.6370000e+000  1.0000000e-003
  2.2276000e+004  8.1900000e+001 -1.6370000e+000  1.0000000e-003
  2.2296000e+004  8.2100000e+001 -1.6370000e+000  1.0000000e-003
  2.2316000e+004  8.1400000e+001 -1.6370000e+000  1.0000000e-003
  2.2336000e+004  8.0800000e+001 -1.6370000e+000  1.0000000e-003
  2.2356000e+004  8.0800000e+001 -1.6370000e+000  1.0000000e-003
  2.2376000e+004  8.0000000e+001 -1.6370000e+000  1.0000000e-003
  2.2396000e+004  8.0200000e+001 -1.6370000e+000  1.0000000e-003
  2.2416000e+004  7.9600000e+001 -1.6370000e+000  1.0000000e-003
  2.2436000e+004  7.9500000e+001 -1.6370000e+000  1.0000000e-003
  2.2456000e+004  7.9100000e+001 -1.6370000e+000  1.0000000e-003
  2.2476000e+004  7.9100000e+001 -1.6370000e+000  1.0000000e-003
  2.2496000e+004  7.8600000e+001 -1.6370000e+000  1.0000000e-003
  2.2516000e+004  7.8000000e+001 -1.6370000e+000  1.0000000e-003
  2.2536000e+004  7.7500000e+001 -1.6370000e+000  1.0000000e-003
  2.2556000e+004  7.7700000e+001 -1.6370000e+000  1.0000000e-003
  2.2576000e+004  7.7500000e+001 -1.6370000e+000  1.0000000e-003
  2.2596000e+004  7.7000000e+001 -1.6370000e+000  1.0000000e-003
  2.2616000e+004  7.6500000e+001 -1.6370000e+000  1.0000000e-003
  2.2636000e+004  7.6100000e+001 -1.6370000e+000  1.0000000e-003
  2.2656000e+004  7.6100000e+001 -1.6370000e+000  1.0000000e-003
  2.2676000e+004  7.5600000e+001 -1.6380000e+000  1.0000000e-003
  2.2696000e+004  7.5400000e+001 -1.6380000e+000  1.0000000e-003
  2.2716000e+004  7.5400000e+001 -1.6380000e+000  1.0000000e-003
  2.2736000e+004  7.4900000e+001 -1.6380000e+000  1.0000000e-003
  2.2756000e+004  7.4900000e+001 -1.6380000e+000  1.0000000e-003
  2.2776000e+004  7.4600000e+001 -1.6380000e+000  1.0000000e-003
  2.2796000e+004  7.4600000e+001 -1.6380000e+000  1.0000000e-003
  2.2816000e+004  7.3800000e+001 -1.6380000e+000  1.0000000e-003
  2.2836000e+004  7.3700000e+001 -1.6380000e+000  1.0000000e-003
  2.2856000e+004  7.3300000e+001 -1.6380000e+000  1.0000000e-003
  2.2876000e+004  7.3200000e+001 -1.6380000e+000  1.0000000e-003
  2.2896000e+004  7.3000000e+001 -1.6380000e+000  1.0000000e-003
  2.2916000e+004  7.2600000e+001 -1.6380000e+000  1.0000000e-003
  2.2936000e+004  7.2300000e+001 -1.6380000e+000  1.0000000e-003
  2.2956000e+004  7.1900000e+001 -1.6380000e+000  1.0000000e-003
  2.2976000e+004  7.1700000e+001 -1.6380000e+000  1.0000000e-003
  2.2996000e+004  7.1200000e+001 -1.6380000e+000  1.0000000e-003
  2.3016000e+004  7.1000000e+001 -1.6380000e+000  1.0000000e-003
  2.3036000e+004  7.1000000e+001 -1.6380000e+000  1.0000000e-003
  2.3056000e+004  7.0700000e+001 -1.6380000e+000  1.0000000e-003
  2.3076000e+004  7.0700000e+001 -1.6380000e+000  1.0000000e-003
  2.3096000e+004  7.0200000e+001 -1.6380000e+000  1.0000000e-003
  2.3116000e+004  7.0300000e+001 -1.6380000e+000  1.0000000e-003
  2.3136000e+004  7.0000000e+001 -1.6380000e+000  1.0000000e-003
  2.3156000e+004  6.9800000e+001 -1.6380000e+000  1.0000000e-003
  2.3176000e+004  6.9500000e+001 -1.6380000e+000  1.0000000e-003
  2.3196000e+004  6.9300000e+001 -1.6380000e+000  1.0000000e-003
  2.3216000e+004  6.8600000e+001 -1.6380000e+000  1.0000000e-003
  2.3236000e+004  6.8300000e+001 -1.6380000e+000  1.0000000e-003
  2.3256000e+004  6.8300000e+001 -1.6380000e+000  1.0000000e-003
  2.3276000e+004  6.8300000e+001 -1.6380000e+000  1.0000000e-003
  2.3296000e+004  6.7900000e+001 -1.6380000e+000  1.0000000e-003
  2.3316000e+004  6.7700000e+001 -1.6380000e+000  1.0000000e-003
  2.3336000e+004  6.7400000e+001 -1.6380000e+000  1.0000000e-003
  2.3356000e+004  6.6800000e+001 -1.6380000e+000  1.0000000e-003
  2.3376000e+004  6.6500000e+001 -1.6380000e+000  1.0000000e-003
  2.3396000e+004  6.6500000e+001 -1.6390000e+000  1.0000000e-003
  2.3416000e+004  6.6300000e+001 -1.6390000e+000  1.0000000e-003
  2.3436000e+004  6.6200000e+001 -1.6390000e+000  1.0000000e-003
  2.3456000e+004  6.6000000e+001 -1.6390000e+000  1.0000000e-003
  2.3476000e+004  6.5400000e+001 -1.6390000e+000  1.0000000e-003
  2.3496000e+004  6.5400000e+001 -1.6390000e+000  1.0000000e-003
  2.3516000e+004  6.5300000e+001 -1.6390000e+000  1.0000000e-003
  2.3536000e+004  6.4900000e+001 -1.6390000e+000  1.0000000e-003
  2.3556000e+004  6.4900000e+001 -1.6390000e+000  1.0000000e-003
  2.3576000e+004  6.4800000e+001 -1.6390000e+000  1.0000000e-003
  2.3596000e+004  6.4200000e+001 -1.6390000e+000  1.0000000e-003
  2.3616000e+004  6.4100000e+001 -1.6390000e+000  1.0000000e-003
  2.3636000e+004  6.4100000e+001 -1.6390000e+000  1.0000000e-003
  2.3656000e+004  6.3200000e+001 -1.6390000e+000  1.0000000e-003
  2.3676000e+004  6.3300000e+001 -1.6390000e+000  1.0000000e-003
  2.3696000e+004  6.3200000e+001 -1.6390000e+000  1.0000000e-003
  2.3716000e+004  6.3000000e+001 -1.6390000e+000  1.0000000e-003
  2.3736000e+004  6.2600000e+001 -1.6390000e+000  1.0000000e-003
  2.3756000e+004  6.2300000e+001 -1.6390000e+000  1.0000000e-003
  2.3776000e+004  6.2300000e+001 -1.6390000e+000  1.0000000e-003
  2.3796000e+004  6.2000000e+001 -1.6390000e+000  1.0000000e-003
  2.3816000e+004  6.1800000e+001 -1.6390000e+000  1.0000000e-003
  2.3836000e+004  6.1800000e+001 -1.6390000e+000  1.0000000e-003
  2.3856000e+004  6.1400000e+001 -1.6390000e+000  1.0000000e-003
  2.3876000e+004  6.1300000e+001 -1.6390000e+000  1.0000000e-003
  2.3896000e+004  6.0900000e+001 -1.6390000e+000  1.0000000e-003
  2.3916000e+004  6.0600000e+001 -1.6390000e+000  1.0000000e-003
  2.3936000e+004  6.0200000e+001 -1.6390000e+000  1.0000000e-003
  2.3956000e+004  6.0200000e+001 -1.6390000e+000  1.0000000e-003
  2.3976000e+004  6.0200000e+001 -1.6390000e+000  1.0000000e-003
  2.3996000e+004  6.0000000e+001 -1.6390000e+000  1.0000000e-003
  2.4016000e+004  5.9900000e+001 -1.6390000e+000  1.0000000e-003
  2.4036000e+004  5.9700000e+001 -1.6390000e+000  1.0000000e-003
  2.4056000e+004  5.9900000e+001 -1.6390000e+000  1.0000000e-003
  2.4076000e+004  5.9700000e+001 -1.6390000e+000  1.0000000e-003
  2.4096000e+004  5.9300000e+001 -1.6400000e+000  1.0000000e-003
  2.4116000e+004  5.9200000e+001 -1.6400000e+000  1.0000000e-003
  2.4136000e+004  5.9000000e+001 -1.6400000e+000  1.0000000e-003
  2.4156000e+004  5.8800000e+001 -1.6400000e+000  1.0000000e-003
  2.4176000e+004  5.8600000e+001 -1.6400000e+000  1.0000000e-003
  2.4196000e+004  5.8300000e+001 -1.6400000e+000  1.0000000e-003
  2.4216000e+004  5.7800000e+001 -1.6400000e+000  1.0000000e-003
  2.4236000e+004  5.7800000e+001 -1.6400000e+000  1.0000000e-003
  2.4256000e+004  5.7200000e+001 -1.6400000e+000  1.0000000e-003
  2.4276000e+004  5.7200000e+001 -1.6400000e+000  1.0000000e-003
  2.4296000e+004  5.7000000e+001 -1.6400000e+000  1.0000000e-003
  2.4316000e+004  5.7200000e+001 -1.6400000e+000  1.0000000e-003
  2.4336000e+004  5.6700000e+001 -1.6400000e+000  1.0000000e-003
  2.4356000e+004  5.6700000e+001 -1.6400000e+000  1.0000000e-003
  2.4376000e+004  5.6400000e+001 -1.6400000e+000  1.0000000e-003
  2.4396000e+004  5.6400000e+001 -1.6410000e+000  1.0000000e-003
  2.4416000e+004  5.6000000e+001 -1.6410000e+000  1.0000000e-003
  2.4436000e+004  5.5800000e+001 -1.6410000e+000  1.0000000e-003
  2.4456000e+004  5.5700000e+001 -1.6410000e+000  1.0000000e-003
  2.4476000e+004  5.5700000e+001 -1.6410000e+000  1.0000000e-003
  2.4496000e+004  5.5000000e+001 -1.6410000e+000  1.0000000e-003
  2.4516000e+004  5.5100000e+001 -1.6410000e+000  1.0000000e-003
  2.4536000e+004  5.4800000e+001 -1.6410000e+000  1.0000000e-003
  2.4556000e+004  5.4600000e+001 -1.6410000e+000  1.0000000e-003
  2.4576000e+004  5.4300000e+001 -1.6410000e+000  1.0000000e-003
  2.4596000e+004  5.4400000e+001 -1.6410000e+000  1.0000000e-003
  2.4616000e+004  5.4300000e+001 -1.6410000e+000  1.0000000e-003
  2.4636000e+004  5.3700000e+001 -1.6410000e+000  1.0000000e-003
  2.4656000e+004  5.3700000e+001 -1.6410000e+000  1.0000000e-003
  2.4676000e+004  5.3700000e+001 -1.6410000e+000  1.0000000e-003
  2.4696000e+004  5.3500000e+001 -1.6410000e+000  1.0000000e-003
  2.4716000e+004  5.3000000e+001 -1.6410000e+000  1.0000000e-003
  2.4736000e+004  5.3200000e+001 -1.6410000e+000  1.0000000e-003
  2.4756000e+004  5.3000000e+001 -1.6410000e+000  1.0000000e-003
  2.4776000e+004  5.2700000e+001 -1.6410000e+000  1.0000000e-003
  2.4796000e+004  5.2700000e+001 -1.6410000e+000  1.0000000e-003
  2.4816000e+004  5.2700000e+001 -1.6410000e+000  1.0000000e-003
  2.4836000e+004  5.2500000e+001 -1.6410000e+000  1.0000000e-003
  2.4856000e+004  5.2000000e+001 -1.6410000e+000  1.0000000e-003
  2.4876000e+004  5.2000000e+001 -1.6410000e+000  1.0000000e-003
  2.4896000e+004  5.2000000e+001 -1.6410000e+000  1.0000000e-003
  2.4916000e+004  5.1600000e+001 -1.6400000e+000  1.0000000e-003
  2.4936000e+004  5.1500000e+001 -1.6400000e+000  1.0000000e-003
  2.4956000e+004  5.1300000e+001 -1.6400000e+000  1.0000000e-003
  2.4976000e+004  5.0900000e+001 -1.6400000e+000  1.0000000e-003
  2.4996000e+004  5.1100000e+001 -1.6400000e+000  1.0000000e-003
  2.5016000e+004  5.0900000e+001 -1.6400000e+000  1.0000000e-003
  2.5036000e+004  5.0800000e+001 -1.6400000e+000  1.0000000e-003
  2.5056000e+004  5.0400000e+001 -1.6400000e+000  1.0000000e-003
  2.5076000e+004  5.0400000e+001 -1.6400000e+000  1.0000000e-003
  2.5096000e+004  5.0600000e+001 -1.6400000e+000  1.0000000e-003
  2.5116000e+004  5.0200000e+001 -1.6400000e+000  1.0000000e-003
  2.5136000e+004  5.0000000e+001 -1.6400000e+000  1.0000000e-003
  2.5156000e+004  5.0000000e+001 -1.6400000e+000  1.0000000e-003
  2.5176000e+004  5.0000000e+001 -1.6400000e+000  1.0000000e-003
  2.5196000e+004  4.9700000e+001 -1.6400000e+000  1.0000000e-003
  2.5216000e+004  4.9900000e+001 -1.6400000e+000  1.0000000e-003
  2.5236000e+004  4.9300000e+001 -1.6400000e+000  1.0000000e-003
  2.5256000e+004  4.8800000e+001 -1.6400000e+000  1.0000000e-003
  2.5276000e+004  4.9300000e+001 -1.6400000e+000  1.0000000e-003
  2.5296000e+004  4.8800000e+001 -1.6400000e+000  1.0000000e-003
  2.5316000e+004  4.8500000e+001 -1.6400000e+000  1.0000000e-003
  2.5336000e+004  4.8600000e+001 -1.6400000e+000  1.0000000e-003
  2.5356000e+004  4.8500000e+001 -1.6400000e+000  1.0000000e-003
  2.5376000e+004  4.8300000e+001 -1.6400000e+000  1.0000000e-003
  2.5396000e+004  4.7800000e+001 -1.6400000e+000  1.0000000e-003
  2.5416000e+004  4.8300000e+001 -1.6400000e+000  1.0000000e-003
  2.5436000e+004  4.8100000e+001 -1.6400000e+000  1.0000000e-003
  2.5456000e+004  4.7800000e+001 -1.6400000e+000  1.0000000e-003
  2.5476000e+004  4.7300000e+001 -1.6400000e+000  1.0000000e-003
  2.5496000e+004  4.7600000e+001 -1.6400000e+000  1.0000000e-003
  2.5516000e+004  4.7600000e+001 -1.6400000e+000  1.0000000e-003
  2.5536000e+004  4.7300000e+001 -1.6400000e+000  1.0000000e-003
  2.5556000e+004  4.7100000e+001 -1.6400000e+000  1.0000000e-003
  2.5576000e+004  4.7300000e+001 -1.6400000e+000  1.0000000e-003
  2.5596000e+004  4.7100000e+001 -1.6400000e+000  1.0000000e-003
  2.5616000e+004  4.6900000e+001 -1.6400000e+000  1.0000000e-003
  2.5636000e+004  4.6700000e+001 -1.6400000e+000  1.0000000e-003
  2.5656000e+004  4.6600000e+001 -1.6400000e+000  1.0000000e-003
  2.5676000e+004  4.6400000e+001 -1.6400000e+000  1.0000000e-003
  2.5696000e+004  4.6000000e+001 -1.6400000e+000  1.0000000e-003
  2.5716000e+004  4.5700000e+001 -1.6400000e+000  1.0000000e-003
  2.5736000e+004  4.5800000e+001 -1.6400000e+000  1.0000000e-003
  2.5756000e+004  4.5800000e+001 -1.6400000e+000  1.0000000e-003
  2.5776000e+004  4.5800000e+001 -1.6400000e+000  1.0000000e-003
  2.5796000e+004  4.5700000e+001 -1.6400000e+000  1.0000000e-003
  2.5816000e+004  4.5500000e+001 -1.6400000e+000  1.0000000e-003
  2.5836000e+004  4.5300000e+001 -1.6400000e+000  1.0000000e-003
  2.5856000e+004  4.5100000e+001 -1.6400000e+000  1.0000000e-003
  2.5876000e+004  4.4600000e+001 -1.6400000e+000  1.0000000e-003
  2.5896000e+004  4.4800000e+001 -1.6390000e+000  1.0000000e-003
  2.5916000e+004  4.4800000e+001 -1.6390000e+000  1.0000000e-003
  2.5936000e+004  4.4800000e+001 -1.6390000e+000  1.0000000e-003
  2.5956000e+004  4.4600000e+001 -1.6390000e+000  1.0000000e-003
  2.5976000e+004  4.4600000e+001 -1.6390000e+000  1.0000000e-003
  2.5996000e+004  4.4600000e+001 -1.6390000e+000  1.0000000e-003
  2.6016000e+004  4.4500000e+001 -1.6390000e+000  1.0000000e-003
  2.6036000e+004  4.4300000e+001 -1.6390000e+000  1.0000000e-003
  2.6056000e+004  4.3900000e+001 -1.6390000e+000  1.0000000e-003
  2.6076000e+004  4.3900000e+001 -1.6390000e+000  1.0000000e-003
  2.6096000e+004  4.3900000e+001 -1.6390000e+000  1.0000000e-003
  2.6116000e+004  4.3800000e+001 -1.6390000e+000  1.0000000e-003
  2.6136000e+004  4.3600000e+001 -1.6390000e+000  1.0000000e-003
  2.6156000e+004  4.3600000e+001 -1.6390000e+000  1.0000000e-003
  2.6176000e+004  4.3400000e+001 -1.6390000e+000  1.0000000e-003
  2.6196000e+004  4.3100000e+001 -1.6390000e+000  1.0000000e-003
  2.6216000e+004  4.2900000e+001 -1.6390000e+000  1.0000000e-003
  2.6236000e+004  4.3200000e+001 -1.6390000e+000  1.0000000e-003
  2.6256000e+004  4.2700000e+001 -1.6390000e+000  1.0000000e-003
  2.6276000e+004  4.2900000e+001 -1.6390000e+000  1.0000000e-003
  2.6296000e+004  4.2900000e+001 -1.6390000e+000  1.0000000e-003
  2.6316000e+004  4.2500000e+001 -1.6390000e+000  1.0000000e-003
  2.6336000e+004  4.2900000e+001 -1.6390000e+000  1.0000000e-003
  2.6356000e+004  4.2900000e+001 -1.6390000e+000  1.0000000e-003
  2.6376000e+004  4.2500000e+001 -1.6390000e+000  1.0000000e-003
  2.6396000e+004  4.2500000e+001 -1.6390000e+000  1.0000000e-003
  2.6416000e+004  4.2700000e+001 -1.6390000e+000  1.0000000e-003
  2.6436000e+004  4.2200000e+001 -1.6390000e+000  1.0000000e-003
  2.6456000e+004  4.2000000e+001 -1.6390000e+000  1.0000000e-003
  2.6476000e+004  4.2200000e+001 -1.6390000e+000  1.0000000e-003
  2.6496000e+004  4.1700000e+001 -1.6390000e+000  1.0000000e-003
  2.6516000e+004  4.2000000e+001 -1.6390000e+000  1.0000000e-003
  2.6536000e+004  4.1800000e+001 -1.6390000e+000  1.0000000e-003
  2.6556000e+004  4.1700000e+001 -1.6390000e+000  1.0000000e-003
  2.6576000e+004  4.1300000e+001 -1.6390000e+000  1.0000000e-003
  2.6596000e+004  4.1500000e+001 -1.6390000e+000  1.0000000e-003
  2.6616000e+004  4.1100000e+001 -1.6390000e+000  1.0000000e-003
  2.6636000e+004  4.1100000e+001 -1.6390000e+000  1.0000000e-003
  2.6656000e+004  4.1100000e+001 -1.6390000e+000  1.0000000e-003
  2.6676000e+004  4.0800000e+001 -1.6390000e+000  1.0000000e-003
  2.6696000e+004  4.1000000e+001 -1.6390000e+000  1.0000000e-003
  2.6716000e+004  4.1100000e+001 -1.6390000e+000  1.0000000e-003
  2.6736000e+004  4.1100000e+001 -1.6390000e+000  1.0000000e-003
  2.6756000e+004  4.0800000e+001 -1.6390000e+000  1.0000000e-003
  2.6776000e+004  4.0400000e+001 -1.6390000e+000  1.0000000e-003
  2.6796000e+004  4.0400000e+001 -1.6390000e+000  1.0000000e-003
  2.6816000e+004  4.0300000e+001 -1.6390000e+000  1.0000000e-003
  2.6836000e+004  4.0400000e+001 -1.6390000e+000  1.0000000e-003
  2.6856000e+004  4.0300000e+001 -1.6390000e+000  1.0000000e-003
  2.6876000e+004  4.0300000e+001 -1.6390000e+000  1.0000000e-003
  2.6896000e+004  3.9700000e+001 -1.6390000e+000  1.0000000e-003
  2.6916000e+004  3.9900000e+001 -1.6390000e+000  1.0000000e-003
  2.6936000e+004  3.9700000e+001 -1.6390000e+000  1.0000000e-003
  2.6956000e+004  3.9400000e+001 -1.6390000e+000  1.0000000e-003
  2.6976000e+004  3.9900000e+001 -1.6390000e+000  1.0000000e-003
  2.6996000e+004  3.9600000e+001 -1.6390000e+000  1.0000000e-003
  2.7016000e+004  3.9400000e+001 -1.6390000e+000  1.0000000e-003
  2.7036000e+004  3.9400000e+001 -1.6390000e+000  1.0000000e-003
  2.7056000e+004  3.9400000e+001 -1.6390000e+000  1.0000000e-003
  2.7076000e+004  3.9200000e+001 -1.6390000e+000  1.0000000e-003
  2.7096000e+004  3.9200000e+001 -1.6390000e+000  1.0000000e-003
  2.7116000e+004  3.9200000e+001 -1.6390000e+000  1.0000000e-003
  2.7136000e+004  3.9200000e+001 -1.6390000e+000  1.0000000e-003
  2.7156000e+004  3.8800000e+001 -1.6390000e+000  1.0000000e-003
  2.7176000e+004  3.9000000e+001 -1.6390000e+000  1.0000000e-003
  2.7196000e+004  3.8700000e+001 -1.6390000e+000  1.0000000e-003
  2.7216000e+004  3.8700000e+001 -1.6390000e+000  1.0000000e-003
  2.7236000e+004  3.8700000e+001 -1.6390000e+000  1.0000000e-003
  2.7256000e+004  3.8700000e+001 -1.6390000e+000  1.0000000e-003
  2.7276000e+004  3.8500000e+001 -1.6390000e+000  1.0000000e-003
  2.7296000e+004  3.8300000e+001 -1.6380000e+000  1.0000000e-003
  2.7316000e+004  3.8500000e+001 -1.6380000e+000  1.0000000e-003
  2.7336000e+004  3.8000000e+001 -1.6380000e+000  1.0000000e-003
  2.7356000e+004  3.8000000e+001 -1.6380000e+000  1.0000000e-003
  2.7376000e+004  3.8000000e+001 -1.6380000e+000  1.0000000e-003
  2.7396000e+004  3.7500000e+001 -1.6380000e+000  1.0000000e-003
  2.7416000e+004  3.8000000e+001 -1.6380000e+000  1.0000000e-003
  2.7436000e+004  3.7600000e+001 -1.6380000e+000  1.0000000e-003
  2.7456000e+004  3.7600000e+001 -1.6380000e+000  1.0000000e-003
  2.7476000e+004  3.7500000e+001 -1.6380000e+000  1.0000000e-003
  2.7496000e+004  3.7500000e+001 -1.6380000e+000  1.0000000e-003
  2.7516000e+004  3.7500000e+001 -1.6380000e+000  1.0000000e-003
  2.7536000e+004  3.7600000e+001 -1.6380000e+000  1.0000000e-003
  2.7556000e+004  3.7600000e+001 -1.6380000e+000  1.0000000e-003
  2.7576000e+004  3.7500000e+001 -1.6380000e+000  1.0000000e-003
  2.7596000e+004  3.7100000e+001 -1.6380000e+000  1.0000000e-003
  2.7616000e+004  3.7500000e+001 -1.6380000e+000  1.0000000e-003
  2.7636000e+004  3.6800000e+001 -1.6380000e+000  1.0000000e-003
  2.7656000e+004  3.7300000e+001 -1.6380000e+000  1.0000000e-003
  2.7676000e+004  3.6900000e+001 -1.6380000e+000  1.0000000e-003
  2.7696000e+004  3.7300000e+001 -1.6380000e+000  1.0000000e-003
  2.7716000e+004  3.6900000e+001 -1.6380000e+000  1.0000000e-003
  2.7736000e+004  3.6900000e+001 -1.6380000e+000  1.0000000e-003
  2.7756000e+004  3.6800000e+001 -1.6380000e+000  1.0000000e-003
  2.7776000e+004  3.6600000e+001 -1.6380000e+000  1.0000000e-003
  2.7796000e+004  3.6800000e+001 -1.6380000e+000  1.0000000e-003
  2.7816000e+004  3.6800000e+001 -1.6380000e+000  1.0000000e-003
  2.7836000e+004  3.6800000e+001 -1.6380000e+000  1.0000000e-003
  2.7856000e+004  3.6400000e+001 -1.6380000e+000  1.0000000e-003
  2.7876000e+004  3.6400000e+001 -1.6380000e+000  1.0000000e-003
  2.7896000e+004  3.6000000e+001 -1.6380000e+000  1.0000000e-003
  2.7916000e+004  3.6000000e+001 -1.6380000e+000  1.0000000e-003
  2.7936000e+004  3.5900000e+001 -1.6380000e+000  1.0000000e-003
  2.7956000e+004  3.6200000e+001 -1.6380000e+000  1.0000000e-003
  2.7976000e+004  3.6000000e+001 -1.6380000e+000  1.0000000e-003
  2.7996000e+004  3.5500000e+001 -1.6380000e+000  1.0000000e-003
  2.8016000e+004  3.5700000e+001 -1.6380000e+000  1.0000000e-003
  2.8036000e+004  3.5900000e+001 -1.6380000e+000  1.0000000e-003
  2.8056000e+004  3.5500000e+001 -1.6380000e+000  1.0000000e-003
  2.8076000e+004  3.5500000e+001 -1.6380000e+000  1.0000000e-003
  2.8096000e+004  3.5500000e+001 -1.6380000e+000  1.0000000e-003
  2.8116000e+004  3.4800000e+001 -1.6380000e+000  1.0000000e-003
  2.8136000e+004  3.5000000e+001 -1.6380000e+000  1.0000000e-003
  2.8156000e+004  3.4800000e+001 -1.6380000e+000  1.0000000e-003
  2.8176000e+004  3.5000000e+001 -1.6380000e+000  1.0000000e-003
  2.8196000e+004  3.5300000e+001 -1.6380000e+000  1.0000000e-003
  2.8216000e+004  3.5200000e+001 -1.6380000e+000  1.0000000e-003
  2.8236000e+004  3.5000000e+001 -1.6380000e+000  1.0000000e-003
  2.8256000e+004  3.5200000e+001 -1.6380000e+000  1.0000000e-003
  2.8276000e+004  3.5000000e+001 -1.6380000e+000  1.0000000e-003
  2.8296000e+004  3.5000000e+001 -1.6380000e+000  1.0000000e-003
  2.8316000e+004  3.5000000e+001 -1.6380000e+000  1.0000000e-003
  2.8336000e+004  3.5000000e+001 -1.6380000e+000  1.0000000e-003
  2.8356000e+004  3.5000000e+001 -1.6380000e+000  1.0000000e-003
  2.8376000e+004  3.5000000e+001 -1.6380000e+000  1.0000000e-003
  2.8396000e+004  3.4700000e+001 -1.6380000e+000  1.0000000e-003
  2.8416000e+004  3.4700000e+001 -1.6380000e+000  1.0000000e-003
  2.8436000e+004  3.4300000e+001 -1.6380000e+000  1.0000000e-003
  2.8456000e+004  3.4500000e+001 -1.6380000e+000  1.0000000e-003
  2.8476000e+004  3.4800000e+001 -1.6380000e+000  1.0000000e-003
  2.8496000e+004  3.4300000e+001 -1.6380000e+000  1.0000000e-003
  2.8516000e+004  3.4300000e+001 -1.6380000e+000  1.0000000e-003
  2.8536000e+004  3.4100000e+001 -1.6380000e+000  1.0000000e-003
  2.8556000e+004  3.4000000e+001 -1.6380000e+000  1.0000000e-003
  2.8576000e+004  3.4100000e+001 -1.6380000e+000  1.0000000e-003
  2.8596000e+004  3.4000000e+001 -1.6380000e+000  1.0000000e-003
  2.8616000e+004  3.4000000e+001 -1.6380000e+000  1.0000000e-003
  2.8636000e+004  3.4300000e+001 -1.6380000e+000  1.0000000e-003
  2.8656000e+004  3.3600000e+001 -1.6380000e+000  1.0000000e-003
  2.8676000e+004  3.3800000e+001 -1.6380000e+000  1.0000000e-003
  2.8696000e+004  3.3800000e+001 -1.6380000e+000  1.0000000e-003
  2.8716000e+004  3.4000000e+001 -1.6380000e+000  1.0000000e-003
  2.8736000e+004  3.4000000e+001 -1.6380000e+000  1.0000000e-003
  2.8756000e+004  3.3800000e+001 -1.6380000e+000  1.0000000e-003
  2.8776000e+004  3.3600000e+001 -1.6380000e+000  1.0000000e-003
  2.8796000e+004  3.3400000e+001 -1.6380000e+000  1.0000000e-003
  2.8816000e+004  3.3300000e+001 -1.6380000e+000  1.0000000e-003
  2.8836000e+004  3.3300000e+001 -1.6380000e+000  1.0000000e-003
  2.8856000e+004  3.3600000e+001 -1.6380000e+000  1.0000000e-003
  2.8876000e+004  3.3100000e+001 -1.6380000e+000  1.0000000e-003
  2.8896000e+004  3.3100000e+001 -1.6380000e+000  1.0000000e-003
  2.8916000e+004  3.2900000e+001 -1.6380000e+000  1.0000000e-003
  2.8936000e+004  3.3100000e+001 -1.6380000e+000  1.0000000e-003
  2.8956000e+004  3.2700000e+001 -1.6380000e+000  1.0000000e-003
  2.8976000e+004  3.3300000e+001 -1.6380000e+000  1.0000000e-003
  2.8996000e+004  3.2900000e+001 -1.6380000e+000  1.0000000e-003
  2.9016000e+004  3.2900000e+001 -1.6380000e+000  1.0000000e-003
  2.9036000e+004  3.2900000e+001 -1.6380000e+000  1.0000000e-003
  2.9056000e+004  3.2900000e+001 -1.6380000e+000  1.0000000e-003
  2.9076000e+004  3.2400000e+001 -1.6380000e+000  1.0000000e-003
  2.9096000e+004  3.2500000e+001 -1.6380000e+000  1.0000000e-003
  2.9116000e+004  3.2700000e+001 -1.6380000e+000  1.0000000e-003
  2.9136000e+004  3.2700000e+001 -1.6380000e+000  1.0000000e-003
  2.9156000e+004  3.2500000e+001 -1.6380000e+000  1.0000000e-003
  2.9176000e+004  3.2200000e+001 -1.6380000e+000  1.0000000e-003
  2.9196000e+004  3.2400000e+001 -1.6380000e+000  1.0000000e-003
  2.9216000e+004  3.2500000e+001 -1.6380000e+000  1.0000000e-003
  2.9236000e+004  3.2500000e+001 -1.6380000e+000  1.0000000e-003
  2.9256000e+004  3.2500000e+001 -1.6380000e+000  1.0000000e-003
  2.9276000e+004  3.2500000e+001 -1.6380000e+000  1.0000000e-003
  2.9296000e+004  3.2500000e+001 -1.6380000e+000  1.0000000e-003
  2.9316000e+004  3.2400000e+001 -1.6380000e+000  1.0000000e-003
  2.9336000e+004  3.2400000e+001 -1.6380000e+000  1.0000000e-003
  2.9356000e+004  3.2400000e+001 -1.6380000e+000  1.0000000e-003
  2.9376000e+004  3.2200000e+001 -1.6380000e+000  1.0000000e-003
  2.9396000e+004  3.2000000e+001 -1.6380000e+000  1.0000000e-003
  2.9416000e+004  3.2000000e+001 -1.6380000e+000  1.0000000e-003
  2.9436000e+004  3.2200000e+001 -1.6380000e+000  1.0000000e-003
  2.9456000e+004  3.2000000e+001 -1.6380000e+000  1.0000000e-003
  2.9476000e+004  3.2000000e+001 -1.6380000e+000  1.0000000e-003
  2.9496000e+004  3.1900000e+001 -1.6380000e+000  1.0000000e-003
  2.9516000e+004  3.1700000e+001 -1.6380000e+000  1.0000000e-003
