  2.7720000e+004  1.3942000e+003 -1.5310000e+000  1.0000000e-003
  2.7740000e+004  1.3934000e+003 -1.5330000e+000  1.0000000e-003
  2.7760000e+004  1.3913000e+003 -1.5340000e+000  1.0000000e-003
  2.7780000e+004  1.3895000e+003 -1.5350000e+000  1.0000000e-003
  2.7800000e+004  1.3874000e+003 -1.5360000e+000  1.0000000e-003
  2.7820000e+004  1.3843000e+003 -1.5370000e+000  1.0000000e-003
  2.7840000e+004  1.3816000e+003 -1.5380000e+000  1.0000000e-003
  2.7860000e+004  1.3783000e+003 -1.5390000e+000  1.0000000e-003
  2.7880000e+004  1.3753000e+003 -1.5400000e+000  1.0000000e-003
  2.7900000e+004  1.3720000e+003 -1.5410000e+000  1.0000000e-003
  2.7920000e+004  1.3689000e+003 -1.5410000e+000  1.0000000e-003
  2.7941000e+004  1.3660000e+003 -1.5420000e+000  1.0000000e-003
  2.7961000e+004  1.3625000e+003 -1.5420000e+000  1.0000000e-003
  2.7981000e+004  1.3592000e+003 -1.5430000e+000  1.0000000e-003
  2.8001000e+004  1.3559000e+003 -1.5430000e+000  1.0000000e-003
  2.8021000e+004  1.3526000e+003 -1.5440000e+000  1.0000000e-003
  2.8041000e+004  1.3493000e+003 -1.5440000e+000  1.0000000e-003
  2.8061000e+004  1.3461000e+003 -1.5450000e+000  1.0000000e-003
  2.8081000e+004  1.3429000e+003 -1.5450000e+000  1.0000000e-003
  2.8101000e+004  1.3398000e+003 -1.5460000e+000  1.0000000e-003
  2.8121000e+004  1.3365000e+003 -1.5460000e+000  1.0000000e-003
  2.8141000e+004  1.3330000e+003 -1.5470000e+000  1.0000000e-003
  2.8161000e+004  1.3298000e+003 -1.5470000e+000  1.0000000e-003
  2.8181000e+004  1.3265000e+003 -1.5480000e+000  1.0000000e-003
  2.8201000e+004  1.3233000e+003 -1.5480000e+000  1.0000000e-003
  2.8221000e+004  1.3202000e+003 -1.5480000e+000  1.0000000e-003
  2.8241000e+004  1.3169000e+003 -1.5490000e+000  1.0000000e-003
  2.8261000e+004  1.3135000e+003 -1.5490000e+000  1.0000000e-003
  2.8281000e+004  1.3102000e+003 -1.5490000e+000  1.0000000e-003
  2.8301000e+004  1.3069000e+003 -1.5500000e+000  1.0000000e-003
  2.8321000e+004  1.3038000e+003 -1.5500000e+000  1.0000000e-003
  2.8341000e+004  1.3008000e+003 -1.5500000e+000  1.0000000e-003
  2.8361000e+004  1.2974000e+003 -1.5510000e+000  1.0000000e-003
  2.8381000e+004  1.2941000e+003 -1.5510000e+000  1.0000000e-003
  2.8401000e+004  1.2908000e+003 -1.5510000e+000  1.0000000e-003
  2.8421000e+004  1.2877000e+003 -1.5510000e+000  1.0000000e-003
  2.8441000e+004  1.2843000e+003 -1.5510000e+000  1.0000000e-003
  2.8461000e+004  1.2808000e+003 -1.5520000e+000  1.0000000e-003
  2.8481000e+004  1.2780000e+003 -1.5520000e+000  1.0000000e-003
  2.8501000e+004  1.2749000e+003 -1.5520000e+000  1.0000000e-003
  2.8521000e+004  1.2716000e+003 -1.5520000e+000  1.0000000e-003
  2.8541000e+004  1.2686000e+003 -1.5530000e+000  1.0000000e-003
  2.8561000e+004  1.2651000e+003 -1.5530000e+000  1.0000000e-003
  2.8581000e+004  1.2617000e+003 -1.5530000e+000  1.0000000e-003
  2.8601000e+004  1.2583000e+003 -1.5530000e+000  1.0000000e-003
  2.8621000e+004  1.2551000e+003 -1.5530000e+000  1.0000000e-003
  2.8641000e+004  1.2519000e+003 -1.5540000e+000  1.0000000e-003
  2.8661000e+004  1.2490000e+003 -1.5540000e+000  1.0000000e-003
  2.8681000e+004  1.2458000e+003 -1.5540000e+000  1.0000000e-003
  2.8701000e+004  1.2423000e+003 -1.5540000e+000  1.0000000e-003
  2.8721000e+004  1.2393000e+003 -1.5550000e+000  1.0000000e-003
  2.8741000e+004  1.2360000e+003 -1.5550000e+000  1.0000000e-003
  2.8761000e+004  1.2325000e+003 -1.5550000e+000  1.0000000e-003
  2.8781000e+004  1.2296000e+003 -1.5550000e+000  1.0000000e-003
  2.8801000e+004  1.2266000e+003 -1.5560000e+000  1.0000000e-003
  2.8821000e+004  1.2233000e+003 -1.5560000e+000  1.0000000e-003
  2.8841000e+004  1.2198000e+003 -1.5560000e+000  1.0000000e-003
  2.8861000e+004  1.2166000e+003 -1.5560000e+000  1.0000000e-003
  2.8881000e+004  1.2136000e+003 -1.5570000e+000  1.0000000e-003
  2.8901000e+004  1.2103000e+003 -1.5570000e+000  1.0000000e-003
  2.8921000e+004  1.2077000e+003 -1.5570000e+000  1.0000000e-003
  2.8941000e+004  1.2042000e+003 -1.5570000e+000  1.0000000e-003
  2.8961000e+004  1.2012000e+003 -1.5580000e+000  1.0000000e-003
  2.8981000e+004  1.1979000e+003 -1.5580000e+000  1.0000000e-003
  2.9001000e+004  1.1946000e+003 -1.5580000e+000  1.0000000e-003
  2.9021000e+004  1.1912000e+003 -1.5590000e+000  1.0000000e-003
  2.9041000e+004  1.1881000e+003 -1.5590000e+000  1.0000000e-003
  2.9061000e+004  1.1851000e+003 -1.5590000e+000  1.0000000e-003
  2.9081000e+004  1.1818000e+003 -1.5590000e+000  1.0000000e-003
  2.9101000e+004  1.1784000e+003 -1.5600000e+000  1.0000000e-003
  2.9121000e+004  1.1753000e+003 -1.5600000e+000  1.0000000e-003
  2.9141000e+004  1.1720000e+003 -1.5600000e+000  1.0000000e-003
  2.9161000e+004  1.1687000e+003 -1.5600000e+000  1.0000000e-003
  2.9181000e+004  1.1657000e+003 -1.5600000e+000  1.0000000e-003
  2.9201000e+004  1.1623000e+003 -1.5610000e+000  1.0000000e-003
  2.9221000e+004  1.1592000e+003 -1.5610000e+000  1.0000000e-003
  2.9241000e+004  1.1559000e+003 -1.5610000e+000  1.0000000e-003
  2.9261000e+004  1.1529000e+003 -1.5610000e+000  1.0000000e-003
  2.9281000e+004  1.1496000e+003 -1.5610000e+000  1.0000000e-003
  2.9301000e+004  1.1464000e+003 -1.5620000e+000  1.0000000e-003
  2.9321000e+004  1.1434000e+003 -1.5620000e+000  1.0000000e-003
  2.9341000e+004  1.1403000e+003 -1.5620000e+000  1.0000000e-003
  2.9361000e+004  1.1370000e+003 -1.5620000e+000  1.0000000e-003
  2.9381000e+004  1.1338000e+003 -1.5620000e+000  1.0000000e-003
  2.9401000e+004  1.1305000e+003 -1.5620000e+000  1.0000000e-003
  2.9421000e+004  1.1272000e+003 -1.5630000e+000  1.0000000e-003
  2.9441000e+004  1.1242000e+003 -1.5630000e+000  1.0000000e-003
  2.9461000e+004  1.1212000e+003 -1.5630000e+000  1.0000000e-003
  2.9481000e+004  1.1181000e+003 -1.5630000e+000  1.0000000e-003
  2.9501000e+004  1.1148000e+003 -1.5640000e+000  1.0000000e-003
  2.9521000e+004  1.1116000e+003 -1.5640000e+000  1.0000000e-003
  2.9541000e+004  1.1083000e+003 -1.5640000e+000  1.0000000e-003
  2.9561000e+004  1.1051000e+003 -1.5640000e+000  1.0000000e-003
  2.9581000e+004  1.1018000e+003 -1.5640000e+000  1.0000000e-003
  2.9601000e+004  1.0987000e+003 -1.5640000e+000  1.0000000e-003
  2.9621000e+004  1.0957000e+003 -1.5650000e+000  1.0000000e-003
  2.9641000e+004  1.0922000e+003 -1.5650000e+000  1.0000000e-003
  2.9661000e+004  1.0892000e+003 -1.5650000e+000  1.0000000e-003
  2.9681000e+004  1.0859000e+003 -1.5650000e+000  1.0000000e-003
  2.9701000e+004  1.0826000e+003 -1.5650000e+000  1.0000000e-003
  2.9721000e+004  1.0794000e+003 -1.5660000e+000  1.0000000e-003
  2.9741000e+004  1.0763000e+003 -1.5660000e+000  1.0000000e-003
  2.9761000e+004  1.0731000e+003 -1.5660000e+000  1.0000000e-003
  2.9781000e+004  1.0703000e+003 -1.5660000e+000  1.0000000e-003
  2.9801000e+004  1.0670000e+003 -1.5670000e+000  1.0000000e-003
  2.9821000e+004  1.0635000e+003 -1.5670000e+000  1.0000000e-003
  2.9841000e+004  1.0603000e+003 -1.5670000e+000  1.0000000e-003
  2.9861000e+004  1.0572000e+003 -1.5670000e+000  1.0000000e-003
  2.9881000e+004  1.0540000e+003 -1.5680000e+000  1.0000000e-003
  2.9901000e+004  1.0511000e+003 -1.5680000e+000  1.0000000e-003
  2.9921000e+004  1.0477000e+003 -1.5680000e+000  1.0000000e-003
  2.9941000e+004  1.0446000e+003 -1.5680000e+000  1.0000000e-003
  2.9961000e+004  1.0414000e+003 -1.5680000e+000  1.0000000e-003
  2.9981000e+004  1.0381000e+003 -1.5690000e+000  1.0000000e-003
  3.0001000e+004  1.0349000e+003 -1.5690000e+000  1.0000000e-003
  3.0021000e+004  1.0316000e+003 -1.5690000e+000  1.0000000e-003
  3.0041000e+004  1.0288000e+003 -1.5700000e+000  1.0000000e-003
  3.0061000e+004  1.0255000e+003 -1.5700000e+000  1.0000000e-003
  3.0081000e+004  1.0222000e+003 -1.5700000e+000  1.0000000e-003
  3.0101000e+004  1.0192000e+003 -1.5700000e+000  1.0000000e-003
  3.0121000e+004  1.0161000e+003 -1.5700000e+000  1.0000000e-003
  3.0141000e+004  1.0129000e+003 -1.5710000e+000  1.0000000e-003
  3.0161000e+004  1.0098000e+003 -1.5710000e+000  1.0000000e-003
  3.0181000e+004  1.0068000e+003 -1.5710000e+000  1.0000000e-003
  3.0201000e+004  1.0036000e+003 -1.5710000e+000  1.0000000e-003
  3.0221000e+004  1.0005000e+003 -1.5710000e+000  1.0000000e-003
  3.0241000e+004  9.9730000e+002 -1.5720000e+000  1.0000000e-003
  3.0261000e+004  9.9400000e+002 -1.5720000e+000  1.0000000e-003
  3.0281000e+004  9.9100000e+002 -1.5720000e+000  1.0000000e-003
  3.0301000e+004  9.8790000e+002 -1.5720000e+000  1.0000000e-003
  3.0321000e+004  9.8470000e+002 -1.5730000e+000  1.0000000e-003
  3.0341000e+004  9.8160000e+002 -1.5730000e+000  1.0000000e-003
  3.0361000e+004  9.7830000e+002 -1.5730000e+000  1.0000000e-003
  3.0381000e+004  9.7510000e+002 -1.5730000e+000  1.0000000e-003
  3.0401000e+004  9.7180000e+002 -1.5730000e+000  1.0000000e-003
  3.0421000e+004  9.6860000e+002 -1.5740000e+000  1.0000000e-003
  3.0441000e+004  9.6550000e+002 -1.5740000e+000  1.0000000e-003
  3.0461000e+004  9.6250000e+002 -1.5740000e+000  1.0000000e-003
  3.0481000e+004  9.5940000e+002 -1.5740000e+000  1.0000000e-003
  3.0501000e+004  9.5620000e+002 -1.5740000e+000  1.0000000e-003
  3.0521000e+004  9.5290000e+002 -1.5750000e+000  1.0000000e-003
  3.0541000e+004  9.4970000e+002 -1.5750000e+000  1.0000000e-003
  3.0561000e+004  9.4660000e+002 -1.5750000e+000  1.0000000e-003
  3.0581000e+004  9.4340000e+002 -1.5750000e+000  1.0000000e-003
  3.0601000e+004  9.4050000e+002 -1.5760000e+000  1.0000000e-003
  3.0621000e+004  9.3730000e+002 -1.5760000e+000  1.0000000e-003
  3.0641000e+004  9.3400000e+002 -1.5760000e+000  1.0000000e-003
  3.0661000e+004  9.3100000e+002 -1.5760000e+000  1.0000000e-003
  3.0681000e+004  9.2790000e+002 -1.5760000e+000  1.0000000e-003
  3.0701000e+004  9.2430000e+002 -1.5770000e+000  1.0000000e-003
  3.0721000e+004  9.2120000e+002 -1.5770000e+000  1.0000000e-003
  3.0741000e+004  9.1820000e+002 -1.5770000e+000  1.0000000e-003
  3.0761000e+004  9.1510000e+002 -1.5770000e+000  1.0000000e-003
  3.0781000e+004  9.1210000e+002 -1.5770000e+000  1.0000000e-003
  3.0801000e+004  9.0880000e+002 -1.5780000e+000  1.0000000e-003
  3.0821000e+004  9.0560000e+002 -1.5780000e+000  1.0000000e-003
  3.0841000e+004  9.0250000e+002 -1.5780000e+000  1.0000000e-003
  3.0861000e+004  8.9930000e+002 -1.5780000e+000  1.0000000e-003
  3.0881000e+004  8.9620000e+002 -1.5790000e+000  1.0000000e-003
  3.0901000e+004  8.9300000e+002 -1.5790000e+000  1.0000000e-003
  3.0921000e+004  8.9000000e+002 -1.5790000e+000  1.0000000e-003
  3.0941000e+004  8.8710000e+002 -1.5790000e+000  1.0000000e-003
  3.0961000e+004  8.8380000e+002 -1.5790000e+000  1.0000000e-003
  3.0981000e+004  8.8080000e+002 -1.5790000e+000  1.0000000e-003
  3.1001000e+004  8.7760000e+002 -1.5800000e+000  1.0000000e-003
  3.1021000e+004  8.7450000e+002 -1.5800000e+000  1.0000000e-003
  3.1041000e+004  8.7110000e+002 -1.5800000e+000  1.0000000e-003
  3.1061000e+004  8.6830000e+002 -1.5800000e+000  1.0000000e-003
  3.1081000e+004  8.6520000e+002 -1.5800000e+000  1.0000000e-003
  3.1101000e+004  8.6200000e+002 -1.5810000e+000  1.0000000e-003
  3.1121000e+004  8.5870000e+002 -1.5810000e+000  1.0000000e-003
  3.1141000e+004  8.5580000e+002 -1.5810000e+000  1.0000000e-003
  3.1161000e+004  8.5240000e+002 -1.5810000e+000  1.0000000e-003
  3.1181000e+004  8.4930000e+002 -1.5810000e+000  1.0000000e-003
  3.1201000e+004  8.4630000e+002 -1.5810000e+000  1.0000000e-003
  3.1221000e+004  8.4310000e+002 -1.5820000e+000  1.0000000e-003
  3.1241000e+004  8.4000000e+002 -1.5820000e+000  1.0000000e-003
  3.1261000e+004  8.3670000e+002 -1.5820000e+000  1.0000000e-003
  3.1281000e+004  8.3350000e+002 -1.5820000e+000  1.0000000e-003
  3.1301000e+004  8.3050000e+002 -1.5820000e+000  1.0000000e-003
  3.1321000e+004  8.2740000e+002 -1.5830000e+000  1.0000000e-003
  3.1341000e+004  8.2440000e+002 -1.5830000e+000  1.0000000e-003
  3.1361000e+004  8.2130000e+002 -1.5830000e+000  1.0000000e-003
  3.1381000e+004  8.1830000e+002 -1.5830000e+000  1.0000000e-003
  3.1401000e+004  8.1500000e+002 -1.5830000e+000  1.0000000e-003
  3.1421000e+004  8.1180000e+002 -1.5840000e+000  1.0000000e-003
  3.1441000e+004  8.0890000e+002 -1.5840000e+000  1.0000000e-003
  3.1461000e+004  8.0570000e+002 -1.5840000e+000  1.0000000e-003
  3.1481000e+004  8.0310000e+002 -1.5840000e+000  1.0000000e-003
  3.1501000e+004  7.9960000e+002 -1.5840000e+000  1.0000000e-003
  3.1521000e+004  7.9640000e+002 -1.5840000e+000  1.0000000e-003
  3.1541000e+004  7.9350000e+002 -1.5840000e+000  1.0000000e-003
  3.1561000e+004  7.9010000e+002 -1.5840000e+000  1.0000000e-003
  3.1581000e+004  7.8710000e+002 -1.5840000e+000  1.0000000e-003
  3.1601000e+004  7.8420000e+002 -1.5850000e+000  1.0000000e-003
  3.1621000e+004  7.8140000e+002 -1.5850000e+000  1.0000000e-003
  3.1641000e+004  7.7800000e+002 -1.5850000e+000  1.0000000e-003
  3.1661000e+004  7.7530000e+002 -1.5850000e+000  1.0000000e-003
  3.1681000e+004  7.7190000e+002 -1.5850000e+000  1.0000000e-003
  3.1701000e+004  7.6880000e+002 -1.5860000e+000  1.0000000e-003
  3.1721000e+004  7.6580000e+002 -1.5860000e+000  1.0000000e-003
  3.1741000e+004  7.6280000e+002 -1.5860000e+000  1.0000000e-003
  3.1761000e+004  7.5970000e+002 -1.5860000e+000  1.0000000e-003
  3.1781000e+004  7.5670000e+002 -1.5860000e+000  1.0000000e-003
  3.1801000e+004  7.5360000e+002 -1.5860000e+000  1.0000000e-003
  3.1821000e+004  7.5080000e+002 -1.5870000e+000  1.0000000e-003
  3.1841000e+004  7.4730000e+002 -1.5870000e+000  1.0000000e-003
  3.1861000e+004  7.4450000e+002 -1.5870000e+000  1.0000000e-003
  3.1881000e+004  7.4130000e+002 -1.5870000e+000  1.0000000e-003
  3.1901000e+004  7.3800000e+002 -1.5880000e+000  1.0000000e-003
  3.1921000e+004  7.3480000e+002 -1.5880000e+000  1.0000000e-003
  3.1941000e+004  7.3200000e+002 -1.5880000e+000  1.0000000e-003
  3.1961000e+004  7.2900000e+002 -1.5880000e+000  1.0000000e-003
  3.1981000e+004  7.2610000e+002 -1.5880000e+000  1.0000000e-003
  3.2001000e+004  7.2290000e+002 -1.5880000e+000  1.0000000e-003
  3.2021000e+004  7.2000000e+002 -1.5880000e+000  1.0000000e-003
  3.2041000e+004  7.1700000e+002 -1.5890000e+000  1.0000000e-003
  3.2061000e+004  7.1400000e+002 -1.5890000e+000  1.0000000e-003
  3.2081000e+004  7.1100000e+002 -1.5890000e+000  1.0000000e-003
  3.2101000e+004  7.0800000e+002 -1.5890000e+000  1.0000000e-003
  3.2121000e+004  7.0540000e+002 -1.5890000e+000  1.0000000e-003
  3.2141000e+004  7.0260000e+002 -1.5900000e+000  1.0000000e-003
  3.2161000e+004  6.9950000e+002 -1.5900000e+000  1.0000000e-003
  3.2181000e+004  6.9690000e+002 -1.5900000e+000  1.0000000e-003
  3.2201000e+004  6.9390000e+002 -1.5900000e+000  1.0000000e-003
  3.2221000e+004  6.9090000e+002 -1.5900000e+000  1.0000000e-003
  3.2241000e+004  6.8810000e+002 -1.5900000e+000  1.0000000e-003
  3.2261000e+004  6.8530000e+002 -1.5900000e+000  1.0000000e-003
  3.2281000e+004  6.8270000e+002 -1.5910000e+000  1.0000000e-003
  3.2301000e+004  6.8000000e+002 -1.5910000e+000  1.0000000e-003
  3.2321000e+004  6.7730000e+002 -1.5910000e+000  1.0000000e-003
  3.2341000e+004  6.7460000e+002 -1.5910000e+000  1.0000000e-003
  3.2361000e+004  6.7200000e+002 -1.5910000e+000  1.0000000e-003
  3.2381000e+004  6.6920000e+002 -1.5910000e+000  1.0000000e-003
  3.2401000e+004  6.6660000e+002 -1.5920000e+000  1.0000000e-003
  3.2421000e+004  6.6390000e+002 -1.5920000e+000  1.0000000e-003
  3.2441000e+004  6.6170000e+002 -1.5920000e+000  1.0000000e-003
  3.2461000e+004  6.5890000e+002 -1.5920000e+000  1.0000000e-003
  3.2481000e+004  6.5660000e+002 -1.5920000e+000  1.0000000e-003
  3.2501000e+004  6.5380000e+002 -1.5920000e+000  1.0000000e-003
  3.2521000e+004  6.5140000e+002 -1.5920000e+000  1.0000000e-003
  3.2541000e+004  6.4890000e+002 -1.5920000e+000  1.0000000e-003
  3.2561000e+004  6.4630000e+002 -1.5930000e+000  1.0000000e-003
  3.2581000e+004  6.4350000e+002 -1.5930000e+000  1.0000000e-003
  3.2601000e+004  6.4100000e+002 -1.5930000e+000  1.0000000e-003
  3.2621000e+004  6.3860000e+002 -1.5930000e+000  1.0000000e-003
  3.2641000e+004  6.3630000e+002 -1.5930000e+000  1.0000000e-003
  3.2661000e+004  6.3390000e+002 -1.5930000e+000  1.0000000e-003
  3.2681000e+004  6.3120000e+002 -1.5940000e+000  1.0000000e-003
  3.2701000e+004  6.2880000e+002 -1.5940000e+000  1.0000000e-003
  3.2721000e+004  6.2630000e+002 -1.5940000e+000  1.0000000e-003
  3.2741000e+004  6.2390000e+002 -1.5940000e+000  1.0000000e-003
  3.2761000e+004  6.2140000e+002 -1.5940000e+000  1.0000000e-003
  3.2781000e+004  6.1900000e+002 -1.5940000e+000  1.0000000e-003
  3.2801000e+004  6.1650000e+002 -1.5940000e+000  1.0000000e-003
  3.2821000e+004  6.1440000e+002 -1.5950000e+000  1.0000000e-003
  3.2841000e+004  6.1210000e+002 -1.5950000e+000  1.0000000e-003
  3.2861000e+004  6.0970000e+002 -1.5950000e+000  1.0000000e-003
  3.2881000e+004  6.0740000e+002 -1.5950000e+000  1.0000000e-003
  3.2901000e+004  6.0520000e+002 -1.5950000e+000  1.0000000e-003
  3.2921000e+004  6.0270000e+002 -1.5960000e+000  1.0000000e-003
  3.2941000e+004  6.0030000e+002 -1.5960000e+000  1.0000000e-003
  3.2961000e+004  5.9800000e+002 -1.5960000e+000  1.0000000e-003
  3.2981000e+004  5.9570000e+002 -1.5960000e+000  1.0000000e-003
  3.3001000e+004  5.9340000e+002 -1.5960000e+000  1.0000000e-003
  3.3021000e+004  5.9130000e+002 -1.5970000e+000  1.0000000e-003
  3.3041000e+004  5.8920000e+002 -1.5970000e+000  1.0000000e-003
  3.3061000e+004  5.8700000e+002 -1.5970000e+000  1.0000000e-003
  3.3081000e+004  5.8470000e+002 -1.5970000e+000  1.0000000e-003
  3.3101000e+004  5.8260000e+002 -1.5970000e+000  1.0000000e-003
  3.3121000e+004  5.8050000e+002 -1.5980000e+000  1.0000000e-003
  3.3141000e+004  5.7820000e+002 -1.5980000e+000  1.0000000e-003
  3.3161000e+004  5.7590000e+002 -1.5980000e+000  1.0000000e-003
  3.3181000e+004  5.7360000e+002 -1.5980000e+000  1.0000000e-003
  3.3201000e+004  5.7150000e+002 -1.5980000e+000  1.0000000e-003
  3.3221000e+004  5.6950000e+002 -1.5980000e+000  1.0000000e-003
  3.3241000e+004  5.6730000e+002 -1.5990000e+000  1.0000000e-003
  3.3261000e+004  5.6540000e+002 -1.5990000e+000  1.0000000e-003
  3.3281000e+004  5.6330000e+002 -1.5990000e+000  1.0000000e-003
  3.3301000e+004  5.6120000e+002 -1.5990000e+000  1.0000000e-003
  3.3321000e+004  5.5910000e+002 -1.5990000e+000  1.0000000e-003
  3.3341000e+004  5.5700000e+002 -1.6000000e+000  1.0000000e-003
  3.3361000e+004  5.5490000e+002 -1.6000000e+000  1.0000000e-003
  3.3381000e+004  5.5280000e+002 -1.6000000e+000  1.0000000e-003
  3.3401000e+004  5.5050000e+002 -1.6000000e+000  1.0000000e-003
  3.3421000e+004  5.4860000e+002 -1.6000000e+000  1.0000000e-003
  3.3441000e+004  5.4650000e+002 -1.6000000e+000  1.0000000e-003
  3.3461000e+004  5.4440000e+002 -1.6000000e+000  1.0000000e-003
  3.3481000e+004  5.4250000e+002 -1.6010000e+000  1.0000000e-003
  3.3501000e+004  5.4040000e+002 -1.6010000e+000  1.0000000e-003
  3.3521000e+004  5.3850000e+002 -1.6010000e+000  1.0000000e-003
  3.3541000e+004  5.3640000e+002 -1.6010000e+000  1.0000000e-003
  3.3561000e+004  5.3450000e+002 -1.6010000e+000  1.0000000e-003
  3.3581000e+004  5.3230000e+002 -1.6010000e+000  1.0000000e-003
  3.3601000e+004  5.3030000e+002 -1.6010000e+000  1.0000000e-003
  3.3621000e+004  5.2820000e+002 -1.6010000e+000  1.0000000e-003
  3.3641000e+004  5.2620000e+002 -1.6020000e+000  1.0000000e-003
  3.3686000e+004  5.2170000e+002 -1.6020000e+000  1.0000000e-003
  3.3706000e+004  5.1990000e+002 -1.6020000e+000  1.0000000e-003
  3.3726000e+004  5.1780000e+002 -1.6020000e+000  1.0000000e-003
  3.3746000e+004  5.1610000e+002 -1.6020000e+000  1.0000000e-003
  3.3766000e+004  5.1410000e+002 -1.6020000e+000  1.0000000e-003
  3.3786000e+004  5.1200000e+002 -1.6020000e+000  1.0000000e-003
  3.3806000e+004  5.1010000e+002 -1.6030000e+000  1.0000000e-003
  3.3826000e+004  5.0840000e+002 -1.6030000e+000  1.0000000e-003
  3.3846000e+004  5.0630000e+002 -1.6030000e+000  1.0000000e-003
  3.3866000e+004  5.0430000e+002 -1.6030000e+000  1.0000000e-003
  3.3886000e+004  5.0240000e+002 -1.6030000e+000  1.0000000e-003
  3.3906000e+004  5.0030000e+002 -1.6030000e+000  1.0000000e-003
  3.3926000e+004  4.9860000e+002 -1.6030000e+000  1.0000000e-003
  3.3946000e+004  4.9680000e+002 -1.6030000e+000  1.0000000e-003
  3.3966000e+004  4.9510000e+002 -1.6040000e+000  1.0000000e-003
  3.3986000e+004  4.9300000e+002 -1.6040000e+000  1.0000000e-003
  3.4006000e+004  4.9120000e+002 -1.6040000e+000  1.0000000e-003
  3.4026000e+004  4.8960000e+002 -1.6040000e+000  1.0000000e-003
  3.4046000e+004  4.8770000e+002 -1.6040000e+000  1.0000000e-003
  3.4066000e+004  4.8580000e+002 -1.6040000e+000  1.0000000e-003
  3.4086000e+004  4.8440000e+002 -1.6040000e+000  1.0000000e-003
  3.4106000e+004  4.8250000e+002 -1.6040000e+000  1.0000000e-003
  3.4126000e+004  4.8050000e+002 -1.6040000e+000  1.0000000e-003
  3.4146000e+004  4.7880000e+002 -1.6050000e+000  1.0000000e-003
  3.4166000e+004  4.7740000e+002 -1.6050000e+000  1.0000000e-003
  3.4186000e+004  4.7530000e+002 -1.6050000e+000  1.0000000e-003
  3.4206000e+004  4.7340000e+002 -1.6050000e+000  1.0000000e-003
  3.4226000e+004  4.7180000e+002 -1.6050000e+000  1.0000000e-003
  3.4246000e+004  4.7010000e+002 -1.6050000e+000  1.0000000e-003
  3.4267000e+004  4.6810000e+002 -1.6050000e+000  1.0000000e-003
  3.4287000e+004  4.6640000e+002 -1.6050000e+000  1.0000000e-003
  3.4307000e+004  4.6500000e+002 -1.6060000e+000  1.0000000e-003
  3.4327000e+004  4.6320000e+002 -1.6060000e+000  1.0000000e-003
  3.4347000e+004  4.6160000e+002 -1.6060000e+000  1.0000000e-003
  3.4367000e+004  4.5990000e+002 -1.6060000e+000  1.0000000e-003
  3.4387000e+004  4.5800000e+002 -1.6060000e+000  1.0000000e-003
  3.4407000e+004  4.5640000e+002 -1.6060000e+000  1.0000000e-003
  3.4427000e+004  4.5480000e+002 -1.6060000e+000  1.0000000e-003
  3.4447000e+004  4.5310000e+002 -1.6060000e+000  1.0000000e-003
  3.4467000e+004  4.5130000e+002 -1.6070000e+000  1.0000000e-003
  3.4487000e+004  4.4960000e+002 -1.6070000e+000  1.0000000e-003
  3.4507000e+004  4.4780000e+002 -1.6070000e+000  1.0000000e-003
  3.4527000e+004  4.4630000e+002 -1.6070000e+000  1.0000000e-003
  3.4547000e+004  4.4450000e+002 -1.6070000e+000  1.0000000e-003
  3.4567000e+004  4.4290000e+002 -1.6070000e+000  1.0000000e-003
  3.4587000e+004  4.4140000e+002 -1.6070000e+000  1.0000000e-003
  3.4607000e+004  4.3990000e+002 -1.6080000e+000  1.0000000e-003
  3.4627000e+004  4.3820000e+002 -1.6080000e+000  1.0000000e-003
  3.4647000e+004  4.3660000e+002 -1.6080000e+000  1.0000000e-003
  3.4667000e+004  4.3490000e+002 -1.6080000e+000  1.0000000e-003
  3.4687000e+004  4.3330000e+002 -1.6080000e+000  1.0000000e-003
  3.4707000e+004  4.3160000e+002 -1.6080000e+000  1.0000000e-003
  3.4727000e+004  4.2980000e+002 -1.6080000e+000  1.0000000e-003
  3.4747000e+004  4.2840000e+002 -1.6080000e+000  1.0000000e-003
  3.4767000e+004  4.2660000e+002 -1.6080000e+000  1.0000000e-003
  3.4787000e+004  4.2490000e+002 -1.6090000e+000  1.0000000e-003
  3.4807000e+004  4.2350000e+002 -1.6090000e+000  1.0000000e-003
  3.4827000e+004  4.2180000e+002 -1.6090000e+000  1.0000000e-003
  3.4847000e+004  4.2020000e+002 -1.6090000e+000  1.0000000e-003
  3.4867000e+004  4.1860000e+002 -1.6090000e+000  1.0000000e-003
  3.4887000e+004  4.1720000e+002 -1.6090000e+000  1.0000000e-003
  3.4907000e+004  4.1560000e+002 -1.6090000e+000  1.0000000e-003
  3.4927000e+004  4.1420000e+002 -1.6100000e+000  1.0000000e-003
  3.4947000e+004  4.1260000e+002 -1.6100000e+000  1.0000000e-003
  3.4967000e+004  4.1130000e+002 -1.6100000e+000  1.0000000e-003
  3.4987000e+004  4.0930000e+002 -1.6100000e+000  1.0000000e-003
  3.5007000e+004  4.0780000e+002 -1.6100000e+000  1.0000000e-003
  3.5027000e+004  4.0640000e+002 -1.6100000e+000  1.0000000e-003
  3.5047000e+004  4.0480000e+002 -1.6100000e+000  1.0000000e-003
  3.5067000e+004  4.0320000e+002 -1.6100000e+000  1.0000000e-003
  3.5087000e+004  4.0160000e+002 -1.6100000e+000  1.0000000e-003
  3.5107000e+004  4.0020000e+002 -1.6110000e+000  1.0000000e-003
  3.5127000e+004  3.9870000e+002 -1.6110000e+000  1.0000000e-003
  3.5147000e+004  3.9710000e+002 -1.6110000e+000  1.0000000e-003
  3.5167000e+004  3.9570000e+002 -1.6110000e+000  1.0000000e-003
  3.5187000e+004  3.9410000e+002 -1.6110000e+000  1.0000000e-003
  3.5207000e+004  3.9270000e+002 -1.6110000e+000  1.0000000e-003
  3.5227000e+004  3.9130000e+002 -1.6110000e+000  1.0000000e-003
  3.5247000e+004  3.8990000e+002 -1.6110000e+000  1.0000000e-003
  3.5267000e+004  3.8850000e+002 -1.6110000e+000  1.0000000e-003
  3.5287000e+004  3.8710000e+002 -1.6110000e+000  1.0000000e-003
  3.5307000e+004  3.8550000e+002 -1.6120000e+000  1.0000000e-003
  3.5327000e+004  3.8410000e+002 -1.6120000e+000  1.0000000e-003
  3.5347000e+004  3.8270000e+002 -1.6120000e+000  1.0000000e-003
  3.5367000e+004  3.8120000e+002 -1.6120000e+000  1.0000000e-003
  3.5387000e+004  3.7980000e+002 -1.6120000e+000  1.0000000e-003
  3.5407000e+004  3.7840000e+002 -1.6120000e+000  1.0000000e-003
  3.5427000e+004  3.7680000e+002 -1.6120000e+000  1.0000000e-003
  3.5447000e+004  3.7540000e+002 -1.6120000e+000  1.0000000e-003
  3.5467000e+004  3.7410000e+002 -1.6130000e+000  1.0000000e-003
  3.5487000e+004  3.7260000e+002 -1.6130000e+000  1.0000000e-003
  3.5507000e+004  3.7120000e+002 -1.6130000e+000  1.0000000e-003
  3.5527000e+004  3.6980000e+002 -1.6130000e+000  1.0000000e-003
  3.5547000e+004  3.6850000e+002 -1.6130000e+000  1.0000000e-003
  3.5567000e+004  3.6710000e+002 -1.6130000e+000  1.0000000e-003
  3.5587000e+004  3.6590000e+002 -1.6130000e+000  1.0000000e-003
  3.5607000e+004  3.6470000e+002 -1.6130000e+000  1.0000000e-003
  3.5627000e+004  3.6330000e+002 -1.6130000e+000  1.0000000e-003
  3.5647000e+004  3.6190000e+002 -1.6130000e+000  1.0000000e-003
  3.5667000e+004  3.6050000e+002 -1.6130000e+000  1.0000000e-003
  3.5687000e+004  3.5910000e+002 -1.6140000e+000  1.0000000e-003
  3.5707000e+004  3.5770000e+002 -1.6140000e+000  1.0000000e-003
  3.5727000e+004  3.5650000e+002 -1.6140000e+000  1.0000000e-003
  3.5747000e+004  3.5510000e+002 -1.6140000e+000  1.0000000e-003
  3.5767000e+004  3.5370000e+002 -1.6140000e+000  1.0000000e-003
  3.5787000e+004  3.5240000e+002 -1.6140000e+000  1.0000000e-003
  3.5807000e+004  3.5100000e+002 -1.6140000e+000  1.0000000e-003
  3.5827000e+004  3.4960000e+002 -1.6140000e+000  1.0000000e-003
  3.5847000e+004  3.4840000e+002 -1.6140000e+000  1.0000000e-003
  3.5867000e+004  3.4700000e+002 -1.6140000e+000  1.0000000e-003
  3.5887000e+004  3.4560000e+002 -1.6150000e+000  1.0000000e-003
  3.5907000e+004  3.4420000e+002 -1.6150000e+000  1.0000000e-003
  3.5927000e+004  3.4300000e+002 -1.6150000e+000  1.0000000e-003
  3.5947000e+004  3.4180000e+002 -1.6150000e+000  1.0000000e-003
  3.5967000e+004  3.4050000e+002 -1.6150000e+000  1.0000000e-003
  3.5987000e+004  3.3930000e+002 -1.6150000e+000  1.0000000e-003
  3.6007000e+004  3.3790000e+002 -1.6150000e+000  1.0000000e-003
  3.6027000e+004  3.3650000e+002 -1.6150000e+000  1.0000000e-003
  3.6047000e+004  3.3530000e+002 -1.6150000e+000  1.0000000e-003
  3.6067000e+004  3.3390000e+002 -1.6160000e+000  1.0000000e-003
  3.6087000e+004  3.3270000e+002 -1.6160000e+000  1.0000000e-003
  3.6107000e+004  3.3130000e+002 -1.6160000e+000  1.0000000e-003
  3.6127000e+004  3.3010000e+002 -1.6160000e+000  1.0000000e-003
  3.6147000e+004  3.2860000e+002 -1.6160000e+000  1.0000000e-003
  3.6167000e+004  3.2740000e+002 -1.6160000e+000  1.0000000e-003
  3.6187000e+004  3.2620000e+002 -1.6160000e+000  1.0000000e-003
  3.6207000e+004  3.2480000e+002 -1.6160000e+000  1.0000000e-003
  3.6227000e+004  3.2380000e+002 -1.6160000e+000  1.0000000e-003
  3.6247000e+004  3.2240000e+002 -1.6160000e+000  1.0000000e-003
  3.6267000e+004  3.2110000e+002 -1.6160000e+000  1.0000000e-003
  3.6287000e+004  3.1990000e+002 -1.6170000e+000  1.0000000e-003
  3.6307000e+004  3.1850000e+002 -1.6170000e+000  1.0000000e-003
  3.6327000e+004  3.1750000e+002 -1.6170000e+000  1.0000000e-003
  3.6347000e+004  3.1620000e+002 -1.6170000e+000  1.0000000e-003
  3.6368000e+004  3.1520000e+002 -1.6170000e+000  1.0000000e-003
  3.6388000e+004  3.1400000e+002 -1.6170000e+000  1.0000000e-003
  3.6408000e+004  3.1270000e+002 -1.6170000e+000  1.0000000e-003
  3.6428000e+004  3.1150000e+002 -1.6170000e+000  1.0000000e-003
  3.6448000e+004  3.1030000e+002 -1.6170000e+000  1.0000000e-003
  3.6468000e+004  3.0900000e+002 -1.6180000e+000  1.0000000e-003
  3.6488000e+004  3.0800000e+002 -1.6180000e+000  1.0000000e-003
  3.6508000e+004  3.0680000e+002 -1.6180000e+000  1.0000000e-003
  3.6528000e+004  3.0550000e+002 -1.6180000e+000  1.0000000e-003
  3.6548000e+004  3.0410000e+002 -1.6180000e+000  1.0000000e-003
  3.6568000e+004  3.0310000e+002 -1.6180000e+000  1.0000000e-003
  3.6588000e+004  3.0190000e+002 -1.6180000e+000  1.0000000e-003
  3.6608000e+004  3.0080000e+002 -1.6180000e+000  1.0000000e-003
  3.6628000e+004  2.9940000e+002 -1.6180000e+000  1.0000000e-003
  3.6648000e+004  2.9840000e+002 -1.6180000e+000  1.0000000e-003
  3.6668000e+004  2.9730000e+002 -1.6190000e+000  1.0000000e-003
  3.6688000e+004  2.9610000e+002 -1.6190000e+000  1.0000000e-003
  3.6708000e+004  2.9490000e+002 -1.6190000e+000  1.0000000e-003
  3.6728000e+004  2.9380000e+002 -1.6190000e+000  1.0000000e-003
  3.6748000e+004  2.9280000e+002 -1.6190000e+000  1.0000000e-003
  3.6768000e+004  2.9160000e+002 -1.6190000e+000  1.0000000e-003
  3.6788000e+004  2.9070000e+002 -1.6190000e+000  1.0000000e-003
  3.6808000e+004  2.8980000e+002 -1.6190000e+000  1.0000000e-003
  3.6828000e+004  2.8860000e+002 -1.6190000e+000  1.0000000e-003
  3.6848000e+004  2.8750000e+002 -1.6190000e+000  1.0000000e-003
  3.6868000e+004  2.8650000e+002 -1.6190000e+000  1.0000000e-003
  3.6888000e+004  2.8520000e+002 -1.6190000e+000  1.0000000e-003
  3.6908000e+004  2.8400000e+002 -1.6200000e+000  1.0000000e-003
  3.6928000e+004  2.8300000e+002 -1.6200000e+000  1.0000000e-003
  3.6948000e+004  2.8190000e+002 -1.6200000e+000  1.0000000e-003
  3.6968000e+004  2.8090000e+002 -1.6200000e+000  1.0000000e-003
  3.6988000e+004  2.7960000e+002 -1.6200000e+000  1.0000000e-003
  3.7008000e+004  2.7860000e+002 -1.6200000e+000  1.0000000e-003
  3.7028000e+004  2.7760000e+002 -1.6200000e+000  1.0000000e-003
  3.7048000e+004  2.7650000e+002 -1.6200000e+000  1.0000000e-003
  3.7068000e+004  2.7540000e+002 -1.6200000e+000  1.0000000e-003
  3.7088000e+004  2.7460000e+002 -1.6200000e+000  1.0000000e-003
  3.7108000e+004  2.7330000e+002 -1.6200000e+000  1.0000000e-003
  3.7128000e+004  2.7210000e+002 -1.6210000e+000  1.0000000e-003
  3.7148000e+004  2.7140000e+002 -1.6210000e+000  1.0000000e-003
  3.7168000e+004  2.7000000e+002 -1.6210000e+000  1.0000000e-003
  3.7188000e+004  2.6880000e+002 -1.6210000e+000  1.0000000e-003
  3.7208000e+004  2.6790000e+002 -1.6210000e+000  1.0000000e-003
  3.7228000e+004  2.6690000e+002 -1.6210000e+000  1.0000000e-003
  3.7248000e+004  2.6580000e+002 -1.6210000e+000  1.0000000e-003
  3.7268000e+004  2.6510000e+002 -1.6210000e+000  1.0000000e-003
  3.7288000e+004  2.6390000e+002 -1.6210000e+000  1.0000000e-003
  3.7308000e+004  2.6290000e+002 -1.6210000e+000  1.0000000e-003
  3.7328000e+004  2.6200000e+002 -1.6210000e+000  1.0000000e-003
  3.7348000e+004  2.6090000e+002 -1.6210000e+000  1.0000000e-003
  3.7368000e+004  2.5970000e+002 -1.6210000e+000  1.0000000e-003
  3.7388000e+004  2.5860000e+002 -1.6210000e+000  1.0000000e-003
  3.7408000e+004  2.5760000e+002 -1.6210000e+000  1.0000000e-003
  3.7428000e+004  2.5650000e+002 -1.6220000e+000  1.0000000e-003
  3.7448000e+004  2.5550000e+002 -1.6220000e+000  1.0000000e-003
  3.7468000e+004  2.5480000e+002 -1.6220000e+000  1.0000000e-003
  3.7488000e+004  2.5340000e+002 -1.6220000e+000  1.0000000e-003
  3.7508000e+004  2.5230000e+002 -1.6220000e+000  1.0000000e-003
  3.7528000e+004  2.5130000e+002 -1.6220000e+000  1.0000000e-003
  3.7548000e+004  2.5030000e+002 -1.6220000e+000  1.0000000e-003
  3.7568000e+004  2.4960000e+002 -1.6220000e+000  1.0000000e-003
  3.7588000e+004  2.4830000e+002 -1.6220000e+000  1.0000000e-003
  3.7608000e+004  2.4730000e+002 -1.6220000e+000  1.0000000e-003
  3.7628000e+004  2.4620000e+002 -1.6220000e+000  1.0000000e-003
  3.7649000e+004  2.4520000e+002 -1.6220000e+000  1.0000000e-003
  3.7669000e+004  2.4450000e+002 -1.6230000e+000  1.0000000e-003
  3.7689000e+004  2.4310000e+002 -1.6230000e+000  1.0000000e-003
  3.7709000e+004  2.4240000e+002 -1.6230000e+000  1.0000000e-003
  3.7729000e+004  2.4130000e+002 -1.6230000e+000  1.0000000e-003
  3.7749000e+004  2.4030000e+002 -1.6230000e+000  1.0000000e-003
  3.7769000e+004  2.3960000e+002 -1.6230000e+000  1.0000000e-003
  3.7789000e+004  2.3830000e+002 -1.6230000e+000  1.0000000e-003
  3.7809000e+004  2.3770000e+002 -1.6230000e+000  1.0000000e-003
  3.7829000e+004  2.3660000e+002 -1.6230000e+000  1.0000000e-003
  3.7849000e+004  2.3610000e+002 -1.6230000e+000  1.0000000e-003
  3.7869000e+004  2.3490000e+002 -1.6230000e+000  1.0000000e-003
  3.7889000e+004  2.3410000e+002 -1.6230000e+000  1.0000000e-003
  3.7909000e+004  2.3310000e+002 -1.6230000e+000  1.0000000e-003
  3.7929000e+004  2.3210000e+002 -1.6230000e+000  1.0000000e-003
  3.7949000e+004  2.3100000e+002 -1.6240000e+000  1.0000000e-003
  3.7969000e+004  2.3030000e+002 -1.6240000e+000  1.0000000e-003
  3.7989000e+004  2.2940000e+002 -1.6240000e+000  1.0000000e-003
  3.8009000e+004  2.2860000e+002 -1.6240000e+000  1.0000000e-003
  3.8029000e+004  2.2730000e+002 -1.6240000e+000  1.0000000e-003
  3.8049000e+004  2.2630000e+002 -1.6240000e+000  1.0000000e-003
  3.8069000e+004  2.2570000e+002 -1.6240000e+000  1.0000000e-003
  3.8089000e+004  2.2470000e+002 -1.6240000e+000  1.0000000e-003
  3.8109000e+004  2.2370000e+002 -1.6240000e+000  1.0000000e-003
  3.8129000e+004  2.2290000e+002 -1.6240000e+000  1.0000000e-003
  3.8149000e+004  2.2210000e+002 -1.6240000e+000  1.0000000e-003
  3.8169000e+004  2.2100000e+002 -1.6240000e+000  1.0000000e-003
  3.8189000e+004  2.2010000e+002 -1.6250000e+000  1.0000000e-003
  3.8209000e+004  2.1910000e+002 -1.6250000e+000  1.0000000e-003
  3.8229000e+004  2.1860000e+002 -1.6250000e+000  1.0000000e-003
  3.8249000e+004  2.1750000e+002 -1.6250000e+000  1.0000000e-003
  3.8269000e+004  2.1670000e+002 -1.6250000e+000  1.0000000e-003
  3.8289000e+004  2.1560000e+002 -1.6250000e+000  1.0000000e-003
  3.8309000e+004  2.1510000e+002 -1.6250000e+000  1.0000000e-003
  3.8329000e+004  2.1440000e+002 -1.6250000e+000  1.0000000e-003
  3.8349000e+004  2.1330000e+002 -1.6250000e+000  1.0000000e-003
  3.8369000e+004  2.1230000e+002 -1.6250000e+000  1.0000000e-003
  3.8389000e+004  2.1160000e+002 -1.6250000e+000  1.0000000e-003
  3.8409000e+004  2.1090000e+002 -1.6250000e+000  1.0000000e-003
  3.8429000e+004  2.1000000e+002 -1.6260000e+000  1.0000000e-003
  3.8449000e+004  2.0950000e+002 -1.6260000e+000  1.0000000e-003
  3.8469000e+004  2.0840000e+002 -1.6260000e+000  1.0000000e-003
  3.8489000e+004  2.0770000e+002 -1.6260000e+000  1.0000000e-003
  3.8509000e+004  2.0680000e+002 -1.6260000e+000  1.0000000e-003
  3.8529000e+004  2.0600000e+002 -1.6260000e+000  1.0000000e-003
  3.8549000e+004  2.0540000e+002 -1.6260000e+000  1.0000000e-003
  3.8569000e+004  2.0460000e+002 -1.6260000e+000  1.0000000e-003
  3.8589000e+004  2.0370000e+002 -1.6260000e+000  1.0000000e-003
  3.8609000e+004  2.0280000e+002 -1.6260000e+000  1.0000000e-003
  3.8629000e+004  2.0190000e+002 -1.6260000e+000  1.0000000e-003
  3.8649000e+004  2.0110000e+002 -1.6260000e+000  1.0000000e-003
  3.8669000e+004  2.0040000e+002 -1.6260000e+000  1.0000000e-003
  3.8689000e+004  1.9970000e+002 -1.6270000e+000  1.0000000e-003
  3.8709000e+004  1.9850000e+002 -1.6270000e+000  1.0000000e-003
  3.8729000e+004  1.9780000e+002 -1.6270000e+000  1.0000000e-003
  3.8749000e+004  1.9690000e+002 -1.6270000e+000  1.0000000e-003
  3.8769000e+004  1.9650000e+002 -1.6270000e+000  1.0000000e-003
  3.8789000e+004  1.9510000e+002 -1.6270000e+000  1.0000000e-003
  3.8809000e+004  1.9410000e+002 -1.6270000e+000  1.0000000e-003
  3.8829000e+004  1.9360000e+002 -1.6270000e+000  1.0000000e-003
  3.8849000e+004  1.9270000e+002 -1.6270000e+000  1.0000000e-003
  3.8869000e+004  1.9160000e+002 -1.6270000e+000  1.0000000e-003
  3.8889000e+004  1.9130000e+002 -1.6270000e+000  1.0000000e-003
  3.8909000e+004  1.9060000e+002 -1.6270000e+000  1.0000000e-003
  3.8929000e+004  1.8930000e+002 -1.6270000e+000  1.0000000e-003
  3.8949000e+004  1.8900000e+002 -1.6270000e+000  1.0000000e-003
  3.8969000e+004  1.8780000e+002 -1.6270000e+000  1.0000000e-003
  3.8989000e+004  1.8710000e+002 -1.6280000e+000  1.0000000e-003
  3.9009000e+004  1.8620000e+002 -1.6280000e+000  1.0000000e-003
  3.9029000e+004  1.8530000e+002 -1.6280000e+000  1.0000000e-003
  3.9049000e+004  1.8520000e+002 -1.6280000e+000  1.0000000e-003
  3.9069000e+004  1.8460000e+002 -1.6280000e+000  1.0000000e-003
  3.9089000e+004  1.8320000e+002 -1.6280000e+000  1.0000000e-003
  3.9109000e+004  1.8270000e+002 -1.6280000e+000  1.0000000e-003
  3.9129000e+004  1.8180000e+002 -1.6280000e+000  1.0000000e-003
  3.9149000e+004  1.8130000e+002 -1.6280000e+000  1.0000000e-003
  3.9169000e+004  1.8090000e+002 -1.6280000e+000  1.0000000e-003
  3.9189000e+004  1.7970000e+002 -1.6280000e+000  1.0000000e-003
  3.9209000e+004  1.7920000e+002 -1.6280000e+000  1.0000000e-003
  3.9229000e+004  1.7830000e+002 -1.6280000e+000  1.0000000e-003
  3.9249000e+004  1.7760000e+002 -1.6280000e+000  1.0000000e-003
  3.9269000e+004  1.7710000e+002 -1.6290000e+000  1.0000000e-003
  3.9289000e+004  1.7640000e+002 -1.6290000e+000  1.0000000e-003
  3.9309000e+004  1.7540000e+002 -1.6290000e+000  1.0000000e-003
  3.9329000e+004  1.7500000e+002 -1.6290000e+000  1.0000000e-003
  3.9349000e+004  1.7430000e+002 -1.6290000e+000  1.0000000e-003
  3.9369000e+004  1.7380000e+002 -1.6290000e+000  1.0000000e-003
  3.9389000e+004  1.7290000e+002 -1.6290000e+000  1.0000000e-003
  3.9409000e+004  1.7200000e+002 -1.6290000e+000  1.0000000e-003
  3.9429000e+004  1.7150000e+002 -1.6290000e+000  1.0000000e-003
  3.9449000e+004  1.7060000e+002 -1.6290000e+000  1.0000000e-003
  3.9469000e+004  1.6970000e+002 -1.6290000e+000  1.0000000e-003
  3.9489000e+004  1.6920000e+002 -1.6290000e+000  1.0000000e-003
  3.9509000e+004  1.6830000e+002 -1.6290000e+000  1.0000000e-003
  3.9530000e+004  1.6780000e+002 -1.6290000e+000  1.0000000e-003
  3.9554000e+004  1.6690000e+002 -1.6300000e+000  1.0000000e-003
  3.9574000e+004  1.6610000e+002 -1.6300000e+000  1.0000000e-003
  3.9594000e+004  1.6570000e+002 -1.6300000e+000  1.0000000e-003
  3.9614000e+004  1.6470000e+002 -1.6300000e+000  1.0000000e-003
  3.9635000e+004  1.6430000e+002 -1.6300000e+000  1.0000000e-003
  3.9655000e+004  1.6340000e+002 -1.6300000e+000  1.0000000e-003
  3.9675000e+004  1.6310000e+002 -1.6300000e+000  1.0000000e-003
  3.9695000e+004  1.6240000e+002 -1.6300000e+000  1.0000000e-003
  3.9715000e+004  1.6170000e+002 -1.6300000e+000  1.0000000e-003
  3.9735000e+004  1.6100000e+002 -1.6310000e+000  1.0000000e-003
  3.9755000e+004  1.6010000e+002 -1.6310000e+000  1.0000000e-003
  3.9775000e+004  1.5960000e+002 -1.6310000e+000  1.0000000e-003
  3.9795000e+004  1.5890000e+002 -1.6310000e+000  1.0000000e-003
  3.9815000e+004  1.5820000e+002 -1.6310000e+000  1.0000000e-003
  3.9835000e+004  1.5730000e+002 -1.6310000e+000  1.0000000e-003
  3.9855000e+004  1.5710000e+002 -1.6320000e+000  1.0000000e-003
  3.9875000e+004  1.5660000e+002 -1.6320000e+000  1.0000000e-003
  3.9895000e+004  1.5570000e+002 -1.6320000e+000  1.0000000e-003
  3.9915000e+004  1.5540000e+002 -1.6320000e+000  1.0000000e-003
  3.9935000e+004  1.5470000e+002 -1.6320000e+000  1.0000000e-003
  3.9955000e+004  1.5400000e+002 -1.6320000e+000  1.0000000e-003
  3.9975000e+004  1.5380000e+002 -1.6320000e+000  1.0000000e-003
  3.9995000e+004  1.5280000e+002 -1.6320000e+000  1.0000000e-003
  4.0015000e+004  1.5240000e+002 -1.6320000e+000  1.0000000e-003
  4.0035000e+004  1.5170000e+002 -1.6320000e+000  1.0000000e-003
  4.0055000e+004  1.5140000e+002 -1.6320000e+000  1.0000000e-003
  4.0075000e+004  1.5080000e+002 -1.6320000e+000  1.0000000e-003
  4.0095000e+004  1.4980000e+002 -1.6320000e+000  1.0000000e-003
  4.0115000e+004  1.4960000e+002 -1.6330000e+000  1.0000000e-003
  4.0135000e+004  1.4880000e+002 -1.6330000e+000  1.0000000e-003
  4.0155000e+004  1.4820000e+002 -1.6330000e+000  1.0000000e-003
  4.0175000e+004  1.4740000e+002 -1.6330000e+000  1.0000000e-003
  4.0195000e+004  1.4700000e+002 -1.6330000e+000  1.0000000e-003
  4.0215000e+004  1.4650000e+002 -1.6330000e+000  1.0000000e-003
  4.0235000e+004  1.4600000e+002 -1.6330000e+000  1.0000000e-003
  4.0255000e+004  1.4540000e+002 -1.6330000e+000  1.0000000e-003
  4.0275000e+004  1.4440000e+002 -1.6330000e+000  1.0000000e-003
  4.0295000e+004  1.4390000e+002 -1.6330000e+000  1.0000000e-003
  4.0315000e+004  1.4330000e+002 -1.6330000e+000  1.0000000e-003
  4.0335000e+004  1.4260000e+002 -1.6330000e+000  1.0000000e-003
  4.0355000e+004  1.4210000e+002 -1.6330000e+000  1.0000000e-003
  4.0375000e+004  1.4140000e+002 -1.6330000e+000  1.0000000e-003
  4.0395000e+004  1.4090000e+002 -1.6330000e+000  1.0000000e-003
  4.0415000e+004  1.4050000e+002 -1.6330000e+000  1.0000000e-003
  4.0435000e+004  1.3980000e+002 -1.6330000e+000  1.0000000e-003
  4.0455000e+004  1.3900000e+002 -1.6330000e+000  1.0000000e-003
  4.0475000e+004  1.3840000e+002 -1.6330000e+000  1.0000000e-003
  4.0495000e+004  1.3770000e+002 -1.6330000e+000  1.0000000e-003
  4.0515000e+004  1.3760000e+002 -1.6330000e+000  1.0000000e-003
  4.0535000e+004  1.3670000e+002 -1.6330000e+000  1.0000000e-003
  4.0555000e+004  1.3650000e+002 -1.6330000e+000  1.0000000e-003
  4.0575000e+004  1.3580000e+002 -1.6330000e+000  1.0000000e-003
  4.0595000e+004  1.3490000e+002 -1.6330000e+000  1.0000000e-003
  4.0615000e+004  1.3460000e+002 -1.6330000e+000  1.0000000e-003
  4.0635000e+004  1.3420000e+002 -1.6330000e+000  1.0000000e-003
  4.0655000e+004  1.3390000e+002 -1.6330000e+000  1.0000000e-003
  4.0675000e+004  1.3300000e+002 -1.6330000e+000  1.0000000e-003
  4.0695000e+004  1.3250000e+002 -1.6330000e+000  1.0000000e-003
  4.0715000e+004  1.3210000e+002 -1.6330000e+000  1.0000000e-003
  4.0735000e+004  1.3140000e+002 -1.6330000e+000  1.0000000e-003
  4.0755000e+004  1.3070000e+002 -1.6330000e+000  1.0000000e-003
  4.0775000e+004  1.3040000e+002 -1.6330000e+000  1.0000000e-003
  4.0795000e+004  1.2970000e+002 -1.6330000e+000  1.0000000e-003
  4.0815000e+004  1.2900000e+002 -1.6330000e+000  1.0000000e-003
  4.0835000e+004  1.2840000e+002 -1.6330000e+000  1.0000000e-003
  4.0855000e+004  1.2790000e+002 -1.6330000e+000  1.0000000e-003
  4.0875000e+004  1.2780000e+002 -1.6330000e+000  1.0000000e-003
  4.0895000e+004  1.2720000e+002 -1.6330000e+000  1.0000000e-003
  4.0915000e+004  1.2690000e+002 -1.6330000e+000  1.0000000e-003
  4.0936000e+004  1.2620000e+002 -1.6330000e+000  1.0000000e-003
  4.0956000e+004  1.2570000e+002 -1.6330000e+000  1.0000000e-003
  4.0976000e+004  1.2500000e+002 -1.6330000e+000  1.0000000e-003
  4.0996000e+004  1.2500000e+002 -1.6330000e+000  1.0000000e-003
  4.1016000e+004  1.2440000e+002 -1.6330000e+000  1.0000000e-003
  4.1036000e+004  1.2370000e+002 -1.6330000e+000  1.0000000e-003
  4.1056000e+004  1.2300000e+002 -1.6330000e+000  1.0000000e-003
  4.1076000e+004  1.2280000e+002 -1.6330000e+000  1.0000000e-003
  4.1096000e+004  1.2270000e+002 -1.6330000e+000  1.0000000e-003
  4.1116000e+004  1.2200000e+002 -1.6330000e+000  1.0000000e-003
  4.1136000e+004  1.2160000e+002 -1.6330000e+000  1.0000000e-003
  4.1156000e+004  1.2090000e+002 -1.6330000e+000  1.0000000e-003
  4.1176000e+004  1.2080000e+002 -1.6330000e+000  1.0000000e-003
  4.1196000e+004  1.2020000e+002 -1.6330000e+000  1.0000000e-003
  4.1216000e+004  1.1970000e+002 -1.6330000e+000  1.0000000e-003
  4.1236000e+004  1.1930000e+002 -1.6330000e+000  1.0000000e-003
  4.1256000e+004  1.1880000e+002 -1.6330000e+000  1.0000000e-003
  4.1276000e+004  1.1850000e+002 -1.6330000e+000  1.0000000e-003
  4.1296000e+004  1.1810000e+002 -1.6330000e+000  1.0000000e-003
  4.1316000e+004  1.1740000e+002 -1.6330000e+000  1.0000000e-003
  4.1336000e+004  1.1690000e+002 -1.6330000e+000  1.0000000e-003
  4.1356000e+004  1.1620000e+002 -1.6330000e+000  1.0000000e-003
  4.1376000e+004  1.1620000e+002 -1.6330000e+000  1.0000000e-003
  4.1396000e+004  1.1570000e+002 -1.6330000e+000  1.0000000e-003
  4.1416000e+004  1.1480000e+002 -1.6330000e+000  1.0000000e-003
  4.1436000e+004  1.1440000e+002 -1.6330000e+000  1.0000000e-003
  4.1456000e+004  1.1410000e+002 -1.6330000e+000  1.0000000e-003
  4.1476000e+004  1.1370000e+002 -1.6330000e+000  1.0000000e-003
  4.1496000e+004  1.1360000e+002 -1.6330000e+000  1.0000000e-003
  4.1516000e+004  1.1290000e+002 -1.6330000e+000  1.0000000e-003
  4.1536000e+004  1.1220000e+002 -1.6330000e+000  1.0000000e-003
  4.1556000e+004  1.1220000e+002 -1.6330000e+000  1.0000000e-003
  4.1576000e+004  1.1170000e+002 -1.6330000e+000  1.0000000e-003
  4.1596000e+004  1.1130000e+002 -1.6330000e+000  1.0000000e-003
  4.1616000e+004  1.1080000e+002 -1.6330000e+000  1.0000000e-003
  4.1636000e+004  1.1010000e+002 -1.6330000e+000  1.0000000e-003
  4.1656000e+004  1.0970000e+002 -1.6330000e+000  1.0000000e-003
  4.1676000e+004  1.0940000e+002 -1.6330000e+000  1.0000000e-003
  4.1696000e+004  1.0900000e+002 -1.6330000e+000  1.0000000e-003
  4.1716000e+004  1.0850000e+002 -1.6330000e+000  1.0000000e-003
  4.1736000e+004  1.0780000e+002 -1.6330000e+000  1.0000000e-003
  4.1756000e+004  1.0730000e+002 -1.6330000e+000  1.0000000e-003
  4.1776000e+004  1.0730000e+002 -1.6330000e+000  1.0000000e-003
  4.1796000e+004  1.0680000e+002 -1.6330000e+000  1.0000000e-003
  4.1816000e+004  1.0640000e+002 -1.6330000e+000  1.0000000e-003
  4.1836000e+004  1.0570000e+002 -1.6330000e+000  1.0000000e-003
  4.1856000e+004  1.0530000e+002 -1.6330000e+000  1.0000000e-003
  4.1876000e+004  1.0530000e+002 -1.6330000e+000  1.0000000e-003
  4.1896000e+004  1.0500000e+002 -1.6330000e+000  1.0000000e-003
  4.1916000e+004  1.0470000e+002 -1.6330000e+000  1.0000000e-003
  4.1936000e+004  1.0410000e+002 -1.6330000e+000  1.0000000e-003
  4.1956000e+004  1.0390000e+002 -1.6330000e+000  1.0000000e-003
  4.1976000e+004  1.0360000e+002 -1.6330000e+000  1.0000000e-003
  4.1996000e+004  1.0310000e+002 -1.6330000e+000  1.0000000e-003
  4.2016000e+004  1.0260000e+002 -1.6330000e+000  1.0000000e-003
  4.2036000e+004  1.0200000e+002 -1.6330000e+000  1.0000000e-003
  4.2056000e+004  1.0170000e+002 -1.6330000e+000  1.0000000e-003
  4.2076000e+004  1.0120000e+002 -1.6330000e+000  1.0000000e-003
  4.2096000e+004  1.0080000e+002 -1.6330000e+000  1.0000000e-003
  4.2116000e+004  1.0010000e+002 -1.6330000e+000  1.0000000e-003
  4.2136000e+004  9.9700000e+001 -1.6330000e+000  1.0000000e-003
