  8.3800000e+003  1.3907000e+003 -3.6260000e+000  1.0000000e-003
  8.4000000e+003  1.3900000e+003 -3.6440000e+000  1.0000000e-003
  8.4200000e+003  1.3886000e+003 -3.6600000e+000  1.0000000e-003
  8.4400000e+003  1.3869000e+003 -3.6770000e+000  1.0000000e-003
  8.4600000e+003  1.3846000e+003 -3.6960000e+000  1.0000000e-003
  8.4800000e+003  1.3820000e+003 -3.7080000e+000  1.0000000e-003
  8.5000000e+003  1.3797000e+003 -3.7180000e+000  1.0000000e-003
  8.5200000e+003  1.3769000e+003 -3.7260000e+000  1.0000000e-003
  8.5400000e+003  1.3739000e+003 -3.7330000e+000  1.0000000e-003
  8.5600000e+003  1.3708000e+003 -3.7380000e+000  1.0000000e-003
  8.5800000e+003  1.3676000e+003 -3.7420000e+000  1.0000000e-003
  8.6000000e+003  1.3643000e+003 -3.7450000e+000  1.0000000e-003
  8.6200000e+003  1.3613000e+003 -3.7470000e+000  1.0000000e-003
  8.6400000e+003  1.3580000e+003 -3.7490000e+000  1.0000000e-003
  8.6600000e+003  1.3550000e+003 -3.7500000e+000  1.0000000e-003
  8.6800000e+003  1.3517000e+003 -3.7500000e+000  1.0000000e-003
  8.7000000e+003  1.3487000e+003 -3.7510000e+000  1.0000000e-003
  8.7200000e+003  1.3450000e+003 -3.7510000e+000  1.0000000e-003
  8.7400000e+003  1.3419000e+003 -3.7520000e+000  1.0000000e-003
  8.7600000e+003  1.3386000e+003 -3.7520000e+000  1.0000000e-003
  8.7800000e+003  1.3353000e+003 -3.7530000e+000  1.0000000e-003
  8.8000000e+003  1.3321000e+003 -3.7540000e+000  1.0000000e-003
  8.8200000e+003  1.3288000e+003 -3.7540000e+000  1.0000000e-003
  8.8400000e+003  1.3256000e+003 -3.7540000e+000  1.0000000e-003
  8.8600000e+003  1.3221000e+003 -3.7540000e+000  1.0000000e-003
  8.8800000e+003  1.3191000e+003 -3.7540000e+000  1.0000000e-003
  8.9000000e+003  1.3157000e+003 -3.7540000e+000  1.0000000e-003
  8.9200000e+003  1.3125000e+003 -3.7540000e+000  1.0000000e-003
  8.9400000e+003  1.3095000e+003 -3.7540000e+000  1.0000000e-003
  8.9600000e+003  1.3062000e+003 -3.7530000e+000  1.0000000e-003
  8.9800000e+003  1.3031000e+003 -3.7530000e+000  1.0000000e-003
  9.0050000e+003  1.2988000e+003 -3.7520000e+000  1.0000000e-003
  9.0250000e+003  1.2955000e+003 -3.7510000e+000  1.0000000e-003
  9.0450000e+003  1.2922000e+003 -3.7500000e+000  1.0000000e-003
  9.0650000e+003  1.2894000e+003 -3.7490000e+000  1.0000000e-003
  9.0850000e+003  1.2863000e+003 -3.7480000e+000  1.0000000e-003
  9.1050000e+003  1.2828000e+003 -3.7480000e+000  1.0000000e-003
  9.1250000e+003  1.2796000e+003 -3.7470000e+000  1.0000000e-003
  9.1450000e+003  1.2763000e+003 -3.7460000e+000  1.0000000e-003
  9.1650000e+003  1.2731000e+003 -3.7460000e+000  1.0000000e-003
  9.1850000e+003  1.2698000e+003 -3.7450000e+000  1.0000000e-003
  9.2050000e+003  1.2666000e+003 -3.7450000e+000  1.0000000e-003
  9.2250000e+003  1.2635000e+003 -3.7450000e+000  1.0000000e-003
  9.2450000e+003  1.2602000e+003 -3.7450000e+000  1.0000000e-003
  9.2650000e+003  1.2568000e+003 -3.7440000e+000  1.0000000e-003
  9.2850000e+003  1.2535000e+003 -3.7440000e+000  1.0000000e-003
  9.3050000e+003  1.2504000e+003 -3.7440000e+000  1.0000000e-003
  9.3250000e+003  1.2472000e+003 -3.7440000e+000  1.0000000e-003
  9.3450000e+003  1.2443000e+003 -3.7450000e+000  1.0000000e-003
  9.3650000e+003  1.2409000e+003 -3.7450000e+000  1.0000000e-003
  9.3850000e+003  1.2378000e+003 -3.7450000e+000  1.0000000e-003
  9.4050000e+003  1.2344000e+003 -3.7450000e+000  1.0000000e-003
  9.4250000e+003  1.2311000e+003 -3.7450000e+000  1.0000000e-003
  9.4450000e+003  1.2276000e+003 -3.7450000e+000  1.0000000e-003
  9.4650000e+003  1.2245000e+003 -3.7450000e+000  1.0000000e-003
  9.4850000e+003  1.2213000e+003 -3.7450000e+000  1.0000000e-003
  9.5050000e+003  1.2183000e+003 -3.7450000e+000  1.0000000e-003
  9.5250000e+003  1.2150000e+003 -3.7450000e+000  1.0000000e-003
  9.5450000e+003  1.2117000e+003 -3.7450000e+000  1.0000000e-003
  9.5650000e+003  1.2087000e+003 -3.7450000e+000  1.0000000e-003
  9.5850000e+003  1.2054000e+003 -3.7450000e+000  1.0000000e-003
  9.6050000e+003  1.2023000e+003 -3.7450000e+000  1.0000000e-003
  9.6250000e+003  1.1989000e+003 -3.7450000e+000  1.0000000e-003
  9.6450000e+003  1.1959000e+003 -3.7450000e+000  1.0000000e-003
  9.6650000e+003  1.1926000e+003 -3.7450000e+000  1.0000000e-003
  9.6850000e+003  1.1895000e+003 -3.7450000e+000  1.0000000e-003
  9.7050000e+003  1.1863000e+003 -3.7450000e+000  1.0000000e-003
  9.7250000e+003  1.1828000e+003 -3.7450000e+000  1.0000000e-003
  9.7450000e+003  1.1795000e+003 -3.7450000e+000  1.0000000e-003
  9.7650000e+003  1.1767000e+003 -3.7450000e+000  1.0000000e-003
  9.7850000e+003  1.1734000e+003 -3.7450000e+000  1.0000000e-003
  9.8050000e+003  1.1701000e+003 -3.7460000e+000  1.0000000e-003
  9.8250000e+003  1.1669000e+003 -3.7460000e+000  1.0000000e-003
  9.8450000e+003  1.1638000e+003 -3.7460000e+000  1.0000000e-003
  9.8650000e+003  1.1604000e+003 -3.7460000e+000  1.0000000e-003
  9.8850000e+003  1.1575000e+003 -3.7460000e+000  1.0000000e-003
  9.9050000e+003  1.1545000e+003 -3.7460000e+000  1.0000000e-003
  9.9250000e+003  1.1511000e+003 -3.7460000e+000  1.0000000e-003
  9.9450000e+003  1.1478000e+003 -3.7460000e+000  1.0000000e-003
  9.9650000e+003  1.1447000e+003 -3.7460000e+000  1.0000000e-003
  9.9850000e+003  1.1413000e+003 -3.7460000e+000  1.0000000e-003
  1.0005000e+004  1.1382000e+003 -3.7460000e+000  1.0000000e-003
  1.0025000e+004  1.1354000e+003 -3.7460000e+000  1.0000000e-003
  1.0045000e+004  1.1321000e+003 -3.7460000e+000  1.0000000e-003
  1.0065000e+004  1.1288000e+003 -3.7460000e+000  1.0000000e-003
  1.0085000e+004  1.1254000e+003 -3.7460000e+000  1.0000000e-003
  1.0105000e+004  1.1224000e+003 -3.7460000e+000  1.0000000e-003
  1.0125000e+004  1.1191000e+003 -3.7460000e+000  1.0000000e-003
  1.0145000e+004  1.1160000e+003 -3.7470000e+000  1.0000000e-003
  1.0165000e+004  1.1130000e+003 -3.7470000e+000  1.0000000e-003
  1.0185000e+004  1.1100000e+003 -3.7470000e+000  1.0000000e-003
  1.0205000e+004  1.1065000e+003 -3.7470000e+000  1.0000000e-003
  1.0225000e+004  1.1032000e+003 -3.7470000e+000  1.0000000e-003
  1.0245000e+004  1.1002000e+003 -3.7470000e+000  1.0000000e-003
  1.0265000e+004  1.0967000e+003 -3.7470000e+000  1.0000000e-003
  1.0285000e+004  1.0936000e+003 -3.7470000e+000  1.0000000e-003
  1.0305000e+004  1.0908000e+003 -3.7470000e+000  1.0000000e-003
  1.0325000e+004  1.0874000e+003 -3.7470000e+000  1.0000000e-003
  1.0345000e+004  1.0843000e+003 -3.7470000e+000  1.0000000e-003
  1.0365000e+004  1.0810000e+003 -3.7470000e+000  1.0000000e-003
  1.0385000e+004  1.0778000e+003 -3.7470000e+000  1.0000000e-003
  1.0405000e+004  1.0745000e+003 -3.7470000e+000  1.0000000e-003
  1.0425000e+004  1.0715000e+003 -3.7470000e+000  1.0000000e-003
  1.0445000e+004  1.0684000e+003 -3.7480000e+000  1.0000000e-003
  1.0465000e+004  1.0651000e+003 -3.7480000e+000  1.0000000e-003
  1.0485000e+004  1.0621000e+003 -3.7480000e+000  1.0000000e-003
  1.0505000e+004  1.0589000e+003 -3.7480000e+000  1.0000000e-003
  1.0525000e+004  1.0556000e+003 -3.7480000e+000  1.0000000e-003
  1.0545000e+004  1.0523000e+003 -3.7480000e+000  1.0000000e-003
  1.0565000e+004  1.0493000e+003 -3.7480000e+000  1.0000000e-003
  1.0585000e+004  1.0462000e+003 -3.7480000e+000  1.0000000e-003
  1.0605000e+004  1.0428000e+003 -3.7480000e+000  1.0000000e-003
  1.0625000e+004  1.0398000e+003 -3.7480000e+000  1.0000000e-003
  1.0645000e+004  1.0365000e+003 -3.7490000e+000  1.0000000e-003
  1.0665000e+004  1.0334000e+003 -3.7490000e+000  1.0000000e-003
  1.0685000e+004  1.0300000e+003 -3.7490000e+000  1.0000000e-003
  1.0705000e+004  1.0271000e+003 -3.7490000e+000  1.0000000e-003
  1.0725000e+004  1.0243000e+003 -3.7490000e+000  1.0000000e-003
  1.0745000e+004  1.0210000e+003 -3.7490000e+000  1.0000000e-003
  1.0765000e+004  1.0174000e+003 -3.7490000e+000  1.0000000e-003
  1.0785000e+004  1.0143000e+003 -3.7490000e+000  1.0000000e-003
  1.0805000e+004  1.0111000e+003 -3.7490000e+000  1.0000000e-003
  1.0825000e+004  1.0080000e+003 -3.7490000e+000  1.0000000e-003
  1.0845000e+004  1.0048000e+003 -3.7500000e+000  1.0000000e-003
  1.0865000e+004  1.0019000e+003 -3.7500000e+000  1.0000000e-003
  1.0885000e+004  9.9870000e+002 -3.7500000e+000  1.0000000e-003
  1.0905000e+004  9.9560000e+002 -3.7500000e+000  1.0000000e-003
  1.0925000e+004  9.9260000e+002 -3.7500000e+000  1.0000000e-003
  1.0945000e+004  9.8930000e+002 -3.7500000e+000  1.0000000e-003
  1.0965000e+004  9.8610000e+002 -3.7500000e+000  1.0000000e-003
  1.0985000e+004  9.8320000e+002 -3.7500000e+000  1.0000000e-003
  1.1005000e+004  9.8020000e+002 -3.7500000e+000  1.0000000e-003
  1.1025000e+004  9.7680000e+002 -3.7500000e+000  1.0000000e-003
  1.1045000e+004  9.7330000e+002 -3.7500000e+000  1.0000000e-003
  1.1065000e+004  9.7040000e+002 -3.7510000e+000  1.0000000e-003
  1.1085000e+004  9.6690000e+002 -3.7510000e+000  1.0000000e-003
  1.1105000e+004  9.6390000e+002 -3.7510000e+000  1.0000000e-003
  1.1125000e+004  9.6080000e+002 -3.7510000e+000  1.0000000e-003
  1.1145000e+004  9.5740000e+002 -3.7510000e+000  1.0000000e-003
  1.1165000e+004  9.5450000e+002 -3.7510000e+000  1.0000000e-003
  1.1185000e+004  9.5150000e+002 -3.7510000e+000  1.0000000e-003
  1.1205000e+004  9.4820000e+002 -3.7510000e+000  1.0000000e-003
  1.1225000e+004  9.4500000e+002 -3.7510000e+000  1.0000000e-003
  1.1245000e+004  9.4170000e+002 -3.7520000e+000  1.0000000e-003
  1.1265000e+004  9.3850000e+002 -3.7520000e+000  1.0000000e-003
  1.1285000e+004  9.3560000e+002 -3.7520000e+000  1.0000000e-003
  1.1305000e+004  9.3260000e+002 -3.7520000e+000  1.0000000e-003
  1.1325000e+004  9.2940000e+002 -3.7520000e+000  1.0000000e-003
  1.1345000e+004  9.2610000e+002 -3.7520000e+000  1.0000000e-003
  1.1365000e+004  9.2300000e+002 -3.7520000e+000  1.0000000e-003
  1.1385000e+004  9.2010000e+002 -3.7520000e+000  1.0000000e-003
  1.1405000e+004  9.1670000e+002 -3.7530000e+000  1.0000000e-003
  1.1425000e+004  9.1350000e+002 -3.7530000e+000  1.0000000e-003
  1.1445000e+004  9.1040000e+002 -3.7530000e+000  1.0000000e-003
  1.1465000e+004  9.0720000e+002 -3.7530000e+000  1.0000000e-003
  1.1485000e+004  9.0420000e+002 -3.7530000e+000  1.0000000e-003
  1.1505000e+004  9.0110000e+002 -3.7530000e+000  1.0000000e-003
  1.1525000e+004  8.9790000e+002 -3.7530000e+000  1.0000000e-003
  1.1545000e+004  8.9460000e+002 -3.7530000e+000  1.0000000e-003
  1.1565000e+004  8.9160000e+002 -3.7540000e+000  1.0000000e-003
  1.1585000e+004  8.8880000e+002 -3.7540000e+000  1.0000000e-003
  1.1605000e+004  8.8550000e+002 -3.7540000e+000  1.0000000e-003
  1.1625000e+004  8.8250000e+002 -3.7540000e+000  1.0000000e-003
  1.1645000e+004  8.7940000e+002 -3.7540000e+000  1.0000000e-003
  1.1665000e+004  8.7620000e+002 -3.7540000e+000  1.0000000e-003
  1.1685000e+004  8.7330000e+002 -3.7540000e+000  1.0000000e-003
  1.1705000e+004  8.6980000e+002 -3.7550000e+000  1.0000000e-003
  1.1725000e+004  8.6680000e+002 -3.7550000e+000  1.0000000e-003
  1.1745000e+004  8.6360000e+002 -3.7550000e+000  1.0000000e-003
  1.1765000e+004  8.6080000e+002 -3.7550000e+000  1.0000000e-003
  1.1785000e+004  8.5730000e+002 -3.7550000e+000  1.0000000e-003
  1.1805000e+004  8.5420000e+002 -3.7550000e+000  1.0000000e-003
  1.1825000e+004  8.5100000e+002 -3.7550000e+000  1.0000000e-003
  1.1845000e+004  8.4790000e+002 -3.7560000e+000  1.0000000e-003
  1.1865000e+004  8.4470000e+002 -3.7560000e+000  1.0000000e-003
  1.1885000e+004  8.4160000e+002 -3.7560000e+000  1.0000000e-003
  1.1905000e+004  8.3860000e+002 -3.7560000e+000  1.0000000e-003
  1.1925000e+004  8.3550000e+002 -3.7560000e+000  1.0000000e-003
  1.1945000e+004  8.3230000e+002 -3.7560000e+000  1.0000000e-003
  1.1965000e+004  8.2930000e+002 -3.7560000e+000  1.0000000e-003
  1.1985000e+004  8.2580000e+002 -3.7560000e+000  1.0000000e-003
  1.2005000e+004  8.2270000e+002 -3.7570000e+000  1.0000000e-003
  1.2025000e+004  8.1970000e+002 -3.7570000e+000  1.0000000e-003
  1.2045000e+004  8.1690000e+002 -3.7570000e+000  1.0000000e-003
  1.2065000e+004  8.1380000e+002 -3.7570000e+000  1.0000000e-003
  1.2085000e+004  8.1060000e+002 -3.7570000e+000  1.0000000e-003
  1.2105000e+004  8.0730000e+002 -3.7570000e+000  1.0000000e-003
  1.2125000e+004  8.0410000e+002 -3.7570000e+000  1.0000000e-003
  1.2145000e+004  8.0100000e+002 -3.7570000e+000  1.0000000e-003
  1.2165000e+004  7.9820000e+002 -3.7570000e+000  1.0000000e-003
  1.2185000e+004  7.9520000e+002 -3.7570000e+000  1.0000000e-003
  1.2205000e+004  7.9200000e+002 -3.7580000e+000  1.0000000e-003
  1.2225000e+004  7.8890000e+002 -3.7580000e+000  1.0000000e-003
  1.2245000e+004  7.8580000e+002 -3.7580000e+000  1.0000000e-003
  1.2265000e+004  7.8280000e+002 -3.7580000e+000  1.0000000e-003
  1.2285000e+004  7.7960000e+002 -3.7580000e+000  1.0000000e-003
  1.2305000e+004  7.7670000e+002 -3.7580000e+000  1.0000000e-003
  1.2325000e+004  7.7350000e+002 -3.7580000e+000  1.0000000e-003
  1.2345000e+004  7.7070000e+002 -3.7580000e+000  1.0000000e-003
  1.2365000e+004  7.6770000e+002 -3.7580000e+000  1.0000000e-003
  1.2385000e+004  7.6480000e+002 -3.7590000e+000  1.0000000e-003
  1.2405000e+004  7.6140000e+002 -3.7590000e+000  1.0000000e-003
  1.2425000e+004  7.5850000e+002 -3.7590000e+000  1.0000000e-003
  1.2445000e+004  7.5530000e+002 -3.7590000e+000  1.0000000e-003
  1.2465000e+004  7.5220000e+002 -3.7590000e+000  1.0000000e-003
  1.2485000e+004  7.4900000e+002 -3.7590000e+000  1.0000000e-003
  1.2505000e+004  7.4620000e+002 -3.7590000e+000  1.0000000e-003
  1.2525000e+004  7.4300000e+002 -3.7590000e+000  1.0000000e-003
  1.2545000e+004  7.3990000e+002 -3.7590000e+000  1.0000000e-003
  1.2565000e+004  7.3670000e+002 -3.7590000e+000  1.0000000e-003
  1.2585000e+004  7.3360000e+002 -3.7590000e+000  1.0000000e-003
  1.2605000e+004  7.3060000e+002 -3.7590000e+000  1.0000000e-003
  1.2625000e+004  7.2770000e+002 -3.7590000e+000  1.0000000e-003
  1.2645000e+004  7.2450000e+002 -3.7600000e+000  1.0000000e-003
  1.2665000e+004  7.2150000e+002 -3.7600000e+000  1.0000000e-003
  1.2685000e+004  7.1850000e+002 -3.7600000e+000  1.0000000e-003
  1.2705000e+004  7.1560000e+002 -3.7600000e+000  1.0000000e-003
  1.2725000e+004  7.1260000e+002 -3.7600000e+000  1.0000000e-003
  1.2745000e+004  7.0960000e+002 -3.7600000e+000  1.0000000e-003
  1.2765000e+004  7.0670000e+002 -3.7600000e+000  1.0000000e-003
  1.2785000e+004  7.0370000e+002 -3.7600000e+000  1.0000000e-003
  1.2805000e+004  7.0070000e+002 -3.7600000e+000  1.0000000e-003
  1.2825000e+004  6.9790000e+002 -3.7600000e+000  1.0000000e-003
  1.2845000e+004  6.9490000e+002 -3.7600000e+000  1.0000000e-003
  1.2865000e+004  6.9200000e+002 -3.7610000e+000  1.0000000e-003
  1.2885000e+004  6.8920000e+002 -3.7610000e+000  1.0000000e-003
  1.2905000e+004  6.8640000e+002 -3.7610000e+000  1.0000000e-003
  1.2925000e+004  6.8340000e+002 -3.7610000e+000  1.0000000e-003
  1.2945000e+004  6.8090000e+002 -3.7610000e+000  1.0000000e-003
  1.2965000e+004  6.7810000e+002 -3.7610000e+000  1.0000000e-003
  1.2985000e+004  6.7550000e+002 -3.7610000e+000  1.0000000e-003
  1.3005000e+004  6.7270000e+002 -3.7610000e+000  1.0000000e-003
  1.3025000e+004  6.6990000e+002 -3.7610000e+000  1.0000000e-003
  1.3045000e+004  6.6730000e+002 -3.7610000e+000  1.0000000e-003
  1.3065000e+004  6.6450000e+002 -3.7620000e+000  1.0000000e-003
  1.3085000e+004  6.6180000e+002 -3.7620000e+000  1.0000000e-003
  1.3105000e+004  6.5920000e+002 -3.7620000e+000  1.0000000e-003
  1.3125000e+004  6.5660000e+002 -3.7620000e+000  1.0000000e-003
  1.3145000e+004  6.5400000e+002 -3.7620000e+000  1.0000000e-003
  1.3165000e+004  6.5150000e+002 -3.7620000e+000  1.0000000e-003
  1.3185000e+004  6.4860000e+002 -3.7620000e+000  1.0000000e-003
  1.3205000e+004  6.4610000e+002 -3.7620000e+000  1.0000000e-003
  1.3225000e+004  6.4350000e+002 -3.7620000e+000  1.0000000e-003
  1.3245000e+004  6.4080000e+002 -3.7620000e+000  1.0000000e-003
  1.3265000e+004  6.3820000e+002 -3.7630000e+000  1.0000000e-003
  1.3285000e+004  6.3560000e+002 -3.7630000e+000  1.0000000e-003
  1.3305000e+004  6.3330000e+002 -3.7630000e+000  1.0000000e-003
  1.3325000e+004  6.3090000e+002 -3.7630000e+000  1.0000000e-003
  1.3345000e+004  6.2840000e+002 -3.7630000e+000  1.0000000e-003
  1.3365000e+004  6.2560000e+002 -3.7630000e+000  1.0000000e-003
  1.3385000e+004  6.2330000e+002 -3.7630000e+000  1.0000000e-003
  1.3405000e+004  6.2070000e+002 -3.7630000e+000  1.0000000e-003
  1.3425000e+004  6.1830000e+002 -3.7640000e+000  1.0000000e-003
  1.3445000e+004  6.1580000e+002 -3.7640000e+000  1.0000000e-003
  1.3465000e+004  6.1340000e+002 -3.7640000e+000  1.0000000e-003
  1.3485000e+004  6.1110000e+002 -3.7640000e+000  1.0000000e-003
  1.3505000e+004  6.0860000e+002 -3.7640000e+000  1.0000000e-003
  1.3525000e+004  6.0640000e+002 -3.7640000e+000  1.0000000e-003
  1.3545000e+004  6.0390000e+002 -3.7640000e+000  1.0000000e-003
  1.3565000e+004  6.0170000e+002 -3.7650000e+000  1.0000000e-003
  1.3585000e+004  5.9950000e+002 -3.7650000e+000  1.0000000e-003
  1.3605000e+004  5.9690000e+002 -3.7650000e+000  1.0000000e-003
  1.3625000e+004  5.9470000e+002 -3.7650000e+000  1.0000000e-003
  1.3645000e+004  5.9250000e+002 -3.7650000e+000  1.0000000e-003
  1.3665000e+004  5.9010000e+002 -3.7650000e+000  1.0000000e-003
  1.3685000e+004  5.8780000e+002 -3.7650000e+000  1.0000000e-003
  1.3705000e+004  5.8570000e+002 -3.7650000e+000  1.0000000e-003
  1.3725000e+004  5.8360000e+002 -3.7650000e+000  1.0000000e-003
  1.3745000e+004  5.8140000e+002 -3.7650000e+000  1.0000000e-003
  1.3765000e+004  5.7920000e+002 -3.7650000e+000  1.0000000e-003
  1.3785000e+004  5.7700000e+002 -3.7660000e+000  1.0000000e-003
  1.3805000e+004  5.7490000e+002 -3.7660000e+000  1.0000000e-003
  1.3825000e+004  5.7240000e+002 -3.7660000e+000  1.0000000e-003
  1.3845000e+004  5.7030000e+002 -3.7660000e+000  1.0000000e-003
  1.3865000e+004  5.6820000e+002 -3.7660000e+000  1.0000000e-003
  1.3885000e+004  5.6600000e+002 -3.7660000e+000  1.0000000e-003
  1.3905000e+004  5.6380000e+002 -3.7660000e+000  1.0000000e-003
  1.3925000e+004  5.6170000e+002 -3.7660000e+000  1.0000000e-003
  1.3945000e+004  5.5980000e+002 -3.7670000e+000  1.0000000e-003
  1.3965000e+004  5.5790000e+002 -3.7670000e+000  1.0000000e-003
  1.3985000e+004  5.5560000e+002 -3.7670000e+000  1.0000000e-003
  1.4005000e+004  5.5340000e+002 -3.7670000e+000  1.0000000e-003
  1.4025000e+004  5.5140000e+002 -3.7670000e+000  1.0000000e-003
  1.4045000e+004  5.4910000e+002 -3.7670000e+000  1.0000000e-003
  1.4065000e+004  5.4710000e+002 -3.7670000e+000  1.0000000e-003
  1.4085000e+004  5.4500000e+002 -3.7670000e+000  1.0000000e-003
  1.4105000e+004  5.4270000e+002 -3.7670000e+000  1.0000000e-003
  1.4125000e+004  5.4060000e+002 -3.7670000e+000  1.0000000e-003
  1.4145000e+004  5.3850000e+002 -3.7680000e+000  1.0000000e-003
  1.4165000e+004  5.3670000e+002 -3.7680000e+000  1.0000000e-003
  1.4185000e+004  5.3480000e+002 -3.7680000e+000  1.0000000e-003
  1.4205000e+004  5.3270000e+002 -3.7680000e+000  1.0000000e-003
  1.4225000e+004  5.3060000e+002 -3.7680000e+000  1.0000000e-003
  1.4245000e+004  5.2830000e+002 -3.7680000e+000  1.0000000e-003
  1.4265000e+004  5.2660000e+002 -3.7680000e+000  1.0000000e-003
  1.4285000e+004  5.2450000e+002 -3.7680000e+000  1.0000000e-003
  1.4305000e+004  5.2220000e+002 -3.7680000e+000  1.0000000e-003
  1.4325000e+004  5.2010000e+002 -3.7680000e+000  1.0000000e-003
  1.4345000e+004  5.1840000e+002 -3.7690000e+000  1.0000000e-003
  1.4365000e+004  5.1640000e+002 -3.7690000e+000  1.0000000e-003
  1.4385000e+004  5.1450000e+002 -3.7690000e+000  1.0000000e-003
  1.4405000e+004  5.1260000e+002 -3.7690000e+000  1.0000000e-003
  1.4425000e+004  5.1060000e+002 -3.7690000e+000  1.0000000e-003
  1.4445000e+004  5.0870000e+002 -3.7690000e+000  1.0000000e-003
  1.4465000e+004  5.0680000e+002 -3.7690000e+000  1.0000000e-003
  1.4485000e+004  5.0490000e+002 -3.7690000e+000  1.0000000e-003
  1.4505000e+004  5.0280000e+002 -3.7690000e+000  1.0000000e-003
  1.4525000e+004  5.0120000e+002 -3.7690000e+000  1.0000000e-003
  1.4545000e+004  4.9950000e+002 -3.7690000e+000  1.0000000e-003
  1.4565000e+004  4.9750000e+002 -3.7690000e+000  1.0000000e-003
  1.4585000e+004  4.9560000e+002 -3.7700000e+000  1.0000000e-003
  1.4605000e+004  4.9370000e+002 -3.7700000e+000  1.0000000e-003
  1.4625000e+004  4.9180000e+002 -3.7700000e+000  1.0000000e-003
  1.4645000e+004  4.9000000e+002 -3.7700000e+000  1.0000000e-003
  1.4665000e+004  4.8810000e+002 -3.7700000e+000  1.0000000e-003
  1.4685000e+004  4.8610000e+002 -3.7700000e+000  1.0000000e-003
  1.4705000e+004  4.8480000e+002 -3.7700000e+000  1.0000000e-003
  1.4725000e+004  4.8260000e+002 -3.7700000e+000  1.0000000e-003
  1.4745000e+004  4.8090000e+002 -3.7700000e+000  1.0000000e-003
  1.4765000e+004  4.7950000e+002 -3.7700000e+000  1.0000000e-003
  1.4785000e+004  4.7740000e+002 -3.7700000e+000  1.0000000e-003
  1.4805000e+004  4.7580000e+002 -3.7700000e+000  1.0000000e-003
  1.4825000e+004  4.7390000e+002 -3.7700000e+000  1.0000000e-003
  1.4845000e+004  4.7220000e+002 -3.7710000e+000  1.0000000e-003
  1.4865000e+004  4.7040000e+002 -3.7710000e+000  1.0000000e-003
  1.4885000e+004  4.6860000e+002 -3.7710000e+000  1.0000000e-003
  1.4905000e+004  4.6670000e+002 -3.7710000e+000  1.0000000e-003
  1.4925000e+004  4.6500000e+002 -3.7710000e+000  1.0000000e-003
  1.4945000e+004  4.6340000e+002 -3.7710000e+000  1.0000000e-003
  1.4965000e+004  4.6180000e+002 -3.7710000e+000  1.0000000e-003
  1.4985000e+004  4.6010000e+002 -3.7710000e+000  1.0000000e-003
  1.5005000e+004  4.5810000e+002 -3.7710000e+000  1.0000000e-003
  1.5025000e+004  4.5680000e+002 -3.7710000e+000  1.0000000e-003
  1.5045000e+004  4.5500000e+002 -3.7710000e+000  1.0000000e-003
  1.5065000e+004  4.5330000e+002 -3.7710000e+000  1.0000000e-003
  1.5085000e+004  4.5170000e+002 -3.7720000e+000  1.0000000e-003
  1.5105000e+004  4.4980000e+002 -3.7720000e+000  1.0000000e-003
  1.5125000e+004  4.4820000e+002 -3.7720000e+000  1.0000000e-003
  1.5145000e+004  4.4640000e+002 -3.7720000e+000  1.0000000e-003
  1.5165000e+004  4.4470000e+002 -3.7720000e+000  1.0000000e-003
  1.5185000e+004  4.4310000e+002 -3.7720000e+000  1.0000000e-003
  1.5205000e+004  4.4140000e+002 -3.7720000e+000  1.0000000e-003
  1.5225000e+004  4.3980000e+002 -3.7720000e+000  1.0000000e-003
  1.5245000e+004  4.3820000e+002 -3.7720000e+000  1.0000000e-003
  1.5265000e+004  4.3700000e+002 -3.7720000e+000  1.0000000e-003
  1.5285000e+004  4.3490000e+002 -3.7720000e+000  1.0000000e-003
  1.5305000e+004  4.3350000e+002 -3.7720000e+000  1.0000000e-003
  1.5325000e+004  4.3170000e+002 -3.7720000e+000  1.0000000e-003
  1.5345000e+004  4.2980000e+002 -3.7720000e+000  1.0000000e-003
  1.5365000e+004  4.2860000e+002 -3.7730000e+000  1.0000000e-003
  1.5385000e+004  4.2660000e+002 -3.7730000e+000  1.0000000e-003
  1.5405000e+004  4.2510000e+002 -3.7730000e+000  1.0000000e-003
  1.5425000e+004  4.2350000e+002 -3.7730000e+000  1.0000000e-003
  1.5445000e+004  4.2180000e+002 -3.7730000e+000  1.0000000e-003
  1.5465000e+004  4.2000000e+002 -3.7730000e+000  1.0000000e-003
  1.5485000e+004  4.1840000e+002 -3.7730000e+000  1.0000000e-003
  1.5505000e+004  4.1700000e+002 -3.7730000e+000  1.0000000e-003
  1.5525000e+004  4.1510000e+002 -3.7730000e+000  1.0000000e-003
  1.5580000e+004  4.1130000e+002 -3.7730000e+000  1.0000000e-003
  1.5600000e+004  4.0990000e+002 -3.7730000e+000  1.0000000e-003
  1.5620000e+004  4.0810000e+002 -3.7730000e+000  1.0000000e-003
  1.5640000e+004  4.0650000e+002 -3.7740000e+000  1.0000000e-003
  1.5660000e+004  4.0510000e+002 -3.7740000e+000  1.0000000e-003
  1.5680000e+004  4.0350000e+002 -3.7740000e+000  1.0000000e-003
  1.5700000e+004  4.0200000e+002 -3.7740000e+000  1.0000000e-003
  1.5720000e+004  4.0020000e+002 -3.7740000e+000  1.0000000e-003
  1.5740000e+004  3.9900000e+002 -3.7740000e+000  1.0000000e-003
  1.5760000e+004  3.9740000e+002 -3.7740000e+000  1.0000000e-003
  1.5780000e+004  3.9590000e+002 -3.7740000e+000  1.0000000e-003
  1.5800000e+004  3.9430000e+002 -3.7740000e+000  1.0000000e-003
  1.5820000e+004  3.9270000e+002 -3.7740000e+000  1.0000000e-003
  1.5840000e+004  3.9150000e+002 -3.7740000e+000  1.0000000e-003
  1.5860000e+004  3.8970000e+002 -3.7740000e+000  1.0000000e-003
  1.5880000e+004  3.8850000e+002 -3.7740000e+000  1.0000000e-003
  1.5900000e+004  3.8710000e+002 -3.7750000e+000  1.0000000e-003
  1.5920000e+004  3.8570000e+002 -3.7750000e+000  1.0000000e-003
  1.5940000e+004  3.8430000e+002 -3.7750000e+000  1.0000000e-003
  1.5960000e+004  3.8290000e+002 -3.7750000e+000  1.0000000e-003
  1.5980000e+004  3.8130000e+002 -3.7750000e+000  1.0000000e-003
  1.6000000e+004  3.7990000e+002 -3.7750000e+000  1.0000000e-003
  1.6020000e+004  3.7840000e+002 -3.7750000e+000  1.0000000e-003
  1.6040000e+004  3.7700000e+002 -3.7750000e+000  1.0000000e-003
  1.6060000e+004  3.7550000e+002 -3.7750000e+000  1.0000000e-003
  1.6080000e+004  3.7400000e+002 -3.7750000e+000  1.0000000e-003
  1.6100000e+004  3.7280000e+002 -3.7750000e+000  1.0000000e-003
  1.6120000e+004  3.7130000e+002 -3.7750000e+000  1.0000000e-003
  1.6140000e+004  3.6990000e+002 -3.7750000e+000  1.0000000e-003
  1.6160000e+004  3.6840000e+002 -3.7750000e+000  1.0000000e-003
  1.6180000e+004  3.6710000e+002 -3.7750000e+000  1.0000000e-003
  1.6200000e+004  3.6560000e+002 -3.7760000e+000  1.0000000e-003
  1.6220000e+004  3.6430000e+002 -3.7760000e+000  1.0000000e-003
  1.6240000e+004  3.6290000e+002 -3.7760000e+000  1.0000000e-003
  1.6260000e+004  3.6190000e+002 -3.7760000e+000  1.0000000e-003
  1.6280000e+004  3.6050000e+002 -3.7760000e+000  1.0000000e-003
  1.6300000e+004  3.5910000e+002 -3.7760000e+000  1.0000000e-003
  1.6320000e+004  3.5750000e+002 -3.7760000e+000  1.0000000e-003
  1.6341000e+004  3.5630000e+002 -3.7760000e+000  1.0000000e-003
  1.6361000e+004  3.5530000e+002 -3.7760000e+000  1.0000000e-003
  1.6385000e+004  3.5350000e+002 -3.7760000e+000  1.0000000e-003
  1.6406000e+004  3.5210000e+002 -3.7760000e+000  1.0000000e-003
  1.6431000e+004  3.5050000e+002 -3.7760000e+000  1.0000000e-003
  1.6456000e+004  3.4860000e+002 -3.7760000e+000  1.0000000e-003
  1.6481000e+004  3.4690000e+002 -3.7760000e+000  1.0000000e-003
  1.6505000e+004  3.4530000e+002 -3.7760000e+000  1.0000000e-003
  1.6525000e+004  3.4390000e+002 -3.7760000e+000  1.0000000e-003
  1.6545000e+004  3.4270000e+002 -3.7760000e+000  1.0000000e-003
  1.6566000e+004  3.4130000e+002 -3.7770000e+000  1.0000000e-003
  1.6591000e+004  3.3950000e+002 -3.7770000e+000  1.0000000e-003
  1.6615000e+004  3.3790000e+002 -3.7770000e+000  1.0000000e-003
  1.6635000e+004  3.3670000e+002 -3.7770000e+000  1.0000000e-003
  1.6655000e+004  3.3530000e+002 -3.7770000e+000  1.0000000e-003
  1.6676000e+004  3.3410000e+002 -3.7770000e+000  1.0000000e-003
  1.6701000e+004  3.3270000e+002 -3.7770000e+000  1.0000000e-003
  1.6725000e+004  3.3090000e+002 -3.7770000e+000  1.0000000e-003
  1.6745000e+004  3.2950000e+002 -3.7770000e+000  1.0000000e-003
  1.6765000e+004  3.2850000e+002 -3.7770000e+000  1.0000000e-003
  1.6786000e+004  3.2710000e+002 -3.7770000e+000  1.0000000e-003
  1.6810000e+004  3.2530000e+002 -3.7770000e+000  1.0000000e-003
  1.6830000e+004  3.2430000e+002 -3.7770000e+000  1.0000000e-003
  1.6850000e+004  3.2290000e+002 -3.7770000e+000  1.0000000e-003
  1.6870000e+004  3.2160000e+002 -3.7770000e+000  1.0000000e-003
  1.6890000e+004  3.2040000e+002 -3.7780000e+000  1.0000000e-003
  1.6911000e+004  3.1920000e+002 -3.7780000e+000  1.0000000e-003
  1.6935000e+004  3.1760000e+002 -3.7780000e+000  1.0000000e-003
  1.6956000e+004  3.1620000e+002 -3.7780000e+000  1.0000000e-003
  1.6976000e+004  3.1500000e+002 -3.7780000e+000  1.0000000e-003
  1.7001000e+004  3.1320000e+002 -3.7780000e+000  1.0000000e-003
  1.7021000e+004  3.1240000e+002 -3.7780000e+000  1.0000000e-003
  1.7041000e+004  3.1110000e+002 -3.7780000e+000  1.0000000e-003
  1.7066000e+004  3.0980000e+002 -3.7780000e+000  1.0000000e-003
  1.7086000e+004  3.0850000e+002 -3.7780000e+000  1.0000000e-003
  1.7106000e+004  3.0730000e+002 -3.7780000e+000  1.0000000e-003
  1.7130000e+004  3.0590000e+002 -3.7780000e+000  1.0000000e-003
  1.7151000e+004  3.0470000e+002 -3.7780000e+000  1.0000000e-003
  1.7171000e+004  3.0350000e+002 -3.7780000e+000  1.0000000e-003
  1.7196000e+004  3.0200000e+002 -3.7780000e+000  1.0000000e-003
  1.7221000e+004  3.0060000e+002 -3.7780000e+000  1.0000000e-003
  1.7241000e+004  2.9930000e+002 -3.7780000e+000  1.0000000e-003
  1.7266000e+004  2.9790000e+002 -3.7780000e+000  1.0000000e-003
  1.7291000e+004  2.9650000e+002 -3.7780000e+000  1.0000000e-003
  1.7311000e+004  2.9540000e+002 -3.7780000e+000  1.0000000e-003
  1.7331000e+004  2.9440000e+002 -3.7780000e+000  1.0000000e-003
  1.7355000e+004  2.9280000e+002 -3.7790000e+000  1.0000000e-003
  1.7376000e+004  2.9140000e+002 -3.7790000e+000  1.0000000e-003
  1.7400000e+004  2.9030000e+002 -3.7790000e+000  1.0000000e-003
  1.7421000e+004  2.8930000e+002 -3.7790000e+000  1.0000000e-003
  1.7441000e+004  2.8800000e+002 -3.7790000e+000  1.0000000e-003
  1.7461000e+004  2.8700000e+002 -3.7790000e+000  1.0000000e-003
  1.7481000e+004  2.8590000e+002 -3.7790000e+000  1.0000000e-003
  1.7501000e+004  2.8510000e+002 -3.7790000e+000  1.0000000e-003
  1.7521000e+004  2.8400000e+002 -3.7790000e+000  1.0000000e-003
  1.7541000e+004  2.8280000e+002 -3.7790000e+000  1.0000000e-003
  1.7561000e+004  2.8180000e+002 -3.7790000e+000  1.0000000e-003
  1.7581000e+004  2.8090000e+002 -3.7790000e+000  1.0000000e-003
  1.7601000e+004  2.7960000e+002 -3.7790000e+000  1.0000000e-003
  1.7621000e+004  2.7840000e+002 -3.7790000e+000  1.0000000e-003
  1.7641000e+004  2.7760000e+002 -3.7790000e+000  1.0000000e-003
  1.7661000e+004  2.7630000e+002 -3.7790000e+000  1.0000000e-003
  1.7681000e+004  2.7510000e+002 -3.7790000e+000  1.0000000e-003
  1.7701000e+004  2.7420000e+002 -3.7790000e+000  1.0000000e-003
  1.7721000e+004  2.7300000e+002 -3.7790000e+000  1.0000000e-003
  1.7741000e+004  2.7180000e+002 -3.7790000e+000  1.0000000e-003
  1.7761000e+004  2.7090000e+002 -3.7790000e+000  1.0000000e-003
  1.7781000e+004  2.6990000e+002 -3.7790000e+000  1.0000000e-003
  1.7801000e+004  2.6880000e+002 -3.7790000e+000  1.0000000e-003
  1.7821000e+004  2.6780000e+002 -3.7800000e+000  1.0000000e-003
  1.7841000e+004  2.6670000e+002 -3.7800000e+000  1.0000000e-003
  1.7861000e+004  2.6570000e+002 -3.7800000e+000  1.0000000e-003
  1.7881000e+004  2.6460000e+002 -3.7800000e+000  1.0000000e-003
  1.7901000e+004  2.6340000e+002 -3.7800000e+000  1.0000000e-003
  1.7921000e+004  2.6250000e+002 -3.7800000e+000  1.0000000e-003
  1.7941000e+004  2.6140000e+002 -3.7800000e+000  1.0000000e-003
  1.7961000e+004  2.6040000e+002 -3.7800000e+000  1.0000000e-003
  1.7981000e+004  2.5930000e+002 -3.7800000e+000  1.0000000e-003
  1.8001000e+004  2.5860000e+002 -3.7800000e+000  1.0000000e-003
  1.8021000e+004  2.5740000e+002 -3.7800000e+000  1.0000000e-003
  1.8041000e+004  2.5620000e+002 -3.7800000e+000  1.0000000e-003
  1.8061000e+004  2.5530000e+002 -3.7800000e+000  1.0000000e-003
  1.8081000e+004  2.5430000e+002 -3.7800000e+000  1.0000000e-003
  1.8101000e+004  2.5320000e+002 -3.7800000e+000  1.0000000e-003
  1.8121000e+004  2.5230000e+002 -3.7800000e+000  1.0000000e-003
  1.8141000e+004  2.5110000e+002 -3.7800000e+000  1.0000000e-003
  1.8161000e+004  2.5030000e+002 -3.7800000e+000  1.0000000e-003
  1.8182000e+004  2.4940000e+002 -3.7800000e+000  1.0000000e-003
  1.8202000e+004  2.4800000e+002 -3.7800000e+000  1.0000000e-003
  1.8222000e+004  2.4690000e+002 -3.7800000e+000  1.0000000e-003
  1.8242000e+004  2.4610000e+002 -3.7800000e+000  1.0000000e-003
  1.8262000e+004  2.4520000e+002 -3.7800000e+000  1.0000000e-003
  1.8282000e+004  2.4390000e+002 -3.7800000e+000  1.0000000e-003
  1.8302000e+004  2.4290000e+002 -3.7800000e+000  1.0000000e-003
  1.8323000e+004  2.4220000e+002 -3.7810000e+000  1.0000000e-003
  1.8347000e+004  2.4100000e+002 -3.7810000e+000  1.0000000e-003
  1.8367000e+004  2.3990000e+002 -3.7810000e+000  1.0000000e-003
  1.8388000e+004  2.3910000e+002 -3.7810000e+000  1.0000000e-003
  1.8408000e+004  2.3800000e+002 -3.7810000e+000  1.0000000e-003
  1.8428000e+004  2.3680000e+002 -3.7810000e+000  1.0000000e-003
  1.8448000e+004  2.3610000e+002 -3.7810000e+000  1.0000000e-003
  1.8468000e+004  2.3520000e+002 -3.7810000e+000  1.0000000e-003
  1.8488000e+004  2.3410000e+002 -3.7810000e+000  1.0000000e-003
  1.8508000e+004  2.3360000e+002 -3.7810000e+000  1.0000000e-003
  1.8528000e+004  2.3280000e+002 -3.7810000e+000  1.0000000e-003
  1.8548000e+004  2.3170000e+002 -3.7810000e+000  1.0000000e-003
  1.8568000e+004  2.3100000e+002 -3.7820000e+000  1.0000000e-003
  1.8588000e+004  2.3000000e+002 -3.7820000e+000  1.0000000e-003
  1.8608000e+004  2.2930000e+002 -3.7820000e+000  1.0000000e-003
  1.8628000e+004  2.2780000e+002 -3.7820000e+000  1.0000000e-003
  1.8648000e+004  2.2730000e+002 -3.7820000e+000  1.0000000e-003
  1.8668000e+004  2.2610000e+002 -3.7820000e+000  1.0000000e-003
  1.8688000e+004  2.2520000e+002 -3.7830000e+000  1.0000000e-003
  1.8708000e+004  2.2430000e+002 -3.7830000e+000  1.0000000e-003
  1.8728000e+004  2.2370000e+002 -3.7830000e+000  1.0000000e-003
  1.8748000e+004  2.2260000e+002 -3.7830000e+000  1.0000000e-003
  1.8768000e+004  2.2210000e+002 -3.7830000e+000  1.0000000e-003
  1.8788000e+004  2.2100000e+002 -3.7830000e+000  1.0000000e-003
  1.8808000e+004  2.2010000e+002 -3.7830000e+000  1.0000000e-003
  1.8828000e+004  2.1930000e+002 -3.7840000e+000  1.0000000e-003
  1.8848000e+004  2.1820000e+002 -3.7840000e+000  1.0000000e-003
  1.8868000e+004  2.1770000e+002 -3.7840000e+000  1.0000000e-003
  1.8888000e+004  2.1670000e+002 -3.7840000e+000  1.0000000e-003
  1.8908000e+004  2.1600000e+002 -3.7840000e+000  1.0000000e-003
  1.8928000e+004  2.1470000e+002 -3.7840000e+000  1.0000000e-003
  1.8948000e+004  2.1400000e+002 -3.7840000e+000  1.0000000e-003
  1.8968000e+004  2.1300000e+002 -3.7840000e+000  1.0000000e-003
  1.8988000e+004  2.1230000e+002 -3.7840000e+000  1.0000000e-003
  1.9008000e+004  2.1140000e+002 -3.7840000e+000  1.0000000e-003
  1.9028000e+004  2.1070000e+002 -3.7840000e+000  1.0000000e-003
  1.9048000e+004  2.0960000e+002 -3.7840000e+000  1.0000000e-003
  1.9068000e+004  2.0910000e+002 -3.7840000e+000  1.0000000e-003
  1.9088000e+004  2.0820000e+002 -3.7840000e+000  1.0000000e-003
  1.9108000e+004  2.0750000e+002 -3.7840000e+000  1.0000000e-003
  1.9128000e+004  2.0650000e+002 -3.7840000e+000  1.0000000e-003
  1.9148000e+004  2.0610000e+002 -3.7840000e+000  1.0000000e-003
  1.9168000e+004  2.0490000e+002 -3.7840000e+000  1.0000000e-003
  1.9188000e+004  2.0440000e+002 -3.7840000e+000  1.0000000e-003
  1.9208000e+004  2.0350000e+002 -3.7840000e+000  1.0000000e-003
  1.9228000e+004  2.0260000e+002 -3.7840000e+000  1.0000000e-003
  1.9248000e+004  2.0190000e+002 -3.7840000e+000  1.0000000e-003
  1.9268000e+004  2.0130000e+002 -3.7840000e+000  1.0000000e-003
  1.9288000e+004  2.0000000e+002 -3.7840000e+000  1.0000000e-003
  1.9308000e+004  1.9900000e+002 -3.7840000e+000  1.0000000e-003
  1.9328000e+004  1.9850000e+002 -3.7840000e+000  1.0000000e-003
  1.9348000e+004  1.9740000e+002 -3.7840000e+000  1.0000000e-003
  1.9368000e+004  1.9710000e+002 -3.7840000e+000  1.0000000e-003
  1.9388000e+004  1.9600000e+002 -3.7840000e+000  1.0000000e-003
  1.9408000e+004  1.9490000e+002 -3.7840000e+000  1.0000000e-003
  1.9428000e+004  1.9440000e+002 -3.7840000e+000  1.0000000e-003
  1.9448000e+004  1.9360000e+002 -3.7840000e+000  1.0000000e-003
  1.9468000e+004  1.9270000e+002 -3.7840000e+000  1.0000000e-003
  1.9488000e+004  1.9200000e+002 -3.7840000e+000  1.0000000e-003
  1.9508000e+004  1.9130000e+002 -3.7840000e+000  1.0000000e-003
  1.9528000e+004  1.9040000e+002 -3.7840000e+000  1.0000000e-003
  1.9548000e+004  1.8950000e+002 -3.7840000e+000  1.0000000e-003
  1.9568000e+004  1.8860000e+002 -3.7840000e+000  1.0000000e-003
  1.9588000e+004  1.8790000e+002 -3.7840000e+000  1.0000000e-003
  1.9608000e+004  1.8710000e+002 -3.7840000e+000  1.0000000e-003
  1.9628000e+004  1.8660000e+002 -3.7840000e+000  1.0000000e-003
  1.9648000e+004  1.8550000e+002 -3.7840000e+000  1.0000000e-003
  1.9668000e+004  1.8460000e+002 -3.7840000e+000  1.0000000e-003
  1.9688000e+004  1.8410000e+002 -3.7840000e+000  1.0000000e-003
  1.9708000e+004  1.8320000e+002 -3.7840000e+000  1.0000000e-003
  1.9728000e+004  1.8250000e+002 -3.7840000e+000  1.0000000e-003
  1.9748000e+004  1.8180000e+002 -3.7840000e+000  1.0000000e-003
  1.9768000e+004  1.8130000e+002 -3.7840000e+000  1.0000000e-003
  1.9788000e+004  1.8060000e+002 -3.7840000e+000  1.0000000e-003
  1.9808000e+004  1.7990000e+002 -3.7840000e+000  1.0000000e-003
  1.9828000e+004  1.7920000e+002 -3.7840000e+000  1.0000000e-003
  1.9848000e+004  1.7850000e+002 -3.7840000e+000  1.0000000e-003
  1.9868000e+004  1.7800000e+002 -3.7840000e+000  1.0000000e-003
  1.9888000e+004  1.7710000e+002 -3.7840000e+000  1.0000000e-003
  1.9908000e+004  1.7640000e+002 -3.7840000e+000  1.0000000e-003
  1.9928000e+004  1.7570000e+002 -3.7840000e+000  1.0000000e-003
  1.9948000e+004  1.7500000e+002 -3.7840000e+000  1.0000000e-003
  1.9968000e+004  1.7430000e+002 -3.7840000e+000  1.0000000e-003
  1.9988000e+004  1.7360000e+002 -3.7840000e+000  1.0000000e-003
  2.0008000e+004  1.7290000e+002 -3.7840000e+000  1.0000000e-003
  2.0028000e+004  1.7220000e+002 -3.7840000e+000  1.0000000e-003
  2.0048000e+004  1.7150000e+002 -3.7840000e+000  1.0000000e-003
  2.0068000e+004  1.7100000e+002 -3.7840000e+000  1.0000000e-003
  2.0088000e+004  1.6970000e+002 -3.7840000e+000  1.0000000e-003
  2.0108000e+004  1.6940000e+002 -3.7840000e+000  1.0000000e-003
  2.0128000e+004  1.6850000e+002 -3.7840000e+000  1.0000000e-003
  2.0148000e+004  1.6760000e+002 -3.7840000e+000  1.0000000e-003
  2.0168000e+004  1.6730000e+002 -3.7840000e+000  1.0000000e-003
  2.0188000e+004  1.6680000e+002 -3.7840000e+000  1.0000000e-003
  2.0208000e+004  1.6610000e+002 -3.7840000e+000  1.0000000e-003
  2.0228000e+004  1.6540000e+002 -3.7840000e+000  1.0000000e-003
  2.0248000e+004  1.6470000e+002 -3.7840000e+000  1.0000000e-003
  2.0268000e+004  1.6400000e+002 -3.7840000e+000  1.0000000e-003
  2.0288000e+004  1.6330000e+002 -3.7840000e+000  1.0000000e-003
  2.0308000e+004  1.6290000e+002 -3.7840000e+000  1.0000000e-003
  2.0328000e+004  1.6210000e+002 -3.7840000e+000  1.0000000e-003
  2.0348000e+004  1.6140000e+002 -3.7840000e+000  1.0000000e-003
  2.0368000e+004  1.6070000e+002 -3.7840000e+000  1.0000000e-003
  2.0388000e+004  1.6030000e+002 -3.7840000e+000  1.0000000e-003
  2.0408000e+004  1.5940000e+002 -3.7840000e+000  1.0000000e-003
  2.0428000e+004  1.5890000e+002 -3.7840000e+000  1.0000000e-003
  2.0448000e+004  1.5860000e+002 -3.7840000e+000  1.0000000e-003
  2.0468000e+004  1.5790000e+002 -3.7840000e+000  1.0000000e-003
  2.0488000e+004  1.5710000e+002 -3.7840000e+000  1.0000000e-003
  2.0508000e+004  1.5640000e+002 -3.7840000e+000  1.0000000e-003
  2.0528000e+004  1.5520000e+002 -3.7840000e+000  1.0000000e-003
  2.0548000e+004  1.5500000e+002 -3.7840000e+000  1.0000000e-003
  2.0568000e+004  1.5470000e+002 -3.7840000e+000  1.0000000e-003
  2.0588000e+004  1.5400000e+002 -3.7840000e+000  1.0000000e-003
  2.0608000e+004  1.5350000e+002 -3.7840000e+000  1.0000000e-003
  2.0628000e+004  1.5290000e+002 -3.7840000e+000  1.0000000e-003
  2.0648000e+004  1.5240000e+002 -3.7840000e+000  1.0000000e-003
  2.0668000e+004  1.5190000e+002 -3.7840000e+000  1.0000000e-003
  2.0688000e+004  1.5140000e+002 -3.7840000e+000  1.0000000e-003
  2.0708000e+004  1.5050000e+002 -3.7840000e+000  1.0000000e-003
  2.0728000e+004  1.5000000e+002 -3.7840000e+000  1.0000000e-003
  2.0748000e+004  1.4940000e+002 -3.7840000e+000  1.0000000e-003
  2.0768000e+004  1.4890000e+002 -3.7840000e+000  1.0000000e-003
  2.0788000e+004  1.4860000e+002 -3.7840000e+000  1.0000000e-003
  2.0808000e+004  1.4770000e+002 -3.7840000e+000  1.0000000e-003
  2.0828000e+004  1.4700000e+002 -3.7840000e+000  1.0000000e-003
  2.0848000e+004  1.4650000e+002 -3.7840000e+000  1.0000000e-003
  2.0868000e+004  1.4560000e+002 -3.7840000e+000  1.0000000e-003
  2.0888000e+004  1.4510000e+002 -3.7840000e+000  1.0000000e-003
  2.0908000e+004  1.4440000e+002 -3.7840000e+000  1.0000000e-003
  2.0928000e+004  1.4400000e+002 -3.7840000e+000  1.0000000e-003
  2.0948000e+004  1.4330000e+002 -3.7840000e+000  1.0000000e-003
  2.0968000e+004  1.4280000e+002 -3.7840000e+000  1.0000000e-003
  2.0988000e+004  1.4250000e+002 -3.7840000e+000  1.0000000e-003
  2.1008000e+004  1.4160000e+002 -3.7840000e+000  1.0000000e-003
  2.1028000e+004  1.4110000e+002 -3.7840000e+000  1.0000000e-003
  2.1048000e+004  1.4070000e+002 -3.7840000e+000  1.0000000e-003
  2.1068000e+004  1.4000000e+002 -3.7840000e+000  1.0000000e-003
  2.1088000e+004  1.3950000e+002 -3.7840000e+000  1.0000000e-003
  2.1108000e+004  1.3880000e+002 -3.7840000e+000  1.0000000e-003
  2.1128000e+004  1.3770000e+002 -3.7840000e+000  1.0000000e-003
  2.1148000e+004  1.3760000e+002 -3.7840000e+000  1.0000000e-003
  2.1168000e+004  1.3720000e+002 -3.7840000e+000  1.0000000e-003
  2.1188000e+004  1.3630000e+002 -3.7840000e+000  1.0000000e-003
  2.1208000e+004  1.3580000e+002 -3.7840000e+000  1.0000000e-003
  2.1228000e+004  1.3530000e+002 -3.7840000e+000  1.0000000e-003
  2.1248000e+004  1.3510000e+002 -3.7840000e+000  1.0000000e-003
  2.1268000e+004  1.3440000e+002 -3.7840000e+000  1.0000000e-003
  2.1288000e+004  1.3390000e+002 -3.7840000e+000  1.0000000e-003
  2.1308000e+004  1.3320000e+002 -3.7840000e+000  1.0000000e-003
  2.1328000e+004  1.3230000e+002 -3.7840000e+000  1.0000000e-003
  2.1348000e+004  1.3230000e+002 -3.7840000e+000  1.0000000e-003
  2.1368000e+004  1.3180000e+002 -3.7840000e+000  1.0000000e-003
  2.1388000e+004  1.3110000e+002 -3.7840000e+000  1.0000000e-003
  2.1408000e+004  1.3060000e+002 -3.7840000e+000  1.0000000e-003
  2.1428000e+004  1.3000000e+002 -3.7840000e+000  1.0000000e-003
  2.1448000e+004  1.2950000e+002 -3.7840000e+000  1.0000000e-003
  2.1468000e+004  1.2900000e+002 -3.7840000e+000  1.0000000e-003
  2.1488000e+004  1.2830000e+002 -3.7840000e+000  1.0000000e-003
  2.1508000e+004  1.2790000e+002 -3.7840000e+000  1.0000000e-003
  2.1528000e+004  1.2740000e+002 -3.7840000e+000  1.0000000e-003
  2.1548000e+004  1.2690000e+002 -3.7840000e+000  1.0000000e-003
  2.1568000e+004  1.2650000e+002 -3.7840000e+000  1.0000000e-003
  2.1588000e+004  1.2600000e+002 -3.7840000e+000  1.0000000e-003
  2.1608000e+004  1.2550000e+002 -3.7840000e+000  1.0000000e-003
  2.1628000e+004  1.2500000e+002 -3.7840000e+000  1.0000000e-003
  2.1648000e+004  1.2480000e+002 -3.7840000e+000  1.0000000e-003
  2.1668000e+004  1.2430000e+002 -3.7840000e+000  1.0000000e-003
  2.1688000e+004  1.2360000e+002 -3.7840000e+000  1.0000000e-003
  2.1708000e+004  1.2340000e+002 -3.7840000e+000  1.0000000e-003
  2.1728000e+004  1.2270000e+002 -3.7840000e+000  1.0000000e-003
  2.1748000e+004  1.2230000e+002 -3.7840000e+000  1.0000000e-003
  2.1768000e+004  1.2180000e+002 -3.7840000e+000  1.0000000e-003
  2.1788000e+004  1.2140000e+002 -3.7840000e+000  1.0000000e-003
  2.1808000e+004  1.2090000e+002 -3.7840000e+000  1.0000000e-003
  2.1828000e+004  1.2040000e+002 -3.7840000e+000  1.0000000e-003
  2.1848000e+004  1.2020000e+002 -3.7840000e+000  1.0000000e-003
  2.1868000e+004  1.1930000e+002 -3.7840000e+000  1.0000000e-003
  2.1888000e+004  1.1920000e+002 -3.7840000e+000  1.0000000e-003
  2.1908000e+004  1.1830000e+002 -3.7840000e+000  1.0000000e-003
  2.1928000e+004  1.1810000e+002 -3.7840000e+000  1.0000000e-003
  2.1948000e+004  1.1780000e+002 -3.7840000e+000  1.0000000e-003
  2.1968000e+004  1.1740000e+002 -3.7840000e+000  1.0000000e-003
  2.1988000e+004  1.1690000e+002 -3.7840000e+000  1.0000000e-003
  2.2008000e+004  1.1670000e+002 -3.7840000e+000  1.0000000e-003
  2.2028000e+004  1.1600000e+002 -3.7840000e+000  1.0000000e-003
  2.2048000e+004  1.1570000e+002 -3.7840000e+000  1.0000000e-003
  2.2068000e+004  1.1500000e+002 -3.7840000e+000  1.0000000e-003
  2.2088000e+004  1.1460000e+002 -3.7840000e+000  1.0000000e-003
  2.2108000e+004  1.1430000e+002 -3.7840000e+000  1.0000000e-003
  2.2128000e+004  1.1370000e+002 -3.7840000e+000  1.0000000e-003
  2.2148000e+004  1.1320000e+002 -3.7840000e+000  1.0000000e-003
  2.2168000e+004  1.1320000e+002 -3.7840000e+000  1.0000000e-003
  2.2188000e+004  1.1230000e+002 -3.7840000e+000  1.0000000e-003
  2.2208000e+004  1.1200000e+002 -3.7840000e+000  1.0000000e-003
  2.2228000e+004  1.1170000e+002 -3.7840000e+000  1.0000000e-003
  2.2248000e+004  1.1130000e+002 -3.7840000e+000  1.0000000e-003
  2.2268000e+004  1.1090000e+002 -3.7840000e+000  1.0000000e-003
  2.2288000e+004  1.1030000e+002 -3.7840000e+000  1.0000000e-003
  2.2308000e+004  1.0970000e+002 -3.7840000e+000  1.0000000e-003
  2.2328000e+004  1.0940000e+002 -3.7840000e+000  1.0000000e-003
  2.2348000e+004  1.0900000e+002 -3.7840000e+000  1.0000000e-003
  2.2368000e+004  1.0850000e+002 -3.7840000e+000  1.0000000e-003
  2.2388000e+004  1.0800000e+002 -3.7840000e+000  1.0000000e-003
  2.2408000e+004  1.0780000e+002 -3.7840000e+000  1.0000000e-003
  2.2428000e+004  1.0730000e+002 -3.7840000e+000  1.0000000e-003
  2.2448000e+004  1.0690000e+002 -3.7840000e+000  1.0000000e-003
  2.2468000e+004  1.0660000e+002 -3.7840000e+000  1.0000000e-003
  2.2488000e+004  1.0600000e+002 -3.7840000e+000  1.0000000e-003
  2.2508000e+004  1.0550000e+002 -3.7840000e+000  1.0000000e-003
  2.2528000e+004  1.0530000e+002 -3.7840000e+000  1.0000000e-003
  2.2548000e+004  1.0480000e+002 -3.7840000e+000  1.0000000e-003
  2.2568000e+004  1.0470000e+002 -3.7840000e+000  1.0000000e-003
  2.2588000e+004  1.0450000e+002 -3.7840000e+000  1.0000000e-003
  2.2608000e+004  1.0380000e+002 -3.7840000e+000  1.0000000e-003
  2.2628000e+004  1.0340000e+002 -3.7840000e+000  1.0000000e-003
  2.2648000e+004  1.0290000e+002 -3.7840000e+000  1.0000000e-003
  2.2668000e+004  1.0260000e+002 -3.7840000e+000  1.0000000e-003
  2.2688000e+004  1.0170000e+002 -3.7840000e+000  1.0000000e-003
  2.2708000e+004  1.0170000e+002 -3.7840000e+000  1.0000000e-003
  2.2728000e+004  1.0080000e+002 -3.7840000e+000  1.0000000e-003
  2.2748000e+004  1.0120000e+002 -3.7840000e+000  1.0000000e-003
  2.2768000e+004  1.0040000e+002 -3.7840000e+000  1.0000000e-003
  2.2788000e+004  9.9900000e+001 -3.7840000e+000  1.0000000e-003
  2.2808000e+004  9.9700000e+001 -3.7840000e+000  1.0000000e-003
  2.2828000e+004  9.9400000e+001 -3.7840000e+000  1.0000000e-003
  2.2848000e+004  9.9000000e+001 -3.7840000e+000  1.0000000e-003
  2.2868000e+004  9.8700000e+001 -3.7840000e+000  1.0000000e-003
  2.2888000e+004  9.8000000e+001 -3.7840000e+000  1.0000000e-003
  2.2908000e+004  9.8000000e+001 -3.7840000e+000  1.0000000e-003
  2.2928000e+004  9.7600000e+001 -3.7840000e+000  1.0000000e-003
  2.2948000e+004  9.6900000e+001 -3.7840000e+000  1.0000000e-003
  2.2968000e+004  9.6300000e+001 -3.7840000e+000  1.0000000e-003
  2.2988000e+004  9.6400000e+001 -3.7840000e+000  1.0000000e-003
  2.3008000e+004  9.5900000e+001 -3.7840000e+000  1.0000000e-003
  2.3028000e+004  9.5200000e+001 -3.7840000e+000  1.0000000e-003
  2.3048000e+004  9.5000000e+001 -3.7840000e+000  1.0000000e-003
  2.3068000e+004  9.5000000e+001 -3.7840000e+000  1.0000000e-003
  2.3088000e+004  9.4700000e+001 -3.7840000e+000  1.0000000e-003
  2.3108000e+004  9.4200000e+001 -3.7840000e+000  1.0000000e-003
  2.3128000e+004  9.3600000e+001 -3.7840000e+000  1.0000000e-003
  2.3148000e+004  9.3300000e+001 -3.7840000e+000  1.0000000e-003
  2.3168000e+004  9.2900000e+001 -3.7840000e+000  1.0000000e-003
  2.3188000e+004  9.2600000e+001 -3.7840000e+000  1.0000000e-003
  2.3208000e+004  9.2600000e+001 -3.7840000e+000  1.0000000e-003
  2.3228000e+004  9.2200000e+001 -3.7840000e+000  1.0000000e-003
  2.3248000e+004  9.1700000e+001 -3.7840000e+000  1.0000000e-003
  2.3268000e+004  9.1500000e+001 -3.7840000e+000  1.0000000e-003
  2.3288000e+004  9.1200000e+001 -3.7840000e+000  1.0000000e-003
  2.3308000e+004  9.0600000e+001 -3.7840000e+000  1.0000000e-003
  2.3328000e+004  9.0300000e+001 -3.7840000e+000  1.0000000e-003
  2.3348000e+004  9.0100000e+001 -3.7840000e+000  1.0000000e-003
  2.3368000e+004  8.9800000e+001 -3.7840000e+000  1.0000000e-003
  2.3388000e+004  8.9400000e+001 -3.7840000e+000  1.0000000e-003
  2.3408000e+004  8.9100000e+001 -3.7850000e+000  1.0000000e-003
  2.3428000e+004  8.8700000e+001 -3.7850000e+000  1.0000000e-003
  2.3448000e+004  8.8400000e+001 -3.7850000e+000  1.0000000e-003
  2.3468000e+004  8.8000000e+001 -3.7850000e+000  1.0000000e-003
  2.3488000e+004  8.7800000e+001 -3.7850000e+000  1.0000000e-003
  2.3508000e+004  8.7500000e+001 -3.7850000e+000  1.0000000e-003
  2.3528000e+004  8.7000000e+001 -3.7850000e+000  1.0000000e-003
  2.3548000e+004  8.6500000e+001 -3.7850000e+000  1.0000000e-003
  2.3568000e+004  8.6100000e+001 -3.7850000e+000  1.0000000e-003
  2.3588000e+004  8.5900000e+001 -3.7850000e+000  1.0000000e-003
  2.3608000e+004  8.5600000e+001 -3.7850000e+000  1.0000000e-003
  2.3628000e+004  8.5400000e+001 -3.7850000e+000  1.0000000e-003
  2.3648000e+004  8.5100000e+001 -3.7850000e+000  1.0000000e-003
  2.3668000e+004  8.4700000e+001 -3.7850000e+000  1.0000000e-003
  2.3688000e+004  8.4700000e+001 -3.7850000e+000  1.0000000e-003
  2.3708000e+004  8.4200000e+001 -3.7850000e+000  1.0000000e-003
  2.3728000e+004  8.4000000e+001 -3.7850000e+000  1.0000000e-003
  2.3748000e+004  8.3500000e+001 -3.7850000e+000  1.0000000e-003
  2.3768000e+004  8.3300000e+001 -3.7850000e+000  1.0000000e-003
  2.3788000e+004  8.3100000e+001 -3.7850000e+000  1.0000000e-003
  2.3808000e+004  8.2800000e+001 -3.7850000e+000  1.0000000e-003
  2.3828000e+004  8.2400000e+001 -3.7850000e+000  1.0000000e-003
  2.3848000e+004  8.2100000e+001 -3.7850000e+000  1.0000000e-003
  2.3868000e+004  8.1700000e+001 -3.7850000e+000  1.0000000e-003
  2.3888000e+004  8.1400000e+001 -3.7850000e+000  1.0000000e-003
  2.3908000e+004  8.0800000e+001 -3.7850000e+000  1.0000000e-003
  2.3928000e+004  8.0800000e+001 -3.7850000e+000  1.0000000e-003
  2.3948000e+004  8.0700000e+001 -3.7850000e+000  1.0000000e-003
  2.3968000e+004  8.0300000e+001 -3.7850000e+000  1.0000000e-003
  2.3988000e+004  7.9800000e+001 -3.7850000e+000  1.0000000e-003
  2.4008000e+004  7.9600000e+001 -3.7850000e+000  1.0000000e-003
  2.4028000e+004  7.9600000e+001 -3.7850000e+000  1.0000000e-003
  2.4048000e+004  7.8900000e+001 -3.7850000e+000  1.0000000e-003
  2.4068000e+004  7.8800000e+001 -3.7850000e+000  1.0000000e-003
  2.4088000e+004  7.8600000e+001 -3.7850000e+000  1.0000000e-003
  2.4108000e+004  7.8200000e+001 -3.7850000e+000  1.0000000e-003
  2.4128000e+004  7.8200000e+001 -3.7850000e+000  1.0000000e-003
  2.4148000e+004  7.7500000e+001 -3.7850000e+000  1.0000000e-003
  2.4168000e+004  7.7500000e+001 -3.7850000e+000  1.0000000e-003
  2.4188000e+004  7.7200000e+001 -3.7850000e+000  1.0000000e-003
  2.4208000e+004  7.7000000e+001 -3.7850000e+000  1.0000000e-003
  2.4228000e+004  7.6700000e+001 -3.7850000e+000  1.0000000e-003
  2.4248000e+004  7.6500000e+001 -3.7850000e+000  1.0000000e-003
  2.4268000e+004  7.6300000e+001 -3.7850000e+000  1.0000000e-003
  2.4288000e+004  7.6000000e+001 -3.7850000e+000  1.0000000e-003
  2.4308000e+004  7.5800000e+001 -3.7850000e+000  1.0000000e-003
  2.4328000e+004  7.5100000e+001 -3.7850000e+000  1.0000000e-003
  2.4348000e+004  7.5100000e+001 -3.7850000e+000  1.0000000e-003
  2.4368000e+004  7.4700000e+001 -3.7850000e+000  1.0000000e-003
  2.4388000e+004  7.4600000e+001 -3.7850000e+000  1.0000000e-003
  2.4408000e+004  7.4200000e+001 -3.7850000e+000  1.0000000e-003
  2.4428000e+004  7.4000000e+001 -3.7850000e+000  1.0000000e-003
  2.4448000e+004  7.4000000e+001 -3.7850000e+000  1.0000000e-003
  2.4468000e+004  7.3700000e+001 -3.7850000e+000  1.0000000e-003
  2.4488000e+004  7.3200000e+001 -3.7850000e+000  1.0000000e-003
  2.4508000e+004  7.3200000e+001 -3.7860000e+000  1.0000000e-003
  2.4528000e+004  7.2800000e+001 -3.7860000e+000  1.0000000e-003
  2.4548000e+004  7.2500000e+001 -3.7860000e+000  1.0000000e-003
  2.4568000e+004  7.2600000e+001 -3.7860000e+000  1.0000000e-003
  2.4588000e+004  7.1700000e+001 -3.7860000e+000  1.0000000e-003
  2.4608000e+004  7.1700000e+001 -3.7860000e+000  1.0000000e-003
  2.4628000e+004  7.1600000e+001 -3.7860000e+000  1.0000000e-003
  2.4648000e+004  7.1200000e+001 -3.7860000e+000  1.0000000e-003
  2.4668000e+004  7.0900000e+001 -3.7860000e+000  1.0000000e-003
  2.4688000e+004  7.0900000e+001 -3.7860000e+000  1.0000000e-003
  2.4708000e+004  7.0300000e+001 -3.7860000e+000  1.0000000e-003
  2.4728000e+004  7.0200000e+001 -3.7860000e+000  1.0000000e-003
  2.4748000e+004  6.9800000e+001 -3.7860000e+000  1.0000000e-003
  2.4768000e+004  6.9700000e+001 -3.7860000e+000  1.0000000e-003
  2.4788000e+004  6.9500000e+001 -3.7860000e+000  1.0000000e-003
  2.4808000e+004  6.9300000e+001 -3.7860000e+000  1.0000000e-003
  2.4828000e+004  6.9100000e+001 -3.7860000e+000  1.0000000e-003
  2.4848000e+004  6.8800000e+001 -3.7860000e+000  1.0000000e-003
  2.4868000e+004  6.8800000e+001 -3.7860000e+000  1.0000000e-003
  2.4888000e+004  6.8600000e+001 -3.7860000e+000  1.0000000e-003
  2.4908000e+004  6.8300000e+001 -3.7860000e+000  1.0000000e-003
  2.4928000e+004  6.8100000e+001 -3.7860000e+000  1.0000000e-003
  2.4948000e+004  6.7700000e+001 -3.7860000e+000  1.0000000e-003
  2.4968000e+004  6.7500000e+001 -3.7860000e+000  1.0000000e-003
  2.4988000e+004  6.7200000e+001 -3.7860000e+000  1.0000000e-003
  2.5008000e+004  6.7000000e+001 -3.7860000e+000  1.0000000e-003
  2.5028000e+004  6.6700000e+001 -3.7860000e+000  1.0000000e-003
  2.5048000e+004  6.6700000e+001 -3.7860000e+000  1.0000000e-003
  2.5068000e+004  6.6500000e+001 -3.7860000e+000  1.0000000e-003
  2.5088000e+004  6.6200000e+001 -3.7860000e+000  1.0000000e-003
  2.5108000e+004  6.6000000e+001 -3.7860000e+000  1.0000000e-003
  2.5128000e+004  6.6000000e+001 -3.7860000e+000  1.0000000e-003
  2.5148000e+004  6.5600000e+001 -3.7860000e+000  1.0000000e-003
  2.5168000e+004  6.5400000e+001 -3.7860000e+000  1.0000000e-003
  2.5188000e+004  6.4800000e+001 -3.7860000e+000  1.0000000e-003
  2.5208000e+004  6.4900000e+001 -3.7860000e+000  1.0000000e-003
  2.5228000e+004  6.4600000e+001 -3.7860000e+000  1.0000000e-003
  2.5248000e+004  6.4600000e+001 -3.7860000e+000  1.0000000e-003
  2.5268000e+004  6.4200000e+001 -3.7860000e+000  1.0000000e-003
  2.5288000e+004  6.3900000e+001 -3.7860000e+000  1.0000000e-003
  2.5308000e+004  6.3900000e+001 -3.7860000e+000  1.0000000e-003
  2.5328000e+004  6.3700000e+001 -3.7860000e+000  1.0000000e-003
  2.5348000e+004  6.3900000e+001 -3.7860000e+000  1.0000000e-003
  2.5368000e+004  6.3500000e+001 -3.7860000e+000  1.0000000e-003
  2.5388000e+004  6.3300000e+001 -3.7860000e+000  1.0000000e-003
  2.5408000e+004  6.3200000e+001 -3.7860000e+000  1.0000000e-003
  2.5428000e+004  6.2800000e+001 -3.7860000e+000  1.0000000e-003
  2.5448000e+004  6.2600000e+001 -3.7860000e+000  1.0000000e-003
  2.5468000e+004  6.2500000e+001 -3.7860000e+000  1.0000000e-003
  2.5488000e+004  6.2100000e+001 -3.7860000e+000  1.0000000e-003
  2.5508000e+004  6.2100000e+001 -3.7860000e+000  1.0000000e-003
  2.5528000e+004  6.1800000e+001 -3.7860000e+000  1.0000000e-003
  2.5548000e+004  6.1600000e+001 -3.7860000e+000  1.0000000e-003
  2.5568000e+004  6.1100000e+001 -3.7860000e+000  1.0000000e-003
  2.5588000e+004  6.1100000e+001 -3.7860000e+000  1.0000000e-003
  2.5608000e+004  6.1100000e+001 -3.7860000e+000  1.0000000e-003
  2.5628000e+004  6.0900000e+001 -3.7860000e+000  1.0000000e-003
  2.5648000e+004  6.0900000e+001 -3.7860000e+000  1.0000000e-003
  2.5668000e+004  6.0400000e+001 -3.7860000e+000  1.0000000e-003
  2.5688000e+004  6.0200000e+001 -3.7860000e+000  1.0000000e-003
  2.5708000e+004  5.9900000e+001 -3.7860000e+000  1.0000000e-003
  2.5728000e+004  5.9700000e+001 -3.7860000e+000  1.0000000e-003
  2.5748000e+004  5.9700000e+001 -3.7860000e+000  1.0000000e-003
  2.5768000e+004  5.9500000e+001 -3.7860000e+000  1.0000000e-003
  2.5788000e+004  5.9500000e+001 -3.7870000e+000  1.0000000e-003
  2.5808000e+004  5.9300000e+001 -3.7870000e+000  1.0000000e-003
  2.5828000e+004  5.9000000e+001 -3.7870000e+000  1.0000000e-003
  2.5848000e+004  5.8800000e+001 -3.7870000e+000  1.0000000e-003
  2.5868000e+004  5.8800000e+001 -3.7870000e+000  1.0000000e-003
  2.5888000e+004  5.8400000e+001 -3.7870000e+000  1.0000000e-003
  2.5908000e+004  5.8400000e+001 -3.7870000e+000  1.0000000e-003
  2.5928000e+004  5.7900000e+001 -3.7870000e+000  1.0000000e-003
  2.5948000e+004  5.8100000e+001 -3.7870000e+000  1.0000000e-003
  2.5968000e+004  5.7900000e+001 -3.7870000e+000  1.0000000e-003
  2.5988000e+004  5.7800000e+001 -3.7870000e+000  1.0000000e-003
  2.6008000e+004  5.7400000e+001 -3.7870000e+000  1.0000000e-003
  2.6028000e+004  5.7400000e+001 -3.7870000e+000  1.0000000e-003
  2.6048000e+004  5.7000000e+001 -3.7870000e+000  1.0000000e-003
  2.6068000e+004  5.7200000e+001 -3.7870000e+000  1.0000000e-003
  2.6088000e+004  5.6900000e+001 -3.7870000e+000  1.0000000e-003
  2.6108000e+004  5.6400000e+001 -3.7870000e+000  1.0000000e-003
  2.6128000e+004  5.6400000e+001 -3.7870000e+000  1.0000000e-003
  2.6148000e+004  5.6200000e+001 -3.7870000e+000  1.0000000e-003
  2.6168000e+004  5.6000000e+001 -3.7870000e+000  1.0000000e-003
  2.6188000e+004  5.5800000e+001 -3.7870000e+000  1.0000000e-003
  2.6208000e+004  5.5700000e+001 -3.7870000e+000  1.0000000e-003
  2.6228000e+004  5.5500000e+001 -3.7870000e+000  1.0000000e-003
  2.6248000e+004  5.5300000e+001 -3.7870000e+000  1.0000000e-003
  2.6268000e+004  5.5300000e+001 -3.7870000e+000  1.0000000e-003
  2.6288000e+004  5.5100000e+001 -3.7870000e+000  1.0000000e-003
  2.6308000e+004  5.4800000e+001 -3.7870000e+000  1.0000000e-003
  2.6328000e+004  5.4800000e+001 -3.7870000e+000  1.0000000e-003
  2.6348000e+004  5.4800000e+001 -3.7870000e+000  1.0000000e-003
  2.6368000e+004  5.4600000e+001 -3.7870000e+000  1.0000000e-003
  2.6388000e+004  5.4400000e+001 -3.7870000e+000  1.0000000e-003
  2.6408000e+004  5.4100000e+001 -3.7870000e+000  1.0000000e-003
  2.6428000e+004  5.3700000e+001 -3.7870000e+000  1.0000000e-003
  2.6448000e+004  5.3500000e+001 -3.7870000e+000  1.0000000e-003
  2.6468000e+004  5.3400000e+001 -3.7870000e+000  1.0000000e-003
  2.6488000e+004  5.3400000e+001 -3.7870000e+000  1.0000000e-003
  2.6508000e+004  5.3000000e+001 -3.7870000e+000  1.0000000e-003
  2.6528000e+004  5.2800000e+001 -3.7870000e+000  1.0000000e-003
  2.6548000e+004  5.2700000e+001 -3.7870000e+000  1.0000000e-003
  2.6568000e+004  5.2800000e+001 -3.7870000e+000  1.0000000e-003
  2.6588000e+004  5.2500000e+001 -3.7870000e+000  1.0000000e-003
  2.6608000e+004  5.2300000e+001 -3.7870000e+000  1.0000000e-003
  2.6628000e+004  5.2300000e+001 -3.7870000e+000  1.0000000e-003
  2.6648000e+004  5.2100000e+001 -3.7870000e+000  1.0000000e-003
  2.6668000e+004  5.2100000e+001 -3.7870000e+000  1.0000000e-003
  2.6688000e+004  5.1800000e+001 -3.7870000e+000  1.0000000e-003
  2.6708000e+004  5.1600000e+001 -3.7870000e+000  1.0000000e-003
  2.6728000e+004  5.1600000e+001 -3.7870000e+000  1.0000000e-003
  2.6748000e+004  5.1300000e+001 -3.7870000e+000  1.0000000e-003
  2.6768000e+004  5.1100000e+001 -3.7870000e+000  1.0000000e-003
  2.6788000e+004  5.1100000e+001 -3.7870000e+000  1.0000000e-003
  2.6808000e+004  5.1100000e+001 -3.7870000e+000  1.0000000e-003
  2.6828000e+004  5.0800000e+001 -3.7870000e+000  1.0000000e-003
  2.6848000e+004  5.0600000e+001 -3.7870000e+000  1.0000000e-003
  2.6868000e+004  5.0400000e+001 -3.7870000e+000  1.0000000e-003
  2.6888000e+004  5.0000000e+001 -3.7870000e+000  1.0000000e-003
  2.6908000e+004  5.0000000e+001 -3.7870000e+000  1.0000000e-003
  2.6928000e+004  5.0000000e+001 -3.7870000e+000  1.0000000e-003
  2.6948000e+004  5.0000000e+001 -3.7870000e+000  1.0000000e-003
  2.6968000e+004  4.9900000e+001 -3.7870000e+000  1.0000000e-003
  2.6988000e+004  4.9500000e+001 -3.7870000e+000  1.0000000e-003
  2.7008000e+004  4.9300000e+001 -3.7870000e+000  1.0000000e-003
  2.7028000e+004  4.9000000e+001 -3.7870000e+000  1.0000000e-003
  2.7048000e+004  4.9200000e+001 -3.7870000e+000  1.0000000e-003
  2.7068000e+004  4.8800000e+001 -3.7870000e+000  1.0000000e-003
  2.7088000e+004  4.8800000e+001 -3.7870000e+000  1.0000000e-003
  2.7108000e+004  4.8600000e+001 -3.7880000e+000  1.0000000e-003
  2.7128000e+004  4.8600000e+001 -3.7880000e+000  1.0000000e-003
  2.7148000e+004  4.8500000e+001 -3.7880000e+000  1.0000000e-003
  2.7168000e+004  4.8600000e+001 -3.7880000e+000  1.0000000e-003
  2.7188000e+004  4.8500000e+001 -3.7880000e+000  1.0000000e-003
  2.7208000e+004  4.8000000e+001 -3.7880000e+000  1.0000000e-003
  2.7228000e+004  4.7800000e+001 -3.7880000e+000  1.0000000e-003
  2.7248000e+004  4.8000000e+001 -3.7880000e+000  1.0000000e-003
  2.7268000e+004  4.7600000e+001 -3.7880000e+000  1.0000000e-003
  2.7288000e+004  4.7300000e+001 -3.7880000e+000  1.0000000e-003
  2.7308000e+004  4.7400000e+001 -3.7880000e+000  1.0000000e-003
  2.7328000e+004  4.7300000e+001 -3.7880000e+000  1.0000000e-003
  2.7348000e+004  4.7300000e+001 -3.7880000e+000  1.0000000e-003
  2.7368000e+004  4.7100000e+001 -3.7880000e+000  1.0000000e-003
  2.7388000e+004  4.6700000e+001 -3.7880000e+000  1.0000000e-003
  2.7408000e+004  4.6900000e+001 -3.7880000e+000  1.0000000e-003
  2.7428000e+004  4.6700000e+001 -3.7880000e+000  1.0000000e-003
  2.7448000e+004  4.6700000e+001 -3.7880000e+000  1.0000000e-003
  2.7468000e+004  4.6400000e+001 -3.7880000e+000  1.0000000e-003
  2.7488000e+004  4.6200000e+001 -3.7880000e+000  1.0000000e-003
  2.7508000e+004  4.6200000e+001 -3.7880000e+000  1.0000000e-003
  2.7528000e+004  4.6000000e+001 -3.7880000e+000  1.0000000e-003
  2.7548000e+004  4.6000000e+001 -3.7880000e+000  1.0000000e-003
  2.7568000e+004  4.6000000e+001 -3.7880000e+000  1.0000000e-003
  2.7588000e+004  4.5500000e+001 -3.7880000e+000  1.0000000e-003
  2.7608000e+004  4.5500000e+001 -3.7880000e+000  1.0000000e-003
  2.7628000e+004  4.5500000e+001 -3.7880000e+000  1.0000000e-003
  2.7648000e+004  4.5300000e+001 -3.7880000e+000  1.0000000e-003
  2.7668000e+004  4.5300000e+001 -3.7880000e+000  1.0000000e-003
  2.7688000e+004  4.5100000e+001 -3.7880000e+000  1.0000000e-003
  2.7708000e+004  4.5100000e+001 -3.7880000e+000  1.0000000e-003
  2.7728000e+004  4.4800000e+001 -3.7880000e+000  1.0000000e-003
  2.7748000e+004  4.4600000e+001 -3.7880000e+000  1.0000000e-003
  2.7768000e+004  4.4800000e+001 -3.7880000e+000  1.0000000e-003
  2.7788000e+004  4.4600000e+001 -3.7880000e+000  1.0000000e-003
  2.7808000e+004  4.4300000e+001 -3.7880000e+000  1.0000000e-003
  2.7828000e+004  4.4300000e+001 -3.7880000e+000  1.0000000e-003
  2.7848000e+004  4.4300000e+001 -3.7880000e+000  1.0000000e-003
  2.7868000e+004  4.4300000e+001 -3.7880000e+000  1.0000000e-003
  2.7888000e+004  4.4100000e+001 -3.7880000e+000  1.0000000e-003
  2.7908000e+004  4.3900000e+001 -3.7880000e+000  1.0000000e-003
  2.7928000e+004  4.3600000e+001 -3.7880000e+000  1.0000000e-003
  2.7948000e+004  4.3800000e+001 -3.7880000e+000  1.0000000e-003
  2.7968000e+004  4.3400000e+001 -3.7880000e+000  1.0000000e-003
  2.7988000e+004  4.3200000e+001 -3.7880000e+000  1.0000000e-003
  2.8008000e+004  4.3400000e+001 -3.7880000e+000  1.0000000e-003
  2.8028000e+004  4.3200000e+001 -3.7880000e+000  1.0000000e-003
  2.8048000e+004  4.3100000e+001 -3.7880000e+000  1.0000000e-003
  2.8068000e+004  4.3100000e+001 -3.7880000e+000  1.0000000e-003
  2.8088000e+004  4.2500000e+001 -3.7880000e+000  1.0000000e-003
  2.8108000e+004  4.2700000e+001 -3.7880000e+000  1.0000000e-003
  2.8128000e+004  4.2500000e+001 -3.7880000e+000  1.0000000e-003
  2.8148000e+004  4.2500000e+001 -3.7880000e+000  1.0000000e-003
  2.8168000e+004  4.2500000e+001 -3.7880000e+000  1.0000000e-003
  2.8188000e+004  4.2300000e+001 -3.7880000e+000  1.0000000e-003
  2.8208000e+004  4.2300000e+001 -3.7880000e+000  1.0000000e-003
  2.8228000e+004  4.2000000e+001 -3.7880000e+000  1.0000000e-003
  2.8248000e+004  4.2200000e+001 -3.7880000e+000  1.0000000e-003
  2.8268000e+004  4.1800000e+001 -3.7880000e+000  1.0000000e-003
  2.8288000e+004  4.1800000e+001 -3.7880000e+000  1.0000000e-003
  2.8308000e+004  4.1700000e+001 -3.7880000e+000  1.0000000e-003
  2.8328000e+004  4.1700000e+001 -3.7880000e+000  1.0000000e-003
  2.8348000e+004  4.1700000e+001 -3.7880000e+000  1.0000000e-003
  2.8368000e+004  4.1700000e+001 -3.7880000e+000  1.0000000e-003
  2.8388000e+004  4.1500000e+001 -3.7880000e+000  1.0000000e-003
  2.8408000e+004  4.1300000e+001 -3.7880000e+000  1.0000000e-003
  2.8428000e+004  4.1100000e+001 -3.7880000e+000  1.0000000e-003
  2.8448000e+004  4.1100000e+001 -3.7880000e+000  1.0000000e-003
  2.8468000e+004  4.1000000e+001 -3.7880000e+000  1.0000000e-003
  2.8488000e+004  4.1100000e+001 -3.7880000e+000  1.0000000e-003
  2.8508000e+004  4.1000000e+001 -3.7880000e+000  1.0000000e-003
  2.8528000e+004  4.1000000e+001 -3.7880000e+000  1.0000000e-003
  2.8548000e+004  4.0600000e+001 -3.7880000e+000  1.0000000e-003
  2.8568000e+004  4.0600000e+001 -3.7880000e+000  1.0000000e-003
  2.8588000e+004  4.0600000e+001 -3.7880000e+000  1.0000000e-003
  2.8608000e+004  4.0300000e+001 -3.7880000e+000  1.0000000e-003
  2.8628000e+004  4.0100000e+001 -3.7880000e+000  1.0000000e-003
  2.8648000e+004  4.0400000e+001 -3.7880000e+000  1.0000000e-003
  2.8668000e+004  3.9900000e+001 -3.7880000e+000  1.0000000e-003
  2.8688000e+004  4.0100000e+001 -3.7880000e+000  1.0000000e-003
  2.8708000e+004  3.9900000e+001 -3.7880000e+000  1.0000000e-003
  2.8728000e+004  3.9600000e+001 -3.7880000e+000  1.0000000e-003
  2.8748000e+004  3.9400000e+001 -3.7880000e+000  1.0000000e-003
  2.8768000e+004  3.9600000e+001 -3.7880000e+000  1.0000000e-003
  2.8788000e+004  3.9700000e+001 -3.7880000e+000  1.0000000e-003
  2.8808000e+004  3.9400000e+001 -3.7880000e+000  1.0000000e-003
  2.8828000e+004  3.9600000e+001 -3.7880000e+000  1.0000000e-003
  2.8848000e+004  3.9200000e+001 -3.7880000e+000  1.0000000e-003
  2.8868000e+004  3.9200000e+001 -3.7880000e+000  1.0000000e-003
  2.8888000e+004  3.9200000e+001 -3.7880000e+000  1.0000000e-003
  2.8908000e+004  3.8800000e+001 -3.7880000e+000  1.0000000e-003
  2.8928000e+004  3.8700000e+001 -3.7880000e+000  1.0000000e-003
  2.8948000e+004  3.9000000e+001 -3.7880000e+000  1.0000000e-003
  2.8968000e+004  3.8800000e+001 -3.7880000e+000  1.0000000e-003
  2.8988000e+004  3.8800000e+001 -3.7880000e+000  1.0000000e-003
  2.9008000e+004  3.8700000e+001 -3.7880000e+000  1.0000000e-003
  2.9028000e+004  3.8700000e+001 -3.7880000e+000  1.0000000e-003
  2.9048000e+004  3.8500000e+001 -3.7880000e+000  1.0000000e-003
  2.9068000e+004  3.8300000e+001 -3.7890000e+000  1.0000000e-003
  2.9088000e+004  3.8200000e+001 -3.7890000e+000  1.0000000e-003
  2.9108000e+004  3.8200000e+001 -3.7890000e+000  1.0000000e-003
  2.9128000e+004  3.8200000e+001 -3.7890000e+000  1.0000000e-003
  2.9148000e+004  3.8000000e+001 -3.7890000e+000  1.0000000e-003
  2.9168000e+004  3.8300000e+001 -3.7890000e+000  1.0000000e-003
  2.9188000e+004  3.7600000e+001 -3.7890000e+000  1.0000000e-003
  2.9208000e+004  3.7800000e+001 -3.7890000e+000  1.0000000e-003
  2.9228000e+004  3.7800000e+001 -3.7890000e+000  1.0000000e-003
  2.9248000e+004  3.7500000e+001 -3.7890000e+000  1.0000000e-003
  2.9268000e+004  3.7600000e+001 -3.7890000e+000  1.0000000e-003
  2.9288000e+004  3.7800000e+001 -3.7890000e+000  1.0000000e-003
  2.9308000e+004  3.7500000e+001 -3.7890000e+000  1.0000000e-003
  2.9328000e+004  3.7300000e+001 -3.7890000e+000  1.0000000e-003
  2.9348000e+004  3.7300000e+001 -3.7890000e+000  1.0000000e-003
  2.9368000e+004  3.7100000e+001 -3.7890000e+000  1.0000000e-003
  2.9388000e+004  3.7300000e+001 -3.7890000e+000  1.0000000e-003
  2.9408000e+004  3.6900000e+001 -3.7890000e+000  1.0000000e-003
  2.9428000e+004  3.6900000e+001 -3.7890000e+000  1.0000000e-003
  2.9448000e+004  3.6900000e+001 -3.7890000e+000  1.0000000e-003
  2.9468000e+004  3.6900000e+001 -3.7890000e+000  1.0000000e-003
  2.9488000e+004  3.6900000e+001 -3.7890000e+000  1.0000000e-003
  2.9508000e+004  3.6600000e+001 -3.7890000e+000  1.0000000e-003
  2.9528000e+004  3.6600000e+001 -3.7890000e+000  1.0000000e-003
  2.9548000e+004  3.6600000e+001 -3.7890000e+000  1.0000000e-003
  2.9568000e+004  3.6600000e+001 -3.7890000e+000  1.0000000e-003
  2.9588000e+004  3.6800000e+001 -3.7890000e+000  1.0000000e-003
  2.9608000e+004  3.6800000e+001 -3.7890000e+000  1.0000000e-003
  2.9628000e+004  3.6400000e+001 -3.7890000e+000  1.0000000e-003
  2.9648000e+004  3.6200000e+001 -3.7890000e+000  1.0000000e-003
  2.9668000e+004  3.6000000e+001 -3.7890000e+000  1.0000000e-003
  2.9688000e+004  3.6000000e+001 -3.7890000e+000  1.0000000e-003
  2.9708000e+004  3.5900000e+001 -3.7890000e+000  1.0000000e-003
  2.9728000e+004  3.6000000e+001 -3.7890000e+000  1.0000000e-003
  2.9748000e+004  3.6200000e+001 -3.7890000e+000  1.0000000e-003
  2.9768000e+004  3.5900000e+001 -3.7890000e+000  1.0000000e-003
  2.9788000e+004  3.5700000e+001 -3.7890000e+000  1.0000000e-003
  2.9808000e+004  3.5900000e+001 -3.7890000e+000  1.0000000e-003
  2.9828000e+004  3.5900000e+001 -3.7890000e+000  1.0000000e-003
  2.9848000e+004  3.5700000e+001 -3.7890000e+000  1.0000000e-003
  2.9868000e+004  3.5700000e+001 -3.7890000e+000  1.0000000e-003
  2.9888000e+004  3.5500000e+001 -3.7890000e+000  1.0000000e-003
  2.9908000e+004  3.5300000e+001 -3.7890000e+000  1.0000000e-003
  2.9928000e+004  3.5500000e+001 -3.7890000e+000  1.0000000e-003
  2.9948000e+004  3.5500000e+001 -3.7890000e+000  1.0000000e-003
  2.9968000e+004  3.5300000e+001 -3.7890000e+000  1.0000000e-003
  2.9988000e+004  3.5200000e+001 -3.7890000e+000  1.0000000e-003
  3.0008000e+004  3.5200000e+001 -3.7890000e+000  1.0000000e-003
  3.0028000e+004  3.5000000e+001 -3.7890000e+000  1.0000000e-003
  3.0048000e+004  3.5000000e+001 -3.7890000e+000  1.0000000e-003
  3.0068000e+004  3.5200000e+001 -3.7890000e+000  1.0000000e-003
  3.0088000e+004  3.5000000e+001 -3.7890000e+000  1.0000000e-003
  3.0108000e+004  3.5000000e+001 -3.7890000e+000  1.0000000e-003
  3.0128000e+004  3.5000000e+001 -3.7890000e+000  1.0000000e-003
  3.0148000e+004  3.4700000e+001 -3.7890000e+000  1.0000000e-003
  3.0168000e+004  3.5000000e+001 -3.7890000e+000  1.0000000e-003
  3.0188000e+004  3.4500000e+001 -3.7890000e+000  1.0000000e-003
  3.0208000e+004  3.4300000e+001 -3.7890000e+000  1.0000000e-003
  3.0228000e+004  3.4800000e+001 -3.7890000e+000  1.0000000e-003
  3.0248000e+004  3.4500000e+001 -3.7890000e+000  1.0000000e-003
  3.0268000e+004  3.4100000e+001 -3.7890000e+000  1.0000000e-003
  3.0288000e+004  3.4100000e+001 -3.7890000e+000  1.0000000e-003
  3.0308000e+004  3.4100000e+001 -3.7890000e+000  1.0000000e-003
  3.0328000e+004  3.4300000e+001 -3.7890000e+000  1.0000000e-003
  3.0348000e+004  3.4000000e+001 -3.7890000e+000  1.0000000e-003
  3.0368000e+004  3.3800000e+001 -3.7890000e+000  1.0000000e-003
  3.0388000e+004  3.4000000e+001 -3.7890000e+000  1.0000000e-003
  3.0408000e+004  3.4000000e+001 -3.7890000e+000  1.0000000e-003
  3.0428000e+004  3.3800000e+001 -3.7890000e+000  1.0000000e-003
  3.0448000e+004  3.4000000e+001 -3.7890000e+000  1.0000000e-003
  3.0468000e+004  3.4000000e+001 -3.7890000e+000  1.0000000e-003
  3.0488000e+004  3.3800000e+001 -3.7890000e+000  1.0000000e-003
  3.0508000e+004  3.3600000e+001 -3.7890000e+000  1.0000000e-003
  3.0528000e+004  3.3400000e+001 -3.7890000e+000  1.0000000e-003
  3.0548000e+004  3.3600000e+001 -3.7890000e+000  1.0000000e-003
  3.0568000e+004  3.3400000e+001 -3.7890000e+000  1.0000000e-003
  3.0588000e+004  3.3600000e+001 -3.7890000e+000  1.0000000e-003
  3.0608000e+004  3.3600000e+001 -3.7890000e+000  1.0000000e-003
  3.0628000e+004  3.3400000e+001 -3.7890000e+000  1.0000000e-003
  3.0648000e+004  3.3100000e+001 -3.7890000e+000  1.0000000e-003
  3.0668000e+004  3.2900000e+001 -3.7890000e+000  1.0000000e-003
  3.0688000e+004  3.3300000e+001 -3.7890000e+000  1.0000000e-003
  3.0708000e+004  3.3300000e+001 -3.7890000e+000  1.0000000e-003
  3.0728000e+004  3.3300000e+001 -3.7890000e+000  1.0000000e-003
  3.0748000e+004  3.3100000e+001 -3.7890000e+000  1.0000000e-003
  3.0768000e+004  3.2900000e+001 -3.7890000e+000  1.0000000e-003
  3.0788000e+004  3.2900000e+001 -3.7890000e+000  1.0000000e-003
  3.0808000e+004  3.2700000e+001 -3.7890000e+000  1.0000000e-003
  3.0828000e+004  3.2700000e+001 -3.7890000e+000  1.0000000e-003
  3.0848000e+004  3.2700000e+001 -3.7890000e+000  1.0000000e-003
  3.0868000e+004  3.2700000e+001 -3.7890000e+000  1.0000000e-003
  3.0888000e+004  3.2500000e+001 -3.7890000e+000  1.0000000e-003
  3.0908000e+004  3.3100000e+001 -3.7890000e+000  1.0000000e-003
  3.0928000e+004  3.2700000e+001 -3.7890000e+000  1.0000000e-003
  3.0948000e+004  3.2500000e+001 -3.7890000e+000  1.0000000e-003
  3.0968000e+004  3.2700000e+001 -3.7890000e+000  1.0000000e-003
  3.0988000e+004  3.2500000e+001 -3.7890000e+000  1.0000000e-003
  3.1008000e+004  3.2400000e+001 -3.7890000e+000  1.0000000e-003
  3.1028000e+004  3.2500000e+001 -3.7890000e+000  1.0000000e-003
  3.1048000e+004  3.2400000e+001 -3.7890000e+000  1.0000000e-003
  3.1068000e+004  3.2400000e+001 -3.7890000e+000  1.0000000e-003
  3.1088000e+004  3.2200000e+001 -3.7890000e+000  1.0000000e-003
  3.1108000e+004  3.2200000e+001 -3.7890000e+000  1.0000000e-003
  3.1128000e+004  3.2200000e+001 -3.7890000e+000  1.0000000e-003
  3.1148000e+004  3.2000000e+001 -3.7890000e+000  1.0000000e-003
  3.1168000e+004  3.2200000e+001 -3.7890000e+000  1.0000000e-003
  3.1188000e+004  3.1900000e+001 -3.7890000e+000  1.0000000e-003
  3.1208000e+004  3.1700000e+001 -3.7890000e+000  1.0000000e-003
  3.1228000e+004  3.1900000e+001 -3.7890000e+000  1.0000000e-003
  3.1248000e+004  3.2200000e+001 -3.7890000e+000  1.0000000e-003
  3.1268000e+004  3.2000000e+001 -3.7890000e+000  1.0000000e-003
  3.1288000e+004  3.1900000e+001 -3.7890000e+000  1.0000000e-003
  3.1308000e+004  3.1700000e+001 -3.7890000e+000  1.0000000e-003
  3.1328000e+004  3.2000000e+001 -3.7890000e+000  1.0000000e-003
  3.1348000e+004  3.1700000e+001 -3.7890000e+000  1.0000000e-003
  3.1368000e+004  3.1500000e+001 -3.7890000e+000  1.0000000e-003
  3.1388000e+004  3.1500000e+001 -3.7890000e+000  1.0000000e-003
  3.1408000e+004  3.1700000e+001 -3.7890000e+000  1.0000000e-003
  3.1428000e+004  3.1500000e+001 -3.7890000e+000  1.0000000e-003
  3.1448000e+004  3.1300000e+001 -3.7890000e+000  1.0000000e-003
  3.1468000e+004  3.1100000e+001 -3.7890000e+000  1.0000000e-003
  3.1488000e+004  3.1300000e+001 -3.7890000e+000  1.0000000e-003
  3.1508000e+004  3.1100000e+001 -3.7890000e+000  1.0000000e-003
  3.1528000e+004  3.1300000e+001 -3.7890000e+000  1.0000000e-003
  3.1548000e+004  3.1100000e+001 -3.7890000e+000  1.0000000e-003
  3.1568000e+004  3.1500000e+001 -3.7890000e+000  1.0000000e-003
