  2.7656000e+004  1.3867000e+003 -2.3810000e+000  1.0000000e-003
  2.7676000e+004  1.3914000e+003 -2.3790000e+000  1.0000000e-003
  2.7696000e+004  1.3911000e+003 -2.3800000e+000  1.0000000e-003
  2.7716000e+004  1.3890000e+003 -2.3810000e+000  1.0000000e-003
  2.7736000e+004  1.3855000e+003 -2.3820000e+000  1.0000000e-003
  2.7756000e+004  1.3816000e+003 -2.3830000e+000  1.0000000e-003
  2.7776000e+004  1.3769000e+003 -2.3830000e+000  1.0000000e-003
  2.7796000e+004  1.3720000e+003 -2.3840000e+000  1.0000000e-003
  2.7816000e+004  1.3664000e+003 -2.3840000e+000  1.0000000e-003
  2.7836000e+004  1.3608000e+003 -2.3840000e+000  1.0000000e-003
  2.7856000e+004  1.3548000e+003 -2.3840000e+000  1.0000000e-003
  2.7876000e+004  1.3489000e+003 -2.3840000e+000  1.0000000e-003
  2.7896000e+004  1.3429000e+003 -2.3850000e+000  1.0000000e-003
  2.7916000e+004  1.3368000e+003 -2.3850000e+000  1.0000000e-003
  2.7936000e+004  1.3303000e+003 -2.3850000e+000  1.0000000e-003
  2.7956000e+004  1.3244000e+003 -2.3860000e+000  1.0000000e-003
  2.7976000e+004  1.3181000e+003 -2.3860000e+000  1.0000000e-003
  2.7996000e+004  1.3118000e+003 -2.3860000e+000  1.0000000e-003
  2.8016000e+004  1.3052000e+003 -2.3860000e+000  1.0000000e-003
  2.8036000e+004  1.2990000e+003 -2.3870000e+000  1.0000000e-003
  2.8056000e+004  1.2927000e+003 -2.3870000e+000  1.0000000e-003
  2.8076000e+004  1.2866000e+003 -2.3870000e+000  1.0000000e-003
  2.8096000e+004  1.2801000e+003 -2.3880000e+000  1.0000000e-003
  2.8116000e+004  1.2740000e+003 -2.3880000e+000  1.0000000e-003
  2.8136000e+004  1.2677000e+003 -2.3880000e+000  1.0000000e-003
  2.8156000e+004  1.2612000e+003 -2.3890000e+000  1.0000000e-003
  2.8176000e+004  1.2553000e+003 -2.3890000e+000  1.0000000e-003
  2.8196000e+004  1.2490000e+003 -2.3890000e+000  1.0000000e-003
  2.8216000e+004  1.2427000e+003 -2.3900000e+000  1.0000000e-003
  2.8236000e+004  1.2362000e+003 -2.3900000e+000  1.0000000e-003
  2.8256000e+004  1.2308000e+003 -2.3910000e+000  1.0000000e-003
  2.8276000e+004  1.2241000e+003 -2.3910000e+000  1.0000000e-003
  2.8296000e+004  1.2177000e+003 -2.3910000e+000  1.0000000e-003
  2.8316000e+004  1.2119000e+003 -2.3920000e+000  1.0000000e-003
  2.8336000e+004  1.2058000e+003 -2.3920000e+000  1.0000000e-003
  2.8356000e+004  1.1996000e+003 -2.3920000e+000  1.0000000e-003
  2.8376000e+004  1.1932000e+003 -2.3920000e+000  1.0000000e-003
  2.8396000e+004  1.1872000e+003 -2.3930000e+000  1.0000000e-003
  2.8416000e+004  1.1811000e+003 -2.3930000e+000  1.0000000e-003
  2.8436000e+004  1.1750000e+003 -2.3930000e+000  1.0000000e-003
  2.8456000e+004  1.1687000e+003 -2.3940000e+000  1.0000000e-003
  2.8476000e+004  1.1625000e+003 -2.3940000e+000  1.0000000e-003
  2.8496000e+004  1.1568000e+003 -2.3940000e+000  1.0000000e-003
  2.8516000e+004  1.1503000e+003 -2.3940000e+000  1.0000000e-003
  2.8536000e+004  1.1445000e+003 -2.3950000e+000  1.0000000e-003
  2.8557000e+004  1.1384000e+003 -2.3950000e+000  1.0000000e-003
  2.8577000e+004  1.1324000e+003 -2.3950000e+000  1.0000000e-003
  2.8597000e+004  1.1266000e+003 -2.3950000e+000  1.0000000e-003
  2.8617000e+004  1.1205000e+003 -2.3960000e+000  1.0000000e-003
  2.8637000e+004  1.1146000e+003 -2.3960000e+000  1.0000000e-003
  2.8657000e+004  1.1085000e+003 -2.3960000e+000  1.0000000e-003
  2.8677000e+004  1.1025000e+003 -2.3960000e+000  1.0000000e-003
  2.8697000e+004  1.0962000e+003 -2.3970000e+000  1.0000000e-003
  2.8717000e+004  1.0903000e+003 -2.3970000e+000  1.0000000e-003
  2.8737000e+004  1.0841000e+003 -2.3970000e+000  1.0000000e-003
  2.8757000e+004  1.0782000e+003 -2.3980000e+000  1.0000000e-003
  2.8777000e+004  1.0726000e+003 -2.3980000e+000  1.0000000e-003
  2.8797000e+004  1.0664000e+003 -2.3980000e+000  1.0000000e-003
  2.8817000e+004  1.0608000e+003 -2.3990000e+000  1.0000000e-003
  2.8837000e+004  1.0553000e+003 -2.3990000e+000  1.0000000e-003
  2.8857000e+004  1.0495000e+003 -2.3990000e+000  1.0000000e-003
  2.8877000e+004  1.0442000e+003 -2.3990000e+000  1.0000000e-003
  2.8897000e+004  1.0386000e+003 -2.4000000e+000  1.0000000e-003
  2.8917000e+004  1.0334000e+003 -2.4000000e+000  1.0000000e-003
  2.8937000e+004  1.0278000e+003 -2.4000000e+000  1.0000000e-003
  2.8957000e+004  1.0227000e+003 -2.4010000e+000  1.0000000e-003
  2.8977000e+004  1.0176000e+003 -2.4010000e+000  1.0000000e-003
  2.8997000e+004  1.0127000e+003 -2.4010000e+000  1.0000000e-003
  2.9017000e+004  1.0075000e+003 -2.4020000e+000  1.0000000e-003
  2.9037000e+004  1.0026000e+003 -2.4020000e+000  1.0000000e-003
  2.9057000e+004  9.9790000e+002 -2.4020000e+000  1.0000000e-003
  2.9077000e+004  9.9300000e+002 -2.4020000e+000  1.0000000e-003
  2.9097000e+004  9.8840000e+002 -2.4030000e+000  1.0000000e-003
  2.9117000e+004  9.8350000e+002 -2.4030000e+000  1.0000000e-003
  2.9137000e+004  9.7860000e+002 -2.4030000e+000  1.0000000e-003
  2.9157000e+004  9.7370000e+002 -2.4040000e+000  1.0000000e-003
  2.9178000e+004  9.6910000e+002 -2.4040000e+000  1.0000000e-003
  2.9198000e+004  9.6500000e+002 -2.4040000e+000  1.0000000e-003
  2.9218000e+004  9.6020000e+002 -2.4040000e+000  1.0000000e-003
  2.9238000e+004  9.5570000e+002 -2.4050000e+000  1.0000000e-003
  2.9258000e+004  9.5100000e+002 -2.4050000e+000  1.0000000e-003
  2.9278000e+004  9.4660000e+002 -2.4050000e+000  1.0000000e-003
  2.9298000e+004  9.4260000e+002 -2.4060000e+000  1.0000000e-003
  2.9318000e+004  9.3830000e+002 -2.4060000e+000  1.0000000e-003
  2.9338000e+004  9.3420000e+002 -2.4060000e+000  1.0000000e-003
  2.9358000e+004  9.2980000e+002 -2.4060000e+000  1.0000000e-003
  2.9378000e+004  9.2560000e+002 -2.4070000e+000  1.0000000e-003
  2.9398000e+004  9.2170000e+002 -2.4070000e+000  1.0000000e-003
  2.9418000e+004  9.1750000e+002 -2.4070000e+000  1.0000000e-003
  2.9438000e+004  9.1350000e+002 -2.4070000e+000  1.0000000e-003
  2.9458000e+004  9.0950000e+002 -2.4080000e+000  1.0000000e-003
  2.9478000e+004  9.0560000e+002 -2.4080000e+000  1.0000000e-003
  2.9498000e+004  9.0140000e+002 -2.4080000e+000  1.0000000e-003
  2.9518000e+004  8.9780000e+002 -2.4090000e+000  1.0000000e-003
  2.9538000e+004  8.9410000e+002 -2.4090000e+000  1.0000000e-003
  2.9558000e+004  8.8990000e+002 -2.4090000e+000  1.0000000e-003
  2.9578000e+004  8.8620000e+002 -2.4100000e+000  1.0000000e-003
  2.9598000e+004  8.8230000e+002 -2.4100000e+000  1.0000000e-003
  2.9618000e+004  8.7890000e+002 -2.4100000e+000  1.0000000e-003
  2.9638000e+004  8.7520000e+002 -2.4100000e+000  1.0000000e-003
  2.9658000e+004  8.7130000e+002 -2.4110000e+000  1.0000000e-003
  2.9678000e+004  8.6770000e+002 -2.4110000e+000  1.0000000e-003
  2.9698000e+004  8.6380000e+002 -2.4110000e+000  1.0000000e-003
  2.9718000e+004  8.6030000e+002 -2.4120000e+000  1.0000000e-003
  2.9738000e+004  8.5650000e+002 -2.4120000e+000  1.0000000e-003
  2.9758000e+004  8.5300000e+002 -2.4120000e+000  1.0000000e-003
  2.9778000e+004  8.4950000e+002 -2.4120000e+000  1.0000000e-003
  2.9798000e+004  8.4610000e+002 -2.4130000e+000  1.0000000e-003
  2.9818000e+004  8.4240000e+002 -2.4130000e+000  1.0000000e-003
  2.9838000e+004  8.3930000e+002 -2.4130000e+000  1.0000000e-003
  2.9859000e+004  8.3550000e+002 -2.4130000e+000  1.0000000e-003
  2.9879000e+004  8.3200000e+002 -2.4140000e+000  1.0000000e-003
  2.9899000e+004  8.2900000e+002 -2.4140000e+000  1.0000000e-003
  2.9919000e+004  8.2530000e+002 -2.4140000e+000  1.0000000e-003
  2.9939000e+004  8.2200000e+002 -2.4150000e+000  1.0000000e-003
  2.9959000e+004  8.1880000e+002 -2.4150000e+000  1.0000000e-003
  2.9979000e+004  8.1530000e+002 -2.4150000e+000  1.0000000e-003
  2.9999000e+004  8.1220000e+002 -2.4150000e+000  1.0000000e-003
  3.0019000e+004  8.0890000e+002 -2.4150000e+000  1.0000000e-003
  3.0039000e+004  8.0590000e+002 -2.4160000e+000  1.0000000e-003
  3.0059000e+004  8.0270000e+002 -2.4160000e+000  1.0000000e-003
  3.0079000e+004  7.9940000e+002 -2.4160000e+000  1.0000000e-003
  3.0099000e+004  7.9630000e+002 -2.4170000e+000  1.0000000e-003
  3.0119000e+004  7.9330000e+002 -2.4170000e+000  1.0000000e-003
  3.0139000e+004  7.8990000e+002 -2.4170000e+000  1.0000000e-003
  3.0159000e+004  7.8700000e+002 -2.4180000e+000  1.0000000e-003
  3.0179000e+004  7.8360000e+002 -2.4180000e+000  1.0000000e-003
  3.0199000e+004  7.8100000e+002 -2.4180000e+000  1.0000000e-003
  3.0219000e+004  7.7820000e+002 -2.4180000e+000  1.0000000e-003
  3.0239000e+004  7.7490000e+002 -2.4190000e+000  1.0000000e-003
  3.0259000e+004  7.7180000e+002 -2.4190000e+000  1.0000000e-003
  3.0279000e+004  7.6880000e+002 -2.4190000e+000  1.0000000e-003
  3.0299000e+004  7.6580000e+002 -2.4200000e+000  1.0000000e-003
  3.0319000e+004  7.6270000e+002 -2.4200000e+000  1.0000000e-003
  3.0339000e+004  7.5980000e+002 -2.4200000e+000  1.0000000e-003
  3.0359000e+004  7.5720000e+002 -2.4200000e+000  1.0000000e-003
  3.0379000e+004  7.5430000e+002 -2.4210000e+000  1.0000000e-003
  3.0399000e+004  7.5110000e+002 -2.4210000e+000  1.0000000e-003
  3.0419000e+004  7.4810000e+002 -2.4210000e+000  1.0000000e-003
  3.0439000e+004  7.4520000e+002 -2.4210000e+000  1.0000000e-003
  3.0459000e+004  7.4220000e+002 -2.4220000e+000  1.0000000e-003
  3.0479000e+004  7.3940000e+002 -2.4220000e+000  1.0000000e-003
  3.0499000e+004  7.3660000e+002 -2.4220000e+000  1.0000000e-003
  3.0519000e+004  7.3390000e+002 -2.4220000e+000  1.0000000e-003
  3.0539000e+004  7.3110000e+002 -2.4220000e+000  1.0000000e-003
  3.0559000e+004  7.2830000e+002 -2.4230000e+000  1.0000000e-003
  3.0579000e+004  7.2540000e+002 -2.4230000e+000  1.0000000e-003
  3.0599000e+004  7.2280000e+002 -2.4230000e+000  1.0000000e-003
  3.0619000e+004  7.2000000e+002 -2.4230000e+000  1.0000000e-003
  3.0639000e+004  7.1710000e+002 -2.4230000e+000  1.0000000e-003
  3.0659000e+004  7.1450000e+002 -2.4240000e+000  1.0000000e-003
  3.0680000e+004  7.1170000e+002 -2.4240000e+000  1.0000000e-003
  3.0700000e+004  7.0930000e+002 -2.4240000e+000  1.0000000e-003
  3.0720000e+004  7.0670000e+002 -2.4240000e+000  1.0000000e-003
  3.0740000e+004  7.0390000e+002 -2.4240000e+000  1.0000000e-003
  3.0760000e+004  7.0120000e+002 -2.4250000e+000  1.0000000e-003
  3.0780000e+004  6.9860000e+002 -2.4250000e+000  1.0000000e-003
  3.0800000e+004  6.9600000e+002 -2.4250000e+000  1.0000000e-003
  3.0820000e+004  6.9330000e+002 -2.4250000e+000  1.0000000e-003
  3.0840000e+004  6.9070000e+002 -2.4250000e+000  1.0000000e-003
  3.0860000e+004  6.8810000e+002 -2.4250000e+000  1.0000000e-003
  3.0880000e+004  6.8580000e+002 -2.4260000e+000  1.0000000e-003
  3.0900000e+004  6.8320000e+002 -2.4260000e+000  1.0000000e-003
  3.0920000e+004  6.8090000e+002 -2.4260000e+000  1.0000000e-003
  3.0940000e+004  6.7830000e+002 -2.4260000e+000  1.0000000e-003
  3.0960000e+004  6.7570000e+002 -2.4270000e+000  1.0000000e-003
  3.0980000e+004  6.7320000e+002 -2.4270000e+000  1.0000000e-003
  3.1000000e+004  6.7080000e+002 -2.4270000e+000  1.0000000e-003
  3.1020000e+004  6.6810000e+002 -2.4270000e+000  1.0000000e-003
  3.1040000e+004  6.6590000e+002 -2.4270000e+000  1.0000000e-003
  3.1060000e+004  6.6340000e+002 -2.4280000e+000  1.0000000e-003
  3.1080000e+004  6.6110000e+002 -2.4280000e+000  1.0000000e-003
  3.1100000e+004  6.5870000e+002 -2.4280000e+000  1.0000000e-003
  3.1120000e+004  6.5630000e+002 -2.4280000e+000  1.0000000e-003
  3.1140000e+004  6.5380000e+002 -2.4280000e+000  1.0000000e-003
  3.1160000e+004  6.5140000e+002 -2.4290000e+000  1.0000000e-003
  3.1180000e+004  6.4890000e+002 -2.4290000e+000  1.0000000e-003
  3.1200000e+004  6.4630000e+002 -2.4290000e+000  1.0000000e-003
  3.1220000e+004  6.4380000e+002 -2.4290000e+000  1.0000000e-003
  3.1240000e+004  6.4150000e+002 -2.4300000e+000  1.0000000e-003
  3.1260000e+004  6.3930000e+002 -2.4300000e+000  1.0000000e-003
  3.1280000e+004  6.3700000e+002 -2.4300000e+000  1.0000000e-003
  3.1300000e+004  6.3450000e+002 -2.4300000e+000  1.0000000e-003
  3.1320000e+004  6.3230000e+002 -2.4310000e+000  1.0000000e-003
  3.1340000e+004  6.3000000e+002 -2.4310000e+000  1.0000000e-003
  3.1360000e+004  6.2760000e+002 -2.4310000e+000  1.0000000e-003
  3.1380000e+004  6.2510000e+002 -2.4310000e+000  1.0000000e-003
  3.1400000e+004  6.2280000e+002 -2.4310000e+000  1.0000000e-003
  3.1420000e+004  6.2050000e+002 -2.4320000e+000  1.0000000e-003
  3.1440000e+004  6.1830000e+002 -2.4320000e+000  1.0000000e-003
  3.1461000e+004  6.1600000e+002 -2.4320000e+000  1.0000000e-003
  3.1481000e+004  6.1390000e+002 -2.4320000e+000  1.0000000e-003
  3.1501000e+004  6.1180000e+002 -2.4320000e+000  1.0000000e-003
  3.1521000e+004  6.0930000e+002 -2.4330000e+000  1.0000000e-003
  3.1541000e+004  6.0710000e+002 -2.4330000e+000  1.0000000e-003
  3.1581000e+004  6.0230000e+002 -2.4330000e+000  1.0000000e-003
  3.1601000e+004  6.0030000e+002 -2.4330000e+000  1.0000000e-003
  3.1621000e+004  5.9800000e+002 -2.4330000e+000  1.0000000e-003
  3.1641000e+004  5.9590000e+002 -2.4340000e+000  1.0000000e-003
  3.1661000e+004  5.9340000e+002 -2.4340000e+000  1.0000000e-003
  3.1681000e+004  5.9130000e+002 -2.4340000e+000  1.0000000e-003
  3.1701000e+004  5.8920000e+002 -2.4340000e+000  1.0000000e-003
  3.1721000e+004  5.8710000e+002 -2.4340000e+000  1.0000000e-003
  3.1741000e+004  5.8500000e+002 -2.4340000e+000  1.0000000e-003
  3.1761000e+004  5.8290000e+002 -2.4340000e+000  1.0000000e-003
  3.1781000e+004  5.8100000e+002 -2.4340000e+000  1.0000000e-003
  3.1801000e+004  5.7870000e+002 -2.4350000e+000  1.0000000e-003
  3.1821000e+004  5.7660000e+002 -2.4350000e+000  1.0000000e-003
  3.1841000e+004  5.7450000e+002 -2.4350000e+000  1.0000000e-003
  3.1861000e+004  5.7240000e+002 -2.4350000e+000  1.0000000e-003
  3.1881000e+004  5.7030000e+002 -2.4350000e+000  1.0000000e-003
  3.1901000e+004  5.6820000e+002 -2.4350000e+000  1.0000000e-003
  3.1921000e+004  5.6610000e+002 -2.4350000e+000  1.0000000e-003
  3.1941000e+004  5.6440000e+002 -2.4360000e+000  1.0000000e-003
  3.1961000e+004  5.6240000e+002 -2.4360000e+000  1.0000000e-003
  3.1981000e+004  5.6030000e+002 -2.4360000e+000  1.0000000e-003
  3.2001000e+004  5.5810000e+002 -2.4360000e+000  1.0000000e-003
  3.2021000e+004  5.5630000e+002 -2.4360000e+000  1.0000000e-003
  3.2041000e+004  5.5420000e+002 -2.4360000e+000  1.0000000e-003
  3.2061000e+004  5.5230000e+002 -2.4360000e+000  1.0000000e-003
  3.2082000e+004  5.5000000e+002 -2.4370000e+000  1.0000000e-003
  3.2106000e+004  5.4760000e+002 -2.4370000e+000  1.0000000e-003
  3.2127000e+004  5.4550000e+002 -2.4370000e+000  1.0000000e-003
  3.2147000e+004  5.4340000e+002 -2.4370000e+000  1.0000000e-003
  3.2167000e+004  5.4150000e+002 -2.4370000e+000  1.0000000e-003
  3.2187000e+004  5.3950000e+002 -2.4380000e+000  1.0000000e-003
  3.2207000e+004  5.3760000e+002 -2.4380000e+000  1.0000000e-003
  3.2227000e+004  5.3570000e+002 -2.4380000e+000  1.0000000e-003
  3.2247000e+004  5.3380000e+002 -2.4380000e+000  1.0000000e-003
  3.2267000e+004  5.3160000e+002 -2.4380000e+000  1.0000000e-003
  3.2287000e+004  5.2970000e+002 -2.4380000e+000  1.0000000e-003
  3.2307000e+004  5.2760000e+002 -2.4390000e+000  1.0000000e-003
  3.2327000e+004  5.2570000e+002 -2.4390000e+000  1.0000000e-003
  3.2347000e+004  5.2380000e+002 -2.4390000e+000  1.0000000e-003
  3.2367000e+004  5.2170000e+002 -2.4390000e+000  1.0000000e-003
  3.2387000e+004  5.1990000e+002 -2.4390000e+000  1.0000000e-003
  3.2407000e+004  5.1800000e+002 -2.4390000e+000  1.0000000e-003
  3.2427000e+004  5.1590000e+002 -2.4400000e+000  1.0000000e-003
  3.2447000e+004  5.1430000e+002 -2.4400000e+000  1.0000000e-003
  3.2467000e+004  5.1260000e+002 -2.4400000e+000  1.0000000e-003
  3.2487000e+004  5.1050000e+002 -2.4400000e+000  1.0000000e-003
  3.2507000e+004  5.0870000e+002 -2.4400000e+000  1.0000000e-003
  3.2527000e+004  5.0680000e+002 -2.4400000e+000  1.0000000e-003
  3.2547000e+004  5.0470000e+002 -2.4410000e+000  1.0000000e-003
  3.2567000e+004  5.0300000e+002 -2.4410000e+000  1.0000000e-003
  3.2587000e+004  5.0100000e+002 -2.4410000e+000  1.0000000e-003
  3.2607000e+004  4.9930000e+002 -2.4410000e+000  1.0000000e-003
  3.2627000e+004  4.9720000e+002 -2.4410000e+000  1.0000000e-003
  3.2647000e+004  4.9530000e+002 -2.4420000e+000  1.0000000e-003
  3.2667000e+004  4.9380000e+002 -2.4420000e+000  1.0000000e-003
  3.2687000e+004  4.9210000e+002 -2.4420000e+000  1.0000000e-003
  3.2707000e+004  4.9020000e+002 -2.4420000e+000  1.0000000e-003
  3.2727000e+004  4.8840000e+002 -2.4420000e+000  1.0000000e-003
  3.2748000e+004  4.8700000e+002 -2.4420000e+000  1.0000000e-003
  3.2773000e+004  4.8460000e+002 -2.4430000e+000  1.0000000e-003
  3.2797000e+004  4.8210000e+002 -2.4430000e+000  1.0000000e-003
  3.2818000e+004  4.8040000e+002 -2.4430000e+000  1.0000000e-003
  3.2838000e+004  4.7860000e+002 -2.4430000e+000  1.0000000e-003
  3.2858000e+004  4.7670000e+002 -2.4430000e+000  1.0000000e-003
  3.2878000e+004  4.7480000e+002 -2.4430000e+000  1.0000000e-003
  3.2898000e+004  4.7340000e+002 -2.4430000e+000  1.0000000e-003
  3.2918000e+004  4.7150000e+002 -2.4440000e+000  1.0000000e-003
  3.2938000e+004  4.7010000e+002 -2.4440000e+000  1.0000000e-003
  3.2958000e+004  4.6810000e+002 -2.4440000e+000  1.0000000e-003
  3.2978000e+004  4.6620000e+002 -2.4440000e+000  1.0000000e-003
  3.2998000e+004  4.6460000e+002 -2.4440000e+000  1.0000000e-003
  3.3018000e+004  4.6320000e+002 -2.4440000e+000  1.0000000e-003
  3.3038000e+004  4.6160000e+002 -2.4440000e+000  1.0000000e-003
  3.3058000e+004  4.5970000e+002 -2.4440000e+000  1.0000000e-003
  3.3078000e+004  4.5810000e+002 -2.4450000e+000  1.0000000e-003
  3.3098000e+004  4.5640000e+002 -2.4450000e+000  1.0000000e-003
  3.3118000e+004  4.5480000e+002 -2.4450000e+000  1.0000000e-003
  3.3138000e+004  4.5310000e+002 -2.4450000e+000  1.0000000e-003
  3.3158000e+004  4.5130000e+002 -2.4450000e+000  1.0000000e-003
  3.3178000e+004  4.4980000e+002 -2.4450000e+000  1.0000000e-003
  3.3198000e+004  4.4820000e+002 -2.4450000e+000  1.0000000e-003
  3.3218000e+004  4.4640000e+002 -2.4450000e+000  1.0000000e-003
  3.3238000e+004  4.4490000e+002 -2.4460000e+000  1.0000000e-003
  3.3258000e+004  4.4330000e+002 -2.4460000e+000  1.0000000e-003
  3.3278000e+004  4.4150000e+002 -2.4460000e+000  1.0000000e-003
  3.3298000e+004  4.4010000e+002 -2.4460000e+000  1.0000000e-003
  3.3318000e+004  4.3840000e+002 -2.4460000e+000  1.0000000e-003
  3.3338000e+004  4.3700000e+002 -2.4460000e+000  1.0000000e-003
  3.3358000e+004  4.3520000e+002 -2.4460000e+000  1.0000000e-003
  3.3378000e+004  4.3380000e+002 -2.4470000e+000  1.0000000e-003
  3.3398000e+004  4.3210000e+002 -2.4470000e+000  1.0000000e-003
  3.3418000e+004  4.3030000e+002 -2.4470000e+000  1.0000000e-003
  3.3438000e+004  4.2880000e+002 -2.4470000e+000  1.0000000e-003
  3.3458000e+004  4.2700000e+002 -2.4470000e+000  1.0000000e-003
  3.3478000e+004  4.2560000e+002 -2.4470000e+000  1.0000000e-003
  3.3498000e+004  4.2380000e+002 -2.4470000e+000  1.0000000e-003
  3.3518000e+004  4.2230000e+002 -2.4470000e+000  1.0000000e-003
  3.3538000e+004  4.2070000e+002 -2.4480000e+000  1.0000000e-003
  3.3558000e+004  4.1910000e+002 -2.4480000e+000  1.0000000e-003
  3.3578000e+004  4.1750000e+002 -2.4480000e+000  1.0000000e-003
  3.3598000e+004  4.1600000e+002 -2.4480000e+000  1.0000000e-003
  3.3618000e+004  4.1460000e+002 -2.4480000e+000  1.0000000e-003
  3.3638000e+004  4.1300000e+002 -2.4480000e+000  1.0000000e-003
  3.3658000e+004  4.1160000e+002 -2.4480000e+000  1.0000000e-003
  3.3678000e+004  4.1000000e+002 -2.4490000e+000  1.0000000e-003
  3.3698000e+004  4.0860000e+002 -2.4490000e+000  1.0000000e-003
  3.3718000e+004  4.0710000e+002 -2.4490000e+000  1.0000000e-003
  3.3738000e+004  4.0550000e+002 -2.4490000e+000  1.0000000e-003
  3.3759000e+004  4.0390000e+002 -2.4490000e+000  1.0000000e-003
  3.3779000e+004  4.0250000e+002 -2.4490000e+000  1.0000000e-003
  3.3799000e+004  4.0090000e+002 -2.4490000e+000  1.0000000e-003
  3.3819000e+004  3.9940000e+002 -2.4500000e+000  1.0000000e-003
  3.3839000e+004  3.9780000e+002 -2.4500000e+000  1.0000000e-003
  3.3859000e+004  3.9650000e+002 -2.4500000e+000  1.0000000e-003
  3.3879000e+004  3.9460000e+002 -2.4500000e+000  1.0000000e-003
  3.3899000e+004  3.9320000e+002 -2.4500000e+000  1.0000000e-003
  3.3919000e+004  3.9200000e+002 -2.4500000e+000  1.0000000e-003
  3.3939000e+004  3.9040000e+002 -2.4500000e+000  1.0000000e-003
  3.3959000e+004  3.8900000e+002 -2.4500000e+000  1.0000000e-003
  3.3979000e+004  3.8760000e+002 -2.4500000e+000  1.0000000e-003
  3.3999000e+004  3.8590000e+002 -2.4510000e+000  1.0000000e-003
  3.4019000e+004  3.8500000e+002 -2.4510000e+000  1.0000000e-003
  3.4039000e+004  3.8330000e+002 -2.4510000e+000  1.0000000e-003
  3.4059000e+004  3.8200000e+002 -2.4510000e+000  1.0000000e-003
  3.4079000e+004  3.8060000e+002 -2.4510000e+000  1.0000000e-003
  3.4099000e+004  3.7920000e+002 -2.4510000e+000  1.0000000e-003
  3.4119000e+004  3.7760000e+002 -2.4510000e+000  1.0000000e-003
  3.4139000e+004  3.7610000e+002 -2.4510000e+000  1.0000000e-003
  3.4159000e+004  3.7470000e+002 -2.4520000e+000  1.0000000e-003
  3.4179000e+004  3.7330000e+002 -2.4520000e+000  1.0000000e-003
  3.4199000e+004  3.7210000e+002 -2.4520000e+000  1.0000000e-003
  3.4219000e+004  3.7050000e+002 -2.4520000e+000  1.0000000e-003
  3.4239000e+004  3.6930000e+002 -2.4520000e+000  1.0000000e-003
  3.4259000e+004  3.6770000e+002 -2.4520000e+000  1.0000000e-003
  3.4279000e+004  3.6640000e+002 -2.4520000e+000  1.0000000e-003
  3.4299000e+004  3.6490000e+002 -2.4520000e+000  1.0000000e-003
  3.4319000e+004  3.6380000e+002 -2.4530000e+000  1.0000000e-003
  3.4339000e+004  3.6260000e+002 -2.4530000e+000  1.0000000e-003
  3.4359000e+004  3.6100000e+002 -2.4530000e+000  1.0000000e-003
  3.4379000e+004  3.5980000e+002 -2.4530000e+000  1.0000000e-003
  3.4399000e+004  3.5890000e+002 -2.4530000e+000  1.0000000e-003
  3.4419000e+004  3.5750000e+002 -2.4530000e+000  1.0000000e-003
  3.4439000e+004  3.5610000e+002 -2.4530000e+000  1.0000000e-003
  3.4459000e+004  3.5470000e+002 -2.4530000e+000  1.0000000e-003
  3.4479000e+004  3.5330000e+002 -2.4530000e+000  1.0000000e-003
  3.4499000e+004  3.5210000e+002 -2.4530000e+000  1.0000000e-003
  3.4519000e+004  3.5050000e+002 -2.4530000e+000  1.0000000e-003
  3.4539000e+004  3.4950000e+002 -2.4540000e+000  1.0000000e-003
  3.4559000e+004  3.4810000e+002 -2.4540000e+000  1.0000000e-003
  3.4579000e+004  3.4670000e+002 -2.4540000e+000  1.0000000e-003
  3.4599000e+004  3.4530000e+002 -2.4540000e+000  1.0000000e-003
  3.4619000e+004  3.4420000e+002 -2.4540000e+000  1.0000000e-003
  3.4639000e+004  3.4270000e+002 -2.4540000e+000  1.0000000e-003
  3.4659000e+004  3.4130000e+002 -2.4540000e+000  1.0000000e-003
  3.4679000e+004  3.4000000e+002 -2.4540000e+000  1.0000000e-003
  3.4699000e+004  3.3860000e+002 -2.4540000e+000  1.0000000e-003
  3.4719000e+004  3.3740000e+002 -2.4540000e+000  1.0000000e-003
  3.4739000e+004  3.3620000e+002 -2.4540000e+000  1.0000000e-003
  3.4760000e+004  3.3490000e+002 -2.4550000e+000  1.0000000e-003
  3.4780000e+004  3.3390000e+002 -2.4550000e+000  1.0000000e-003
  3.4800000e+004  3.3250000e+002 -2.4550000e+000  1.0000000e-003
  3.4820000e+004  3.3090000e+002 -2.4550000e+000  1.0000000e-003
  3.4840000e+004  3.3010000e+002 -2.4550000e+000  1.0000000e-003
  3.4860000e+004  3.2850000e+002 -2.4550000e+000  1.0000000e-003
  3.4880000e+004  3.2730000e+002 -2.4550000e+000  1.0000000e-003
  3.4900000e+004  3.2600000e+002 -2.4550000e+000  1.0000000e-003
  3.4920000e+004  3.2480000e+002 -2.4550000e+000  1.0000000e-003
  3.4940000e+004  3.2360000e+002 -2.4550000e+000  1.0000000e-003
  3.4960000e+004  3.2240000e+002 -2.4560000e+000  1.0000000e-003
  3.4980000e+004  3.2110000e+002 -2.4560000e+000  1.0000000e-003
  3.5000000e+004  3.1970000e+002 -2.4560000e+000  1.0000000e-003
  3.5020000e+004  3.1850000e+002 -2.4560000e+000  1.0000000e-003
  3.5040000e+004  3.1710000e+002 -2.4560000e+000  1.0000000e-003
  3.5060000e+004  3.1600000e+002 -2.4560000e+000  1.0000000e-003
  3.5080000e+004  3.1460000e+002 -2.4560000e+000  1.0000000e-003
  3.5100000e+004  3.1380000e+002 -2.4560000e+000  1.0000000e-003
  3.5120000e+004  3.1260000e+002 -2.4570000e+000  1.0000000e-003
  3.5140000e+004  3.1100000e+002 -2.4570000e+000  1.0000000e-003
  3.5160000e+004  3.0990000e+002 -2.4570000e+000  1.0000000e-003
  3.5180000e+004  3.0870000e+002 -2.4570000e+000  1.0000000e-003
  3.5200000e+004  3.0750000e+002 -2.4570000e+000  1.0000000e-003
  3.5220000e+004  3.0640000e+002 -2.4570000e+000  1.0000000e-003
  3.5240000e+004  3.0550000e+002 -2.4570000e+000  1.0000000e-003
  3.5260000e+004  3.0410000e+002 -2.4570000e+000  1.0000000e-003
  3.5280000e+004  3.0310000e+002 -2.4570000e+000  1.0000000e-003
  3.5300000e+004  3.0190000e+002 -2.4570000e+000  1.0000000e-003
  3.5320000e+004  3.0060000e+002 -2.4580000e+000  1.0000000e-003
  3.5340000e+004  2.9960000e+002 -2.4580000e+000  1.0000000e-003
  3.5360000e+004  2.9820000e+002 -2.4580000e+000  1.0000000e-003
  3.5380000e+004  2.9710000e+002 -2.4580000e+000  1.0000000e-003
  3.5400000e+004  2.9590000e+002 -2.4580000e+000  1.0000000e-003
  3.5420000e+004  2.9490000e+002 -2.4580000e+000  1.0000000e-003
  3.5440000e+004  2.9370000e+002 -2.4580000e+000  1.0000000e-003
  3.5460000e+004  2.9240000e+002 -2.4580000e+000  1.0000000e-003
  3.5480000e+004  2.9120000e+002 -2.4580000e+000  1.0000000e-003
  3.5500000e+004  2.9030000e+002 -2.4590000e+000  1.0000000e-003
  3.5520000e+004  2.8910000e+002 -2.4590000e+000  1.0000000e-003
  3.5540000e+004  2.8800000e+002 -2.4590000e+000  1.0000000e-003
  3.5560000e+004  2.8680000e+002 -2.4590000e+000  1.0000000e-003
  3.5581000e+004  2.8590000e+002 -2.4590000e+000  1.0000000e-003
  3.5601000e+004  2.8490000e+002 -2.4590000e+000  1.0000000e-003
  3.5621000e+004  2.8350000e+002 -2.4590000e+000  1.0000000e-003
  3.5641000e+004  2.8240000e+002 -2.4590000e+000  1.0000000e-003
  3.5661000e+004  2.8160000e+002 -2.4600000e+000  1.0000000e-003
  3.5681000e+004  2.8070000e+002 -2.4600000e+000  1.0000000e-003
  3.5701000e+004  2.7950000e+002 -2.4600000e+000  1.0000000e-003
  3.5721000e+004  2.7860000e+002 -2.4600000e+000  1.0000000e-003
  3.5741000e+004  2.7760000e+002 -2.4600000e+000  1.0000000e-003
  3.5761000e+004  2.7630000e+002 -2.4600000e+000  1.0000000e-003
  3.5781000e+004  2.7560000e+002 -2.4600000e+000  1.0000000e-003
  3.5801000e+004  2.7420000e+002 -2.4600000e+000  1.0000000e-003
  3.5821000e+004  2.7330000e+002 -2.4600000e+000  1.0000000e-003
  3.5841000e+004  2.7230000e+002 -2.4600000e+000  1.0000000e-003
  3.5861000e+004  2.7130000e+002 -2.4610000e+000  1.0000000e-003
  3.5881000e+004  2.7000000e+002 -2.4610000e+000  1.0000000e-003
  3.5901000e+004  2.6910000e+002 -2.4610000e+000  1.0000000e-003
  3.5921000e+004  2.6810000e+002 -2.4610000e+000  1.0000000e-003
  3.5941000e+004  2.6690000e+002 -2.4610000e+000  1.0000000e-003
  3.5961000e+004  2.6580000e+002 -2.4610000e+000  1.0000000e-003
  3.5981000e+004  2.6480000e+002 -2.4610000e+000  1.0000000e-003
  3.6001000e+004  2.6370000e+002 -2.4610000e+000  1.0000000e-003
  3.6021000e+004  2.6250000e+002 -2.4610000e+000  1.0000000e-003
  3.6041000e+004  2.6140000e+002 -2.4610000e+000  1.0000000e-003
  3.6061000e+004  2.6040000e+002 -2.4610000e+000  1.0000000e-003
  3.6081000e+004  2.5930000e+002 -2.4620000e+000  1.0000000e-003
  3.6101000e+004  2.5850000e+002 -2.4620000e+000  1.0000000e-003
  3.6121000e+004  2.5740000e+002 -2.4620000e+000  1.0000000e-003
  3.6141000e+004  2.5620000e+002 -2.4620000e+000  1.0000000e-003
  3.6161000e+004  2.5510000e+002 -2.4620000e+000  1.0000000e-003
  3.6181000e+004  2.5440000e+002 -2.4620000e+000  1.0000000e-003
  3.6201000e+004  2.5340000e+002 -2.4620000e+000  1.0000000e-003
  3.6221000e+004  2.5250000e+002 -2.4620000e+000  1.0000000e-003
  3.6241000e+004  2.5150000e+002 -2.4630000e+000  1.0000000e-003
  3.6261000e+004  2.5040000e+002 -2.4630000e+000  1.0000000e-003
  3.6281000e+004  2.4970000e+002 -2.4630000e+000  1.0000000e-003
  3.6301000e+004  2.4850000e+002 -2.4630000e+000  1.0000000e-003
  3.6322000e+004  2.4710000e+002 -2.4630000e+000  1.0000000e-003
  3.6342000e+004  2.4640000e+002 -2.4630000e+000  1.0000000e-003
  3.6362000e+004  2.4540000e+002 -2.4630000e+000  1.0000000e-003
  3.6382000e+004  2.4450000e+002 -2.4630000e+000  1.0000000e-003
  3.6402000e+004  2.4340000e+002 -2.4630000e+000  1.0000000e-003
  3.6422000e+004  2.4250000e+002 -2.4640000e+000  1.0000000e-003
  3.6442000e+004  2.4150000e+002 -2.4640000e+000  1.0000000e-003
  3.6462000e+004  2.4060000e+002 -2.4640000e+000  1.0000000e-003
  3.6482000e+004  2.3970000e+002 -2.4640000e+000  1.0000000e-003
  3.6502000e+004  2.3830000e+002 -2.4640000e+000  1.0000000e-003
  3.6522000e+004  2.3770000e+002 -2.4640000e+000  1.0000000e-003
  3.6542000e+004  2.3660000e+002 -2.4640000e+000  1.0000000e-003
  3.6562000e+004  2.3570000e+002 -2.4640000e+000  1.0000000e-003
  3.6582000e+004  2.3490000e+002 -2.4640000e+000  1.0000000e-003
  3.6602000e+004  2.3410000e+002 -2.4640000e+000  1.0000000e-003
  3.6622000e+004  2.3330000e+002 -2.4640000e+000  1.0000000e-003
  3.6642000e+004  2.3220000e+002 -2.4640000e+000  1.0000000e-003
  3.6662000e+004  2.3150000e+002 -2.4640000e+000  1.0000000e-003
  3.6682000e+004  2.3050000e+002 -2.4650000e+000  1.0000000e-003
  3.6702000e+004  2.2960000e+002 -2.4650000e+000  1.0000000e-003
  3.6722000e+004  2.2860000e+002 -2.4650000e+000  1.0000000e-003
  3.6742000e+004  2.2750000e+002 -2.4650000e+000  1.0000000e-003
  3.6762000e+004  2.2660000e+002 -2.4650000e+000  1.0000000e-003
  3.6782000e+004  2.2570000e+002 -2.4650000e+000  1.0000000e-003
  3.6802000e+004  2.2510000e+002 -2.4650000e+000  1.0000000e-003
  3.6822000e+004  2.2380000e+002 -2.4650000e+000  1.0000000e-003
  3.6843000e+004  2.2290000e+002 -2.4650000e+000  1.0000000e-003
  3.6868000e+004  2.2150000e+002 -2.4650000e+000  1.0000000e-003
  3.6888000e+004  2.2090000e+002 -2.4650000e+000  1.0000000e-003
  3.6908000e+004  2.2000000e+002 -2.4650000e+000  1.0000000e-003
  3.6928000e+004  2.1890000e+002 -2.4650000e+000  1.0000000e-003
  3.6948000e+004  2.1810000e+002 -2.4650000e+000  1.0000000e-003
  3.6968000e+004  2.1740000e+002 -2.4660000e+000  1.0000000e-003
  3.6988000e+004  2.1630000e+002 -2.4660000e+000  1.0000000e-003
  3.7008000e+004  2.1540000e+002 -2.4660000e+000  1.0000000e-003
  3.7028000e+004  2.1490000e+002 -2.4660000e+000  1.0000000e-003
  3.7048000e+004  2.1420000e+002 -2.4660000e+000  1.0000000e-003
  3.7068000e+004  2.1330000e+002 -2.4660000e+000  1.0000000e-003
  3.7088000e+004  2.1250000e+002 -2.4660000e+000  1.0000000e-003
  3.7108000e+004  2.1140000e+002 -2.4660000e+000  1.0000000e-003
  3.7128000e+004  2.1070000e+002 -2.4660000e+000  1.0000000e-003
  3.7148000e+004  2.0980000e+002 -2.4660000e+000  1.0000000e-003
  3.7168000e+004  2.0930000e+002 -2.4660000e+000  1.0000000e-003
  3.7188000e+004  2.0820000e+002 -2.4660000e+000  1.0000000e-003
  3.7208000e+004  2.0720000e+002 -2.4660000e+000  1.0000000e-003
  3.7228000e+004  2.0670000e+002 -2.4660000e+000  1.0000000e-003
  3.7248000e+004  2.0580000e+002 -2.4660000e+000  1.0000000e-003
  3.7268000e+004  2.0510000e+002 -2.4660000e+000  1.0000000e-003
  3.7288000e+004  2.0420000e+002 -2.4660000e+000  1.0000000e-003
  3.7308000e+004  2.0370000e+002 -2.4660000e+000  1.0000000e-003
  3.7328000e+004  2.0260000e+002 -2.4660000e+000  1.0000000e-003
  3.7348000e+004  2.0180000e+002 -2.4660000e+000  1.0000000e-003
  3.7368000e+004  2.0130000e+002 -2.4660000e+000  1.0000000e-003
  3.7388000e+004  2.0040000e+002 -2.4660000e+000  1.0000000e-003
  3.7408000e+004  1.9930000e+002 -2.4660000e+000  1.0000000e-003
  3.7428000e+004  1.9860000e+002 -2.4660000e+000  1.0000000e-003
  3.7448000e+004  1.9790000e+002 -2.4660000e+000  1.0000000e-003
  3.7468000e+004  1.9720000e+002 -2.4660000e+000  1.0000000e-003
  3.7488000e+004  1.9640000e+002 -2.4660000e+000  1.0000000e-003
  3.7508000e+004  1.9550000e+002 -2.4670000e+000  1.0000000e-003
  3.7528000e+004  1.9460000e+002 -2.4670000e+000  1.0000000e-003
  3.7548000e+004  1.9390000e+002 -2.4670000e+000  1.0000000e-003
  3.7568000e+004  1.9300000e+002 -2.4670000e+000  1.0000000e-003
  3.7588000e+004  1.9230000e+002 -2.4670000e+000  1.0000000e-003
  3.7608000e+004  1.9140000e+002 -2.4670000e+000  1.0000000e-003
  3.7628000e+004  1.9090000e+002 -2.4670000e+000  1.0000000e-003
  3.7648000e+004  1.8990000e+002 -2.4670000e+000  1.0000000e-003
  3.7668000e+004  1.8920000e+002 -2.4670000e+000  1.0000000e-003
  3.7688000e+004  1.8830000e+002 -2.4670000e+000  1.0000000e-003
  3.7708000e+004  1.8780000e+002 -2.4670000e+000  1.0000000e-003
  3.7728000e+004  1.8690000e+002 -2.4670000e+000  1.0000000e-003
  3.7748000e+004  1.8620000e+002 -2.4670000e+000  1.0000000e-003
  3.7768000e+004  1.8530000e+002 -2.4670000e+000  1.0000000e-003
  3.7788000e+004  1.8440000e+002 -2.4670000e+000  1.0000000e-003
  3.7808000e+004  1.8380000e+002 -2.4670000e+000  1.0000000e-003
  3.7828000e+004  1.8310000e+002 -2.4670000e+000  1.0000000e-003
  3.7848000e+004  1.8220000e+002 -2.4670000e+000  1.0000000e-003
  3.7868000e+004  1.8160000e+002 -2.4670000e+000  1.0000000e-003
  3.7888000e+004  1.8060000e+002 -2.4670000e+000  1.0000000e-003
  3.7909000e+004  1.7990000e+002 -2.4670000e+000  1.0000000e-003
  3.7934000e+004  1.7920000e+002 -2.4680000e+000  1.0000000e-003
  3.7954000e+004  1.7870000e+002 -2.4680000e+000  1.0000000e-003
  3.7974000e+004  1.7780000e+002 -2.4680000e+000  1.0000000e-003
  3.7994000e+004  1.7730000e+002 -2.4680000e+000  1.0000000e-003
  3.8014000e+004  1.7680000e+002 -2.4680000e+000  1.0000000e-003
  3.8034000e+004  1.7590000e+002 -2.4680000e+000  1.0000000e-003
  3.8054000e+004  1.7520000e+002 -2.4680000e+000  1.0000000e-003
  3.8074000e+004  1.7460000e+002 -2.4680000e+000  1.0000000e-003
  3.8094000e+004  1.7380000e+002 -2.4680000e+000  1.0000000e-003
  3.8114000e+004  1.7310000e+002 -2.4680000e+000  1.0000000e-003
  3.8134000e+004  1.7240000e+002 -2.4680000e+000  1.0000000e-003
  3.8154000e+004  1.7150000e+002 -2.4680000e+000  1.0000000e-003
  3.8174000e+004  1.7100000e+002 -2.4680000e+000  1.0000000e-003
  3.8194000e+004  1.7030000e+002 -2.4680000e+000  1.0000000e-003
  3.8214000e+004  1.6970000e+002 -2.4680000e+000  1.0000000e-003
  3.8234000e+004  1.6900000e+002 -2.4680000e+000  1.0000000e-003
  3.8254000e+004  1.6820000e+002 -2.4680000e+000  1.0000000e-003
  3.8274000e+004  1.6750000e+002 -2.4680000e+000  1.0000000e-003
  3.8294000e+004  1.6680000e+002 -2.4680000e+000  1.0000000e-003
  3.8314000e+004  1.6610000e+002 -2.4680000e+000  1.0000000e-003
  3.8334000e+004  1.6520000e+002 -2.4690000e+000  1.0000000e-003
  3.8354000e+004  1.6470000e+002 -2.4690000e+000  1.0000000e-003
  3.8374000e+004  1.6380000e+002 -2.4690000e+000  1.0000000e-003
  3.8394000e+004  1.6290000e+002 -2.4690000e+000  1.0000000e-003
  3.8414000e+004  1.6210000e+002 -2.4690000e+000  1.0000000e-003
  3.8434000e+004  1.6150000e+002 -2.4690000e+000  1.0000000e-003
  3.8454000e+004  1.6120000e+002 -2.4690000e+000  1.0000000e-003
  3.8474000e+004  1.6070000e+002 -2.4690000e+000  1.0000000e-003
  3.8494000e+004  1.6000000e+002 -2.4690000e+000  1.0000000e-003
  3.8514000e+004  1.5910000e+002 -2.4690000e+000  1.0000000e-003
  3.8534000e+004  1.5870000e+002 -2.4690000e+000  1.0000000e-003
  3.8554000e+004  1.5840000e+002 -2.4690000e+000  1.0000000e-003
  3.8574000e+004  1.5750000e+002 -2.4690000e+000  1.0000000e-003
  3.8594000e+004  1.5700000e+002 -2.4690000e+000  1.0000000e-003
  3.8614000e+004  1.5610000e+002 -2.4690000e+000  1.0000000e-003
  3.8634000e+004  1.5570000e+002 -2.4690000e+000  1.0000000e-003
  3.8654000e+004  1.5500000e+002 -2.4690000e+000  1.0000000e-003
  3.8674000e+004  1.5420000e+002 -2.4690000e+000  1.0000000e-003
  3.8694000e+004  1.5400000e+002 -2.4700000e+000  1.0000000e-003
  3.8714000e+004  1.5350000e+002 -2.4700000e+000  1.0000000e-003
  3.8734000e+004  1.5260000e+002 -2.4700000e+000  1.0000000e-003
  3.8754000e+004  1.5210000e+002 -2.4700000e+000  1.0000000e-003
  3.8774000e+004  1.5120000e+002 -2.4700000e+000  1.0000000e-003
  3.8794000e+004  1.5070000e+002 -2.4700000e+000  1.0000000e-003
  3.8815000e+004  1.5010000e+002 -2.4700000e+000  1.0000000e-003
  3.8835000e+004  1.4980000e+002 -2.4700000e+000  1.0000000e-003
  3.8855000e+004  1.4910000e+002 -2.4700000e+000  1.0000000e-003
  3.8875000e+004  1.4890000e+002 -2.4700000e+000  1.0000000e-003
  3.8895000e+004  1.4810000e+002 -2.4700000e+000  1.0000000e-003
  3.8915000e+004  1.4770000e+002 -2.4700000e+000  1.0000000e-003
  3.8935000e+004  1.4680000e+002 -2.4700000e+000  1.0000000e-003
  3.8955000e+004  1.4630000e+002 -2.4700000e+000  1.0000000e-003
  3.8975000e+004  1.4580000e+002 -2.4700000e+000  1.0000000e-003
  3.8995000e+004  1.4530000e+002 -2.4700000e+000  1.0000000e-003
  3.9015000e+004  1.4460000e+002 -2.4700000e+000  1.0000000e-003
  3.9035000e+004  1.4400000e+002 -2.4700000e+000  1.0000000e-003
  3.9055000e+004  1.4320000e+002 -2.4700000e+000  1.0000000e-003
  3.9075000e+004  1.4280000e+002 -2.4700000e+000  1.0000000e-003
  3.9095000e+004  1.4230000e+002 -2.4700000e+000  1.0000000e-003
  3.9115000e+004  1.4160000e+002 -2.4700000e+000  1.0000000e-003
  3.9135000e+004  1.4110000e+002 -2.4700000e+000  1.0000000e-003
  3.9155000e+004  1.4050000e+002 -2.4700000e+000  1.0000000e-003
  3.9175000e+004  1.3970000e+002 -2.4710000e+000  1.0000000e-003
  3.9195000e+004  1.3930000e+002 -2.4710000e+000  1.0000000e-003
  3.9215000e+004  1.3840000e+002 -2.4710000e+000  1.0000000e-003
  3.9235000e+004  1.3790000e+002 -2.4710000e+000  1.0000000e-003
  3.9255000e+004  1.3720000e+002 -2.4710000e+000  1.0000000e-003
  3.9275000e+004  1.3700000e+002 -2.4710000e+000  1.0000000e-003
  3.9295000e+004  1.3630000e+002 -2.4710000e+000  1.0000000e-003
  3.9315000e+004  1.3560000e+002 -2.4710000e+000  1.0000000e-003
  3.9335000e+004  1.3490000e+002 -2.4710000e+000  1.0000000e-003
  3.9355000e+004  1.3480000e+002 -2.4710000e+000  1.0000000e-003
  3.9375000e+004  1.3420000e+002 -2.4710000e+000  1.0000000e-003
  3.9395000e+004  1.3390000e+002 -2.4710000e+000  1.0000000e-003
  3.9415000e+004  1.3270000e+002 -2.4710000e+000  1.0000000e-003
  3.9435000e+004  1.3250000e+002 -2.4710000e+000  1.0000000e-003
  3.9455000e+004  1.3180000e+002 -2.4710000e+000  1.0000000e-003
  3.9475000e+004  1.3140000e+002 -2.4710000e+000  1.0000000e-003
  3.9495000e+004  1.3020000e+002 -2.4710000e+000  1.0000000e-003
  3.9516000e+004  1.2990000e+002 -2.4710000e+000  1.0000000e-003
  3.9536000e+004  1.2910000e+002 -2.4710000e+000  1.0000000e-003
  3.9556000e+004  1.2900000e+002 -2.4710000e+000  1.0000000e-003
  3.9576000e+004  1.2810000e+002 -2.4710000e+000  1.0000000e-003
  3.9596000e+004  1.2790000e+002 -2.4710000e+000  1.0000000e-003
  3.9616000e+004  1.2780000e+002 -2.4720000e+000  1.0000000e-003
  3.9636000e+004  1.2710000e+002 -2.4720000e+000  1.0000000e-003
  3.9656000e+004  1.2630000e+002 -2.4720000e+000  1.0000000e-003
  3.9676000e+004  1.2580000e+002 -2.4720000e+000  1.0000000e-003
  3.9696000e+004  1.2570000e+002 -2.4720000e+000  1.0000000e-003
  3.9716000e+004  1.2500000e+002 -2.4720000e+000  1.0000000e-003
  3.9736000e+004  1.2440000e+002 -2.4720000e+000  1.0000000e-003
  3.9756000e+004  1.2390000e+002 -2.4720000e+000  1.0000000e-003
  3.9776000e+004  1.2360000e+002 -2.4720000e+000  1.0000000e-003
  3.9796000e+004  1.2320000e+002 -2.4720000e+000  1.0000000e-003
  3.9816000e+004  1.2250000e+002 -2.4720000e+000  1.0000000e-003
  3.9836000e+004  1.2270000e+002 -2.4720000e+000  1.0000000e-003
  3.9856000e+004  1.2180000e+002 -2.4720000e+000  1.0000000e-003
  3.9876000e+004  1.2160000e+002 -2.4720000e+000  1.0000000e-003
  3.9896000e+004  1.2080000e+002 -2.4720000e+000  1.0000000e-003
  3.9916000e+004  1.2020000e+002 -2.4720000e+000  1.0000000e-003
  3.9936000e+004  1.1970000e+002 -2.4720000e+000  1.0000000e-003
  3.9956000e+004  1.1920000e+002 -2.4720000e+000  1.0000000e-003
  3.9976000e+004  1.1900000e+002 -2.4720000e+000  1.0000000e-003
  3.9996000e+004  1.1830000e+002 -2.4720000e+000  1.0000000e-003
  4.0016000e+004  1.1800000e+002 -2.4720000e+000  1.0000000e-003
  4.0036000e+004  1.1740000e+002 -2.4720000e+000  1.0000000e-003
  4.0056000e+004  1.1710000e+002 -2.4720000e+000  1.0000000e-003
  4.0076000e+004  1.1670000e+002 -2.4720000e+000  1.0000000e-003
  4.0096000e+004  1.1620000e+002 -2.4720000e+000  1.0000000e-003
  4.0117000e+004  1.1570000e+002 -2.4720000e+000  1.0000000e-003
  4.0141000e+004  1.1510000e+002 -2.4720000e+000  1.0000000e-003
  4.0161000e+004  1.1460000e+002 -2.4730000e+000  1.0000000e-003
  4.0182000e+004  1.1430000e+002 -2.4730000e+000  1.0000000e-003
  4.0202000e+004  1.1410000e+002 -2.4730000e+000  1.0000000e-003
  4.0222000e+004  1.1340000e+002 -2.4730000e+000  1.0000000e-003
  4.0242000e+004  1.1290000e+002 -2.4730000e+000  1.0000000e-003
  4.0262000e+004  1.1250000e+002 -2.4730000e+000  1.0000000e-003
  4.0282000e+004  1.1200000e+002 -2.4730000e+000  1.0000000e-003
  4.0302000e+004  1.1150000e+002 -2.4730000e+000  1.0000000e-003
  4.0322000e+004  1.1110000e+002 -2.4730000e+000  1.0000000e-003
  4.0342000e+004  1.1060000e+002 -2.4730000e+000  1.0000000e-003
  4.0362000e+004  1.1040000e+002 -2.4730000e+000  1.0000000e-003
  4.0382000e+004  1.0970000e+002 -2.4730000e+000  1.0000000e-003
  4.0402000e+004  1.0940000e+002 -2.4730000e+000  1.0000000e-003
  4.0422000e+004  1.0900000e+002 -2.4730000e+000  1.0000000e-003
  4.0442000e+004  1.0880000e+002 -2.4730000e+000  1.0000000e-003
  4.0462000e+004  1.0820000e+002 -2.4730000e+000  1.0000000e-003
  4.0482000e+004  1.0820000e+002 -2.4730000e+000  1.0000000e-003
  4.0502000e+004  1.0710000e+002 -2.4730000e+000  1.0000000e-003
  4.0522000e+004  1.0690000e+002 -2.4730000e+000  1.0000000e-003
  4.0542000e+004  1.0640000e+002 -2.4730000e+000  1.0000000e-003
  4.0562000e+004  1.0590000e+002 -2.4730000e+000  1.0000000e-003
  4.0582000e+004  1.0530000e+002 -2.4730000e+000  1.0000000e-003
  4.0602000e+004  1.0480000e+002 -2.4730000e+000  1.0000000e-003
  4.0622000e+004  1.0450000e+002 -2.4730000e+000  1.0000000e-003
  4.0642000e+004  1.0390000e+002 -2.4740000e+000  1.0000000e-003
  4.0662000e+004  1.0390000e+002 -2.4740000e+000  1.0000000e-003
  4.0682000e+004  1.0360000e+002 -2.4740000e+000  1.0000000e-003
  4.0702000e+004  1.0290000e+002 -2.4740000e+000  1.0000000e-003
  4.0722000e+004  1.0270000e+002 -2.4740000e+000  1.0000000e-003
  4.0742000e+004  1.0190000e+002 -2.4740000e+000  1.0000000e-003
  4.0762000e+004  1.0190000e+002 -2.4740000e+000  1.0000000e-003
  4.0782000e+004  1.0130000e+002 -2.4740000e+000  1.0000000e-003
  4.0802000e+004  1.0130000e+002 -2.4740000e+000  1.0000000e-003
  4.0822000e+004  1.0040000e+002 -2.4740000e+000  1.0000000e-003
  4.0843000e+004  1.0010000e+002 -2.4740000e+000  1.0000000e-003
  4.0863000e+004  9.9700000e+001 -2.4740000e+000  1.0000000e-003
  4.0883000e+004  9.9600000e+001 -2.4740000e+000  1.0000000e-003
  4.0903000e+004  9.8900000e+001 -2.4740000e+000  1.0000000e-003
  4.0923000e+004  9.8500000e+001 -2.4740000e+000  1.0000000e-003
  4.0943000e+004  9.8300000e+001 -2.4740000e+000  1.0000000e-003
  4.0963000e+004  9.7800000e+001 -2.4740000e+000  1.0000000e-003
  4.0983000e+004  9.7600000e+001 -2.4740000e+000  1.0000000e-003
  4.1003000e+004  9.6900000e+001 -2.4740000e+000  1.0000000e-003
  4.1023000e+004  9.6800000e+001 -2.4740000e+000  1.0000000e-003
  4.1043000e+004  9.6600000e+001 -2.4740000e+000  1.0000000e-003
  4.1063000e+004  9.6300000e+001 -2.4740000e+000  1.0000000e-003
  4.1083000e+004  9.5900000e+001 -2.4740000e+000  1.0000000e-003
  4.1103000e+004  9.5600000e+001 -2.4740000e+000  1.0000000e-003
  4.1123000e+004  9.5000000e+001 -2.4740000e+000  1.0000000e-003
  4.1143000e+004  9.4500000e+001 -2.4740000e+000  1.0000000e-003
  4.1163000e+004  9.3800000e+001 -2.4740000e+000  1.0000000e-003
  4.1183000e+004  9.3800000e+001 -2.4740000e+000  1.0000000e-003
  4.1203000e+004  9.3300000e+001 -2.4740000e+000  1.0000000e-003
  4.1223000e+004  9.3100000e+001 -2.4740000e+000  1.0000000e-003
  4.1243000e+004  9.2800000e+001 -2.4740000e+000  1.0000000e-003
  4.1263000e+004  9.2600000e+001 -2.4740000e+000  1.0000000e-003
  4.1283000e+004  9.2100000e+001 -2.4740000e+000  1.0000000e-003
  4.1303000e+004  9.1700000e+001 -2.4740000e+000  1.0000000e-003
  4.1323000e+004  9.1300000e+001 -2.4740000e+000  1.0000000e-003
  4.1343000e+004  9.0800000e+001 -2.4740000e+000  1.0000000e-003
  4.1363000e+004  9.0600000e+001 -2.4740000e+000  1.0000000e-003
  4.1383000e+004  9.0100000e+001 -2.4750000e+000  1.0000000e-003
  4.1403000e+004  8.9900000e+001 -2.4750000e+000  1.0000000e-003
  4.1423000e+004  8.9100000e+001 -2.4750000e+000  1.0000000e-003
  4.1443000e+004  8.9300000e+001 -2.4750000e+000  1.0000000e-003
  4.1463000e+004  8.9100000e+001 -2.4750000e+000  1.0000000e-003
  4.1483000e+004  8.8700000e+001 -2.4750000e+000  1.0000000e-003
  4.1503000e+004  8.8200000e+001 -2.4750000e+000  1.0000000e-003
  4.1523000e+004  8.7800000e+001 -2.4750000e+000  1.0000000e-003
  4.1543000e+004  8.7500000e+001 -2.4750000e+000  1.0000000e-003
  4.1563000e+004  8.7300000e+001 -2.4750000e+000  1.0000000e-003
  4.1584000e+004  8.6800000e+001 -2.4750000e+000  1.0000000e-003
  4.1604000e+004  8.6500000e+001 -2.4750000e+000  1.0000000e-003
  4.1624000e+004  8.6100000e+001 -2.4750000e+000  1.0000000e-003
  4.1644000e+004  8.5800000e+001 -2.4750000e+000  1.0000000e-003
  4.1664000e+004  8.5600000e+001 -2.4750000e+000  1.0000000e-003
  4.1684000e+004  8.5100000e+001 -2.4750000e+000  1.0000000e-003
  4.1704000e+004  8.4900000e+001 -2.4750000e+000  1.0000000e-003
  4.1724000e+004  8.4300000e+001 -2.4750000e+000  1.0000000e-003
  4.1744000e+004  8.4200000e+001 -2.4750000e+000  1.0000000e-003
  4.1764000e+004  8.4000000e+001 -2.4750000e+000  1.0000000e-003
  4.1784000e+004  8.3500000e+001 -2.4750000e+000  1.0000000e-003
  4.1804000e+004  8.3700000e+001 -2.4750000e+000  1.0000000e-003
  4.1824000e+004  8.2800000e+001 -2.4750000e+000  1.0000000e-003
  4.1844000e+004  8.2600000e+001 -2.4750000e+000  1.0000000e-003
  4.1864000e+004  8.2100000e+001 -2.4750000e+000  1.0000000e-003
  4.1884000e+004  8.1900000e+001 -2.4750000e+000  1.0000000e-003
  4.1904000e+004  8.1400000e+001 -2.4750000e+000  1.0000000e-003
  4.1924000e+004  8.1200000e+001 -2.4750000e+000  1.0000000e-003
  4.1944000e+004  8.0800000e+001 -2.4750000e+000  1.0000000e-003
  4.1964000e+004  8.0500000e+001 -2.4750000e+000  1.0000000e-003
  4.1984000e+004  8.0000000e+001 -2.4750000e+000  1.0000000e-003
  4.2004000e+004  7.9600000e+001 -2.4750000e+000  1.0000000e-003
  4.2024000e+004  7.9500000e+001 -2.4750000e+000  1.0000000e-003
  4.2044000e+004  7.8900000e+001 -2.4750000e+000  1.0000000e-003
  4.2064000e+004  7.9500000e+001 -2.4750000e+000  1.0000000e-003
  4.2084000e+004  7.8800000e+001 -2.4750000e+000  1.0000000e-003
  4.2104000e+004  7.8600000e+001 -2.4750000e+000  1.0000000e-003
  4.2124000e+004  7.8000000e+001 -2.4750000e+000  1.0000000e-003
  4.2144000e+004  7.7900000e+001 -2.4750000e+000  1.0000000e-003
  4.2164000e+004  7.7500000e+001 -2.4750000e+000  1.0000000e-003
  4.2184000e+004  7.7000000e+001 -2.4760000e+000  1.0000000e-003
  4.2204000e+004  7.7000000e+001 -2.4760000e+000  1.0000000e-003
  4.2224000e+004  7.6700000e+001 -2.4760000e+000  1.0000000e-003
  4.2244000e+004  7.6500000e+001 -2.4760000e+000  1.0000000e-003
  4.2264000e+004  7.6000000e+001 -2.4760000e+000  1.0000000e-003
  4.2284000e+004  7.5800000e+001 -2.4760000e+000  1.0000000e-003
  4.2304000e+004  7.5300000e+001 -2.4760000e+000  1.0000000e-003
  4.2324000e+004  7.5100000e+001 -2.4760000e+000  1.0000000e-003
  4.2345000e+004  7.4900000e+001 -2.4760000e+000  1.0000000e-003
  4.2365000e+004  7.4700000e+001 -2.4760000e+000  1.0000000e-003
  4.2385000e+004  7.4600000e+001 -2.4760000e+000  1.0000000e-003
  4.2405000e+004  7.4200000e+001 -2.4760000e+000  1.0000000e-003
  4.2425000e+004  7.4000000e+001 -2.4760000e+000  1.0000000e-003
  4.2445000e+004  7.3700000e+001 -2.4760000e+000  1.0000000e-003
  4.2465000e+004  7.3500000e+001 -2.4760000e+000  1.0000000e-003
  4.2485000e+004  7.3200000e+001 -2.4760000e+000  1.0000000e-003
  4.2505000e+004  7.3200000e+001 -2.4760000e+000  1.0000000e-003
  4.2525000e+004  7.2500000e+001 -2.4760000e+000  1.0000000e-003
  4.2545000e+004  7.2500000e+001 -2.4760000e+000  1.0000000e-003
  4.2565000e+004  7.2300000e+001 -2.4760000e+000  1.0000000e-003
  4.2585000e+004  7.1900000e+001 -2.4760000e+000  1.0000000e-003
  4.2605000e+004  7.1700000e+001 -2.4760000e+000  1.0000000e-003
  4.2625000e+004  7.1600000e+001 -2.4760000e+000  1.0000000e-003
  4.2645000e+004  7.1200000e+001 -2.4760000e+000  1.0000000e-003
  4.2665000e+004  7.1000000e+001 -2.4760000e+000  1.0000000e-003
  4.2685000e+004  7.0900000e+001 -2.4760000e+000  1.0000000e-003
  4.2705000e+004  7.0700000e+001 -2.4760000e+000  1.0000000e-003
  4.2725000e+004  7.0200000e+001 -2.4760000e+000  1.0000000e-003
  4.2745000e+004  7.0300000e+001 -2.4760000e+000  1.0000000e-003
  4.2765000e+004  7.0000000e+001 -2.4760000e+000  1.0000000e-003
  4.2785000e+004  6.9700000e+001 -2.4760000e+000  1.0000000e-003
  4.2805000e+004  6.9500000e+001 -2.4760000e+000  1.0000000e-003
  4.2825000e+004  6.9300000e+001 -2.4760000e+000  1.0000000e-003
  4.2845000e+004  6.9100000e+001 -2.4760000e+000  1.0000000e-003
  4.2865000e+004  6.8900000e+001 -2.4760000e+000  1.0000000e-003
  4.2885000e+004  6.8600000e+001 -2.4760000e+000  1.0000000e-003
  4.2905000e+004  6.8400000e+001 -2.4770000e+000  1.0000000e-003
  4.2925000e+004  6.8100000e+001 -2.4770000e+000  1.0000000e-003
  4.2945000e+004  6.7700000e+001 -2.4770000e+000  1.0000000e-003
  4.2965000e+004  6.7700000e+001 -2.4770000e+000  1.0000000e-003
  4.2985000e+004  6.7200000e+001 -2.4770000e+000  1.0000000e-003
  4.3005000e+004  6.7200000e+001 -2.4770000e+000  1.0000000e-003
  4.3025000e+004  6.6800000e+001 -2.4770000e+000  1.0000000e-003
  4.3046000e+004  6.6700000e+001 -2.4770000e+000  1.0000000e-003
  4.3066000e+004  6.6500000e+001 -2.4770000e+000  1.0000000e-003
  4.3086000e+004  6.6200000e+001 -2.4770000e+000  1.0000000e-003
  4.3106000e+004  6.6200000e+001 -2.4770000e+000  1.0000000e-003
  4.3126000e+004  6.5600000e+001 -2.4770000e+000  1.0000000e-003
  4.3146000e+004  6.5400000e+001 -2.4770000e+000  1.0000000e-003
  4.3166000e+004  6.5100000e+001 -2.4770000e+000  1.0000000e-003
  4.3186000e+004  6.4900000e+001 -2.4770000e+000  1.0000000e-003
  4.3206000e+004  6.4800000e+001 -2.4770000e+000  1.0000000e-003
  4.3226000e+004  6.4600000e+001 -2.4770000e+000  1.0000000e-003
  4.3246000e+004  6.4600000e+001 -2.4770000e+000  1.0000000e-003
  4.3266000e+004  6.4200000e+001 -2.4770000e+000  1.0000000e-003
  4.3286000e+004  6.4100000e+001 -2.4770000e+000  1.0000000e-003
  4.3306000e+004  6.4100000e+001 -2.4770000e+000  1.0000000e-003
  4.3326000e+004  6.3500000e+001 -2.4770000e+000  1.0000000e-003
  4.3346000e+004  6.3300000e+001 -2.4770000e+000  1.0000000e-003
  4.3366000e+004  6.3000000e+001 -2.4770000e+000  1.0000000e-003
  4.3386000e+004  6.3000000e+001 -2.4770000e+000  1.0000000e-003
  4.3406000e+004  6.2800000e+001 -2.4770000e+000  1.0000000e-003
  4.3426000e+004  6.2600000e+001 -2.4770000e+000  1.0000000e-003
  4.3446000e+004  6.2500000e+001 -2.4770000e+000  1.0000000e-003
  4.3466000e+004  6.2300000e+001 -2.4770000e+000  1.0000000e-003
  4.3486000e+004  6.2000000e+001 -2.4770000e+000  1.0000000e-003
  4.3506000e+004  6.1800000e+001 -2.4770000e+000  1.0000000e-003
  4.3526000e+004  6.1800000e+001 -2.4770000e+000  1.0000000e-003
  4.3546000e+004  6.1300000e+001 -2.4770000e+000  1.0000000e-003
  4.3566000e+004  6.1100000e+001 -2.4770000e+000  1.0000000e-003
  4.3586000e+004  6.0900000e+001 -2.4770000e+000  1.0000000e-003
  4.3606000e+004  6.0400000e+001 -2.4770000e+000  1.0000000e-003
  4.3626000e+004  6.0400000e+001 -2.4770000e+000  1.0000000e-003
  4.3646000e+004  6.0200000e+001 -2.4770000e+000  1.0000000e-003
  4.3666000e+004  5.9900000e+001 -2.4770000e+000  1.0000000e-003
  4.3687000e+004  5.9900000e+001 -2.4770000e+000  1.0000000e-003
  4.3707000e+004  5.9700000e+001 -2.4770000e+000  1.0000000e-003
  4.3727000e+004  5.9300000e+001 -2.4770000e+000  1.0000000e-003
  4.3747000e+004  5.9300000e+001 -2.4780000e+000  1.0000000e-003
  4.3767000e+004  5.9000000e+001 -2.4780000e+000  1.0000000e-003
  4.3787000e+004  5.8600000e+001 -2.4780000e+000  1.0000000e-003
  4.3807000e+004  5.8600000e+001 -2.4780000e+000  1.0000000e-003
  4.3827000e+004  5.8400000e+001 -2.4780000e+000  1.0000000e-003
  4.3847000e+004  5.8100000e+001 -2.4780000e+000  1.0000000e-003
  4.3867000e+004  5.8100000e+001 -2.4780000e+000  1.0000000e-003
  4.3887000e+004  5.7900000e+001 -2.4780000e+000  1.0000000e-003
  4.3907000e+004  5.7600000e+001 -2.4780000e+000  1.0000000e-003
  4.3927000e+004  5.7600000e+001 -2.4780000e+000  1.0000000e-003
  4.3947000e+004  5.7400000e+001 -2.4780000e+000  1.0000000e-003
  4.3967000e+004  5.7200000e+001 -2.4780000e+000  1.0000000e-003
  4.3987000e+004  5.6900000e+001 -2.4780000e+000  1.0000000e-003
  4.4007000e+004  5.6500000e+001 -2.4780000e+000  1.0000000e-003
  4.4027000e+004  5.6400000e+001 -2.4780000e+000  1.0000000e-003
  4.4047000e+004  5.6200000e+001 -2.4780000e+000  1.0000000e-003
  4.4067000e+004  5.6000000e+001 -2.4780000e+000  1.0000000e-003
  4.4087000e+004  5.6000000e+001 -2.4780000e+000  1.0000000e-003
  4.4107000e+004  5.5700000e+001 -2.4780000e+000  1.0000000e-003
  4.4127000e+004  5.5700000e+001 -2.4780000e+000  1.0000000e-003
  4.4147000e+004  5.5500000e+001 -2.4780000e+000  1.0000000e-003
  4.4167000e+004  5.5100000e+001 -2.4780000e+000  1.0000000e-003
  4.4187000e+004  5.4800000e+001 -2.4780000e+000  1.0000000e-003
  4.4207000e+004  5.4800000e+001 -2.4780000e+000  1.0000000e-003
  4.4227000e+004  5.4400000e+001 -2.4780000e+000  1.0000000e-003
  4.4247000e+004  5.4300000e+001 -2.4780000e+000  1.0000000e-003
  4.4267000e+004  5.4300000e+001 -2.4780000e+000  1.0000000e-003
  4.4287000e+004  5.4300000e+001 -2.4780000e+000  1.0000000e-003
  4.4307000e+004  5.3900000e+001 -2.4780000e+000  1.0000000e-003
  4.4327000e+004  5.3900000e+001 -2.4780000e+000  1.0000000e-003
  4.4347000e+004  5.3900000e+001 -2.4780000e+000  1.0000000e-003
  4.4367000e+004  5.3500000e+001 -2.4780000e+000  1.0000000e-003
  4.4387000e+004  5.3400000e+001 -2.4780000e+000  1.0000000e-003
  4.4407000e+004  5.3400000e+001 -2.4780000e+000  1.0000000e-003
  4.4427000e+004  5.3000000e+001 -2.4780000e+000  1.0000000e-003
  4.4447000e+004  5.2700000e+001 -2.4780000e+000  1.0000000e-003
  4.4467000e+004  5.2700000e+001 -2.4780000e+000  1.0000000e-003
  4.4487000e+004  5.2700000e+001 -2.4780000e+000  1.0000000e-003
  4.4507000e+004  5.2000000e+001 -2.4780000e+000  1.0000000e-003
  4.4527000e+004  5.2000000e+001 -2.4780000e+000  1.0000000e-003
  4.4547000e+004  5.2000000e+001 -2.4780000e+000  1.0000000e-003
  4.4567000e+004  5.2000000e+001 -2.4780000e+000  1.0000000e-003
  4.4587000e+004  5.1600000e+001 -2.4780000e+000  1.0000000e-003
  4.4607000e+004  5.1500000e+001 -2.4780000e+000  1.0000000e-003
  4.4628000e+004  5.1100000e+001 -2.4780000e+000  1.0000000e-003
  4.4648000e+004  5.1300000e+001 -2.4780000e+000  1.0000000e-003
  4.4668000e+004  5.0800000e+001 -2.4780000e+000  1.0000000e-003
  4.4688000e+004  5.0800000e+001 -2.4780000e+000  1.0000000e-003
  4.4708000e+004  5.0800000e+001 -2.4780000e+000  1.0000000e-003
  4.4728000e+004  5.0400000e+001 -2.4780000e+000  1.0000000e-003
  4.4748000e+004  5.0200000e+001 -2.4780000e+000  1.0000000e-003
  4.4768000e+004  5.0000000e+001 -2.4780000e+000  1.0000000e-003
  4.4788000e+004  4.9900000e+001 -2.4780000e+000  1.0000000e-003
  4.4808000e+004  4.9700000e+001 -2.4780000e+000  1.0000000e-003
  4.4828000e+004  4.9700000e+001 -2.4780000e+000  1.0000000e-003
  4.4848000e+004  4.9500000e+001 -2.4780000e+000  1.0000000e-003
  4.4868000e+004  4.9500000e+001 -2.4780000e+000  1.0000000e-003
  4.4888000e+004  4.9200000e+001 -2.4780000e+000  1.0000000e-003
  4.4908000e+004  4.8800000e+001 -2.4790000e+000  1.0000000e-003
  4.4928000e+004  4.8800000e+001 -2.4790000e+000  1.0000000e-003
  4.4948000e+004  4.8600000e+001 -2.4790000e+000  1.0000000e-003
  4.4968000e+004  4.8500000e+001 -2.4790000e+000  1.0000000e-003
  4.4988000e+004  4.8500000e+001 -2.4790000e+000  1.0000000e-003
  4.5008000e+004  4.8300000e+001 -2.4790000e+000  1.0000000e-003
  4.5028000e+004  4.8300000e+001 -2.4790000e+000  1.0000000e-003
  4.5048000e+004  4.8300000e+001 -2.4790000e+000  1.0000000e-003
  4.5068000e+004  4.8000000e+001 -2.4790000e+000  1.0000000e-003
  4.5088000e+004  4.7800000e+001 -2.4790000e+000  1.0000000e-003
  4.5108000e+004  4.8000000e+001 -2.4790000e+000  1.0000000e-003
  4.5128000e+004  4.7800000e+001 -2.4790000e+000  1.0000000e-003
  4.5148000e+004  4.7400000e+001 -2.4790000e+000  1.0000000e-003
  4.5168000e+004  4.7600000e+001 -2.4790000e+000  1.0000000e-003
  4.5188000e+004  4.7300000e+001 -2.4790000e+000  1.0000000e-003
  4.5208000e+004  4.7100000e+001 -2.4790000e+000  1.0000000e-003
  4.5228000e+004  4.7300000e+001 -2.4790000e+000  1.0000000e-003
  4.5248000e+004  4.6900000e+001 -2.4790000e+000  1.0000000e-003
  4.5268000e+004  4.6600000e+001 -2.4790000e+000  1.0000000e-003
  4.5288000e+004  4.6700000e+001 -2.4790000e+000  1.0000000e-003
  4.5308000e+004  4.6400000e+001 -2.4790000e+000  1.0000000e-003
  4.5328000e+004  4.6400000e+001 -2.4790000e+000  1.0000000e-003
  4.5348000e+004  4.6600000e+001 -2.4790000e+000  1.0000000e-003
  4.5368000e+004  4.5800000e+001 -2.4790000e+000  1.0000000e-003
  4.5388000e+004  4.5800000e+001 -2.4790000e+000  1.0000000e-003
  4.5409000e+004  4.5800000e+001 -2.4790000e+000  1.0000000e-003
  4.5433000e+004  4.5500000e+001 -2.4790000e+000  1.0000000e-003
  4.5453000e+004  4.5700000e+001 -2.4790000e+000  1.0000000e-003
  4.5473000e+004  4.5300000e+001 -2.4790000e+000  1.0000000e-003
  4.5494000e+004  4.5300000e+001 -2.4790000e+000  1.0000000e-003
  4.5514000e+004  4.5300000e+001 -2.4790000e+000  1.0000000e-003
  4.5534000e+004  4.5000000e+001 -2.4790000e+000  1.0000000e-003
  4.5554000e+004  4.4800000e+001 -2.4790000e+000  1.0000000e-003
  4.5574000e+004  4.4600000e+001 -2.4790000e+000  1.0000000e-003
  4.5594000e+004  4.4600000e+001 -2.4790000e+000  1.0000000e-003
  4.5614000e+004  4.4600000e+001 -2.4790000e+000  1.0000000e-003
  4.5634000e+004  4.4500000e+001 -2.4790000e+000  1.0000000e-003
  4.5654000e+004  4.4500000e+001 -2.4790000e+000  1.0000000e-003
  4.5674000e+004  4.3900000e+001 -2.4790000e+000  1.0000000e-003
  4.5694000e+004  4.3900000e+001 -2.4790000e+000  1.0000000e-003
  4.5714000e+004  4.3900000e+001 -2.4790000e+000  1.0000000e-003
  4.5734000e+004  4.3800000e+001 -2.4790000e+000  1.0000000e-003
  4.5754000e+004  4.3600000e+001 -2.4790000e+000  1.0000000e-003
  4.5774000e+004  4.3400000e+001 -2.4790000e+000  1.0000000e-003
  4.5794000e+004  4.3400000e+001 -2.4790000e+000  1.0000000e-003
  4.5814000e+004  4.3600000e+001 -2.4790000e+000  1.0000000e-003
  4.5834000e+004  4.3400000e+001 -2.4790000e+000  1.0000000e-003
  4.5854000e+004  4.3400000e+001 -2.4790000e+000  1.0000000e-003
  4.5874000e+004  4.3200000e+001 -2.4790000e+000  1.0000000e-003
  4.5894000e+004  4.3100000e+001 -2.4790000e+000  1.0000000e-003
  4.5914000e+004  4.2900000e+001 -2.4790000e+000  1.0000000e-003
  4.5934000e+004  4.2900000e+001 -2.4790000e+000  1.0000000e-003
  4.5954000e+004  4.2700000e+001 -2.4790000e+000  1.0000000e-003
  4.5974000e+004  4.2700000e+001 -2.4790000e+000  1.0000000e-003
  4.5994000e+004  4.2700000e+001 -2.4790000e+000  1.0000000e-003
  4.6014000e+004  4.2300000e+001 -2.4790000e+000  1.0000000e-003
  4.6034000e+004  4.2300000e+001 -2.4790000e+000  1.0000000e-003
  4.6054000e+004  4.2500000e+001 -2.4790000e+000  1.0000000e-003
  4.6074000e+004  4.2300000e+001 -2.4790000e+000  1.0000000e-003
  4.6094000e+004  4.2000000e+001 -2.4790000e+000  1.0000000e-003
  4.6114000e+004  4.2200000e+001 -2.4790000e+000  1.0000000e-003
  4.6134000e+004  4.2000000e+001 -2.4790000e+000  1.0000000e-003
  4.6154000e+004  4.2000000e+001 -2.4790000e+000  1.0000000e-003
  4.6174000e+004  4.1800000e+001 -2.4790000e+000  1.0000000e-003
  4.6194000e+004  4.1700000e+001 -2.4790000e+000  1.0000000e-003
  4.6214000e+004  4.1500000e+001 -2.4790000e+000  1.0000000e-003
  4.6234000e+004  4.1500000e+001 -2.4790000e+000  1.0000000e-003
  4.6254000e+004  4.1300000e+001 -2.4790000e+000  1.0000000e-003
  4.6274000e+004  4.1300000e+001 -2.4790000e+000  1.0000000e-003
  4.6294000e+004  4.1300000e+001 -2.4790000e+000  1.0000000e-003
  4.6315000e+004  4.1300000e+001 -2.4790000e+000  1.0000000e-003
  4.6335000e+004  4.1000000e+001 -2.4790000e+000  1.0000000e-003
  4.6355000e+004  4.0800000e+001 -2.4790000e+000  1.0000000e-003
  4.6375000e+004  4.0800000e+001 -2.4790000e+000  1.0000000e-003
  4.6395000e+004  4.1000000e+001 -2.4800000e+000  1.0000000e-003
  4.6415000e+004  4.0800000e+001 -2.4800000e+000  1.0000000e-003
  4.6435000e+004  4.0800000e+001 -2.4800000e+000  1.0000000e-003
  4.6455000e+004  4.0600000e+001 -2.4800000e+000  1.0000000e-003
  4.6475000e+004  4.0400000e+001 -2.4800000e+000  1.0000000e-003
  4.6495000e+004  4.0300000e+001 -2.4800000e+000  1.0000000e-003
  4.6515000e+004  4.0300000e+001 -2.4800000e+000  1.0000000e-003
  4.6535000e+004  4.0100000e+001 -2.4800000e+000  1.0000000e-003
  4.6555000e+004  4.0300000e+001 -2.4800000e+000  1.0000000e-003
  4.6575000e+004  4.0100000e+001 -2.4800000e+000  1.0000000e-003
  4.6595000e+004  3.9900000e+001 -2.4800000e+000  1.0000000e-003
  4.6615000e+004  3.9700000e+001 -2.4800000e+000  1.0000000e-003
  4.6635000e+004  3.9600000e+001 -2.4800000e+000  1.0000000e-003
  4.6655000e+004  3.9700000e+001 -2.4800000e+000  1.0000000e-003
  4.6675000e+004  3.9600000e+001 -2.4800000e+000  1.0000000e-003
  4.6695000e+004  3.9700000e+001 -2.4800000e+000  1.0000000e-003
  4.6715000e+004  3.9700000e+001 -2.4800000e+000  1.0000000e-003
  4.6735000e+004  3.9400000e+001 -2.4800000e+000  1.0000000e-003
  4.6755000e+004  3.9200000e+001 -2.4800000e+000  1.0000000e-003
  4.6775000e+004  3.9000000e+001 -2.4800000e+000  1.0000000e-003
  4.6795000e+004  3.9000000e+001 -2.4800000e+000  1.0000000e-003
  4.6815000e+004  3.9000000e+001 -2.4800000e+000  1.0000000e-003
  4.6835000e+004  3.8800000e+001 -2.4800000e+000  1.0000000e-003
  4.6855000e+004  3.9000000e+001 -2.4800000e+000  1.0000000e-003
  4.6875000e+004  3.9000000e+001 -2.4800000e+000  1.0000000e-003
  4.6895000e+004  3.8500000e+001 -2.4800000e+000  1.0000000e-003
  4.6915000e+004  3.8500000e+001 -2.4800000e+000  1.0000000e-003
  4.6935000e+004  3.8300000e+001 -2.4800000e+000  1.0000000e-003
  4.6955000e+004  3.8000000e+001 -2.4800000e+000  1.0000000e-003
  4.6975000e+004  3.8300000e+001 -2.4800000e+000  1.0000000e-003
  4.6995000e+004  3.8200000e+001 -2.4800000e+000  1.0000000e-003
  4.7016000e+004  3.8200000e+001 -2.4800000e+000  1.0000000e-003
  4.7036000e+004  3.8000000e+001 -2.4800000e+000  1.0000000e-003
  4.7056000e+004  3.8000000e+001 -2.4800000e+000  1.0000000e-003
  4.7076000e+004  3.8000000e+001 -2.4800000e+000  1.0000000e-003
  4.7096000e+004  3.7800000e+001 -2.4800000e+000  1.0000000e-003
  4.7116000e+004  3.7800000e+001 -2.4800000e+000  1.0000000e-003
  4.7136000e+004  3.7800000e+001 -2.4800000e+000  1.0000000e-003
  4.7156000e+004  3.7800000e+001 -2.4800000e+000  1.0000000e-003
  4.7176000e+004  3.7800000e+001 -2.4800000e+000  1.0000000e-003
  4.7196000e+004  3.7600000e+001 -2.4800000e+000  1.0000000e-003
  4.7216000e+004  3.7500000e+001 -2.4800000e+000  1.0000000e-003
  4.7236000e+004  3.7500000e+001 -2.4800000e+000  1.0000000e-003
  4.7256000e+004  3.7300000e+001 -2.4800000e+000  1.0000000e-003
  4.7276000e+004  3.7300000e+001 -2.4800000e+000  1.0000000e-003
  4.7296000e+004  3.7100000e+001 -2.4800000e+000  1.0000000e-003
  4.7316000e+004  3.6900000e+001 -2.4800000e+000  1.0000000e-003
  4.7336000e+004  3.7300000e+001 -2.4800000e+000  1.0000000e-003
  4.7356000e+004  3.6900000e+001 -2.4800000e+000  1.0000000e-003
  4.7376000e+004  3.7100000e+001 -2.4800000e+000  1.0000000e-003
  4.7396000e+004  3.6900000e+001 -2.4800000e+000  1.0000000e-003
  4.7416000e+004  3.6800000e+001 -2.4800000e+000  1.0000000e-003
  4.7436000e+004  3.6800000e+001 -2.4800000e+000  1.0000000e-003
  4.7456000e+004  3.6800000e+001 -2.4800000e+000  1.0000000e-003
  4.7476000e+004  3.6800000e+001 -2.4800000e+000  1.0000000e-003
  4.7496000e+004  3.6800000e+001 -2.4800000e+000  1.0000000e-003
  4.7516000e+004  3.6800000e+001 -2.4800000e+000  1.0000000e-003
  4.7536000e+004  3.6600000e+001 -2.4800000e+000  1.0000000e-003
  4.7556000e+004  3.6600000e+001 -2.4800000e+000  1.0000000e-003
  4.7576000e+004  3.6400000e+001 -2.4800000e+000  1.0000000e-003
  4.7596000e+004  3.6600000e+001 -2.4800000e+000  1.0000000e-003
  4.7616000e+004  3.6000000e+001 -2.4800000e+000  1.0000000e-003
  4.7636000e+004  3.6200000e+001 -2.4800000e+000  1.0000000e-003
  4.7656000e+004  3.6000000e+001 -2.4800000e+000  1.0000000e-003
  4.7676000e+004  3.6000000e+001 -2.4800000e+000  1.0000000e-003
  4.7696000e+004  3.5700000e+001 -2.4800000e+000  1.0000000e-003
  4.7716000e+004  3.6000000e+001 -2.4800000e+000  1.0000000e-003
  4.7736000e+004  3.5900000e+001 -2.4800000e+000  1.0000000e-003
  4.7756000e+004  3.5500000e+001 -2.4800000e+000  1.0000000e-003
  4.7776000e+004  3.5500000e+001 -2.4800000e+000  1.0000000e-003
  4.7796000e+004  3.5300000e+001 -2.4800000e+000  1.0000000e-003
  4.7816000e+004  3.5300000e+001 -2.4800000e+000  1.0000000e-003
  4.7836000e+004  3.5300000e+001 -2.4800000e+000  1.0000000e-003
  4.7856000e+004  3.5200000e+001 -2.4800000e+000  1.0000000e-003
  4.7876000e+004  3.5300000e+001 -2.4800000e+000  1.0000000e-003
  4.7896000e+004  3.5300000e+001 -2.4800000e+000  1.0000000e-003
  4.7917000e+004  3.5200000e+001 -2.4800000e+000  1.0000000e-003
  4.7937000e+004  3.4800000e+001 -2.4800000e+000  1.0000000e-003
  4.7957000e+004  3.4800000e+001 -2.4800000e+000  1.0000000e-003
  4.7977000e+004  3.4800000e+001 -2.4800000e+000  1.0000000e-003
  4.7997000e+004  3.4800000e+001 -2.4800000e+000  1.0000000e-003
  4.8017000e+004  3.4800000e+001 -2.4800000e+000  1.0000000e-003
  4.8037000e+004  3.4800000e+001 -2.4800000e+000  1.0000000e-003
  4.8057000e+004  3.4800000e+001 -2.4800000e+000  1.0000000e-003
  4.8077000e+004  3.4800000e+001 -2.4800000e+000  1.0000000e-003
  4.8097000e+004  3.4500000e+001 -2.4800000e+000  1.0000000e-003
  4.8117000e+004  3.4300000e+001 -2.4800000e+000  1.0000000e-003
  4.8137000e+004  3.4300000e+001 -2.4800000e+000  1.0000000e-003
  4.8157000e+004  3.4300000e+001 -2.4800000e+000  1.0000000e-003
  4.8177000e+004  3.4300000e+001 -2.4800000e+000  1.0000000e-003
  4.8197000e+004  3.4100000e+001 -2.4800000e+000  1.0000000e-003
  4.8217000e+004  3.4100000e+001 -2.4800000e+000  1.0000000e-003
  4.8237000e+004  3.4100000e+001 -2.4810000e+000  1.0000000e-003
  4.8257000e+004  3.4100000e+001 -2.4810000e+000  1.0000000e-003
  4.8277000e+004  3.4100000e+001 -2.4810000e+000  1.0000000e-003
  4.8297000e+004  3.3800000e+001 -2.4810000e+000  1.0000000e-003
  4.8317000e+004  3.4100000e+001 -2.4810000e+000  1.0000000e-003
  4.8337000e+004  3.4000000e+001 -2.4810000e+000  1.0000000e-003
  4.8357000e+004  3.3800000e+001 -2.4810000e+000  1.0000000e-003
  4.8377000e+004  3.3800000e+001 -2.4810000e+000  1.0000000e-003
  4.8397000e+004  3.4000000e+001 -2.4810000e+000  1.0000000e-003
  4.8417000e+004  3.3600000e+001 -2.4810000e+000  1.0000000e-003
  4.8437000e+004  3.3600000e+001 -2.4810000e+000  1.0000000e-003
  4.8457000e+004  3.3600000e+001 -2.4810000e+000  1.0000000e-003
  4.8477000e+004  3.3600000e+001 -2.4810000e+000  1.0000000e-003
  4.8497000e+004  3.3100000e+001 -2.4810000e+000  1.0000000e-003
  4.8517000e+004  3.3400000e+001 -2.4810000e+000  1.0000000e-003
  4.8537000e+004  3.3400000e+001 -2.4810000e+000  1.0000000e-003
  4.8557000e+004  3.3400000e+001 -2.4810000e+000  1.0000000e-003
  4.8577000e+004  3.3400000e+001 -2.4810000e+000  1.0000000e-003
  4.8597000e+004  3.3400000e+001 -2.4810000e+000  1.0000000e-003
  4.8617000e+004  3.3100000e+001 -2.4810000e+000  1.0000000e-003
  4.8638000e+004  3.2900000e+001 -2.4810000e+000  1.0000000e-003
  4.8662000e+004  3.2900000e+001 -2.4810000e+000  1.0000000e-003
  4.8683000e+004  3.2700000e+001 -2.4810000e+000  1.0000000e-003
  4.8703000e+004  3.2500000e+001 -2.4810000e+000  1.0000000e-003
  4.8723000e+004  3.2700000e+001 -2.4810000e+000  1.0000000e-003
  4.8743000e+004  3.2700000e+001 -2.4810000e+000  1.0000000e-003
  4.8763000e+004  3.2900000e+001 -2.4810000e+000  1.0000000e-003
  4.8783000e+004  3.2500000e+001 -2.4810000e+000  1.0000000e-003
  4.8803000e+004  3.2700000e+001 -2.4810000e+000  1.0000000e-003
  4.8823000e+004  3.2500000e+001 -2.4810000e+000  1.0000000e-003
  4.8843000e+004  3.2200000e+001 -2.4810000e+000  1.0000000e-003
  4.8863000e+004  3.2700000e+001 -2.4810000e+000  1.0000000e-003
  4.8883000e+004  3.2400000e+001 -2.4810000e+000  1.0000000e-003
  4.8903000e+004  3.2400000e+001 -2.4810000e+000  1.0000000e-003
  4.8923000e+004  3.2200000e+001 -2.4810000e+000  1.0000000e-003
  4.8943000e+004  3.2200000e+001 -2.4810000e+000  1.0000000e-003
  4.8963000e+004  3.2000000e+001 -2.4810000e+000  1.0000000e-003
  4.8983000e+004  3.2000000e+001 -2.4810000e+000  1.0000000e-003
  4.9003000e+004  3.1700000e+001 -2.4810000e+000  1.0000000e-003
  4.9023000e+004  3.2200000e+001 -2.4810000e+000  1.0000000e-003
  4.9043000e+004  3.2200000e+001 -2.4810000e+000  1.0000000e-003
  4.9063000e+004  3.2200000e+001 -2.4810000e+000  1.0000000e-003
  4.9083000e+004  3.1700000e+001 -2.4810000e+000  1.0000000e-003
  4.9103000e+004  3.1900000e+001 -2.4810000e+000  1.0000000e-003
  4.9123000e+004  3.2000000e+001 -2.4810000e+000  1.0000000e-003
  4.9143000e+004  3.1700000e+001 -2.4810000e+000  1.0000000e-003
  4.9163000e+004  3.1700000e+001 -2.4810000e+000  1.0000000e-003
  4.9183000e+004  3.1500000e+001 -2.4810000e+000  1.0000000e-003
  4.9203000e+004  3.1300000e+001 -2.4810000e+000  1.0000000e-003
  4.9223000e+004  3.1500000e+001 -2.4810000e+000  1.0000000e-003
  4.9243000e+004  3.1500000e+001 -2.4810000e+000  1.0000000e-003
  4.9263000e+004  3.1100000e+001 -2.4810000e+000  1.0000000e-003
  4.9283000e+004  3.1300000e+001 -2.4810000e+000  1.0000000e-003
  4.9304000e+004  3.1300000e+001 -2.4810000e+000  1.0000000e-003
  4.9324000e+004  3.1300000e+001 -2.4810000e+000  1.0000000e-003
  4.9344000e+004  3.1300000e+001 -2.4810000e+000  1.0000000e-003
  4.9364000e+004  3.1100000e+001 -2.4810000e+000  1.0000000e-003
  4.9384000e+004  3.1100000e+001 -2.4810000e+000  1.0000000e-003
  4.9404000e+004  3.1100000e+001 -2.4810000e+000  1.0000000e-003
  4.9424000e+004  3.1100000e+001 -2.4810000e+000  1.0000000e-003
  4.9444000e+004  3.1000000e+001 -2.4810000e+000  1.0000000e-003
  4.9464000e+004  3.1300000e+001 -2.4810000e+000  1.0000000e-003
  4.9484000e+004  3.0800000e+001 -2.4810000e+000  1.0000000e-003
  4.9504000e+004  3.1300000e+001 -2.4810000e+000  1.0000000e-003
  4.9524000e+004  3.1000000e+001 -2.4810000e+000  1.0000000e-003
  4.9544000e+004  3.0600000e+001 -2.4810000e+000  1.0000000e-003
  4.9564000e+004  3.1000000e+001 -2.4810000e+000  1.0000000e-003
  4.9584000e+004  3.0500000e+001 -2.4810000e+000  1.0000000e-003
  4.9604000e+004  3.0600000e+001 -2.4810000e+000  1.0000000e-003
  4.9624000e+004  3.0300000e+001 -2.4810000e+000  1.0000000e-003
  4.9644000e+004  3.0500000e+001 -2.4810000e+000  1.0000000e-003
  4.9664000e+004  3.0500000e+001 -2.4810000e+000  1.0000000e-003
  4.9684000e+004  3.0300000e+001 -2.4810000e+000  1.0000000e-003
  4.9704000e+004  3.0800000e+001 -2.4810000e+000  1.0000000e-003
  4.9724000e+004  3.0300000e+001 -2.4810000e+000  1.0000000e-003
  4.9744000e+004  3.0800000e+001 -2.4810000e+000  1.0000000e-003
  4.9764000e+004  3.0300000e+001 -2.4810000e+000  1.0000000e-003
  4.9784000e+004  3.0600000e+001 -2.4810000e+000  1.0000000e-003
  4.9804000e+004  3.0300000e+001 -2.4810000e+000  1.0000000e-003
  4.9824000e+004  3.0300000e+001 -2.4810000e+000  1.0000000e-003
  4.9844000e+004  3.0300000e+001 -2.4810000e+000  1.0000000e-003
  4.9864000e+004  3.0100000e+001 -2.4810000e+000  1.0000000e-003
  4.9884000e+004  3.0300000e+001 -2.4810000e+000  1.0000000e-003
  4.9904000e+004  2.9900000e+001 -2.4810000e+000  1.0000000e-003
  4.9924000e+004  3.0300000e+001 -2.4810000e+000  1.0000000e-003
  4.9944000e+004  3.0300000e+001 -2.4810000e+000  1.0000000e-003
  4.9964000e+004  3.0100000e+001 -2.4810000e+000  1.0000000e-003
  4.9984000e+004  2.9800000e+001 -2.4810000e+000  1.0000000e-003
  5.0004000e+004  2.9800000e+001 -2.4810000e+000  1.0000000e-003
  5.0024000e+004  2.9900000e+001 -2.4810000e+000  1.0000000e-003
  5.0045000e+004  2.9800000e+001 -2.4810000e+000  1.0000000e-003
  5.0065000e+004  2.9600000e+001 -2.4810000e+000  1.0000000e-003
  5.0085000e+004  2.9900000e+001 -2.4810000e+000  1.0000000e-003
  5.0105000e+004  3.0100000e+001 -2.4810000e+000  1.0000000e-003
  5.0125000e+004  2.9600000e+001 -2.4810000e+000  1.0000000e-003
  5.0145000e+004  2.9800000e+001 -2.4820000e+000  1.0000000e-003
  5.0165000e+004  2.9800000e+001 -2.4810000e+000  1.0000000e-003
  5.0185000e+004  2.9800000e+001 -2.4820000e+000  1.0000000e-003
  5.0205000e+004  2.9600000e+001 -2.4820000e+000  1.0000000e-003
  5.0225000e+004  2.9600000e+001 -2.4820000e+000  1.0000000e-003
  5.0245000e+004  2.9400000e+001 -2.4820000e+000  1.0000000e-003
  5.0265000e+004  2.9600000e+001 -2.4820000e+000  1.0000000e-003
  5.0285000e+004  2.9200000e+001 -2.4820000e+000  1.0000000e-003
  5.0305000e+004  2.9400000e+001 -2.4820000e+000  1.0000000e-003
  5.0325000e+004  2.9000000e+001 -2.4820000e+000  1.0000000e-003
  5.0345000e+004  2.9000000e+001 -2.4820000e+000  1.0000000e-003
  5.0365000e+004  2.9000000e+001 -2.4820000e+000  1.0000000e-003
  5.0385000e+004  2.9000000e+001 -2.4820000e+000  1.0000000e-003
  5.0405000e+004  2.9200000e+001 -2.4820000e+000  1.0000000e-003
  5.0425000e+004  2.9000000e+001 -2.4820000e+000  1.0000000e-003
  5.0445000e+004  2.9600000e+001 -2.4820000e+000  1.0000000e-003
  5.0465000e+004  2.9400000e+001 -2.4820000e+000  1.0000000e-003
  5.0485000e+004  2.9200000e+001 -2.4820000e+000  1.0000000e-003
  5.0505000e+004  2.9000000e+001 -2.4820000e+000  1.0000000e-003
  5.0525000e+004  2.9000000e+001 -2.4820000e+000  1.0000000e-003
  5.0545000e+004  2.9200000e+001 -2.4820000e+000  1.0000000e-003
  5.0565000e+004  2.9200000e+001 -2.4820000e+000  1.0000000e-003
  5.0585000e+004  2.9200000e+001 -2.4820000e+000  1.0000000e-003
  5.0605000e+004  2.9200000e+001 -2.4820000e+000  1.0000000e-003
  5.0626000e+004  2.8700000e+001 -2.4820000e+000  1.0000000e-003
  5.0646000e+004  2.9400000e+001 -2.4820000e+000  1.0000000e-003
  5.0666000e+004  2.8900000e+001 -2.4820000e+000  1.0000000e-003
  5.0686000e+004  2.8900000e+001 -2.4820000e+000  1.0000000e-003
  5.0706000e+004  2.8900000e+001 -2.4820000e+000  1.0000000e-003
  5.0726000e+004  2.8400000e+001 -2.4820000e+000  1.0000000e-003
  5.0746000e+004  2.8400000e+001 -2.4820000e+000  1.0000000e-003
  5.0766000e+004  2.8400000e+001 -2.4820000e+000  1.0000000e-003
  5.0786000e+004  2.8500000e+001 -2.4820000e+000  1.0000000e-003
  5.0806000e+004  2.8500000e+001 -2.4820000e+000  1.0000000e-003
  5.0826000e+004  2.8400000e+001 -2.4820000e+000  1.0000000e-003
  5.0846000e+004  2.8400000e+001 -2.4820000e+000  1.0000000e-003
  5.0866000e+004  2.8900000e+001 -2.4820000e+000  1.0000000e-003
  5.0886000e+004  2.8700000e+001 -2.4820000e+000  1.0000000e-003
  5.0906000e+004  2.8400000e+001 -2.4820000e+000  1.0000000e-003
  5.0926000e+004  2.8400000e+001 -2.4820000e+000  1.0000000e-003
  5.0946000e+004  2.8400000e+001 -2.4820000e+000  1.0000000e-003
  5.0966000e+004  2.8400000e+001 -2.4820000e+000  1.0000000e-003
  5.0986000e+004  2.8400000e+001 -2.4820000e+000  1.0000000e-003
  5.1006000e+004  2.8200000e+001 -2.4820000e+000  1.0000000e-003
  5.1026000e+004  2.8400000e+001 -2.4820000e+000  1.0000000e-003
  5.1046000e+004  2.8400000e+001 -2.4820000e+000  1.0000000e-003
  5.1066000e+004  2.8400000e+001 -2.4820000e+000  1.0000000e-003
  5.1086000e+004  2.8200000e+001 -2.4820000e+000  1.0000000e-003
  5.1106000e+004  2.8500000e+001 -2.4820000e+000  1.0000000e-003
  5.1126000e+004  2.8400000e+001 -2.4820000e+000  1.0000000e-003
  5.1146000e+004  2.7800000e+001 -2.4820000e+000  1.0000000e-003
  5.1166000e+004  2.7800000e+001 -2.4820000e+000  1.0000000e-003
  5.1186000e+004  2.7800000e+001 -2.4820000e+000  1.0000000e-003
  5.1206000e+004  2.8000000e+001 -2.4820000e+000  1.0000000e-003
  5.1226000e+004  2.8200000e+001 -2.4820000e+000  1.0000000e-003
  5.1246000e+004  2.7800000e+001 -2.4820000e+000  1.0000000e-003
  5.1266000e+004  2.7800000e+001 -2.4820000e+000  1.0000000e-003
  5.1286000e+004  2.7700000e+001 -2.4820000e+000  1.0000000e-003
  5.1306000e+004  2.8000000e+001 -2.4820000e+000  1.0000000e-003
  5.1326000e+004  2.7800000e+001 -2.4820000e+000  1.0000000e-003
  5.1346000e+004  2.7700000e+001 -2.4820000e+000  1.0000000e-003
  5.1366000e+004  2.7700000e+001 -2.4820000e+000  1.0000000e-003
  5.1386000e+004  2.7700000e+001 -2.4820000e+000  1.0000000e-003
  5.1406000e+004  2.7500000e+001 -2.4820000e+000  1.0000000e-003
  5.1426000e+004  2.7700000e+001 -2.4820000e+000  1.0000000e-003
  5.1446000e+004  2.7700000e+001 -2.4820000e+000  1.0000000e-003
  5.1466000e+004  2.7700000e+001 -2.4820000e+000  1.0000000e-003
  5.1486000e+004  2.7700000e+001 -2.4820000e+000  1.0000000e-003
  5.1506000e+004  2.7700000e+001 -2.4820000e+000  1.0000000e-003
  5.1526000e+004  2.7700000e+001 -2.4820000e+000  1.0000000e-003
  5.1546000e+004  2.7500000e+001 -2.4820000e+000  1.0000000e-003
  5.1566000e+004  2.7700000e+001 -2.4820000e+000  1.0000000e-003
