  1.6689000e+004  1.2996000e+003 -1.3920000e+000  1.0000000e-003
  1.6709000e+004  1.2996000e+003 -1.3930000e+000  1.0000000e-003
  1.6729000e+004  1.2996000e+003 -1.3930000e+000  1.0000000e-003
  1.6779000e+004  1.2913000e+003 -1.3950000e+000  1.0000000e-003
  1.6799000e+004  1.2955000e+003 -1.3940000e+000  1.0000000e-003
  1.6819000e+004  1.2940000e+003 -1.3950000e+000  1.0000000e-003
  1.6839000e+004  1.2908000e+003 -1.3950000e+000  1.0000000e-003
  1.6859000e+004  1.2870000e+003 -1.3960000e+000  1.0000000e-003
  1.6879000e+004  1.2826000e+003 -1.3960000e+000  1.0000000e-003
  1.6899000e+004  1.2780000e+003 -1.3960000e+000  1.0000000e-003
  1.6919000e+004  1.2735000e+003 -1.3960000e+000  1.0000000e-003
  1.6939000e+004  1.2684000e+003 -1.3970000e+000  1.0000000e-003
  1.6959000e+004  1.2632000e+003 -1.3970000e+000  1.0000000e-003
  1.6979000e+004  1.2577000e+003 -1.3970000e+000  1.0000000e-003
  1.6999000e+004  1.2523000e+003 -1.3970000e+000  1.0000000e-003
  1.7019000e+004  1.2467000e+003 -1.3970000e+000  1.0000000e-003
  1.7039000e+004  1.2408000e+003 -1.3970000e+000  1.0000000e-003
  1.7059000e+004  1.2350000e+003 -1.3970000e+000  1.0000000e-003
  1.7079000e+004  1.2294000e+003 -1.3970000e+000  1.0000000e-003
  1.7099000e+004  1.2234000e+003 -1.3970000e+000  1.0000000e-003
  1.7119000e+004  1.2173000e+003 -1.3970000e+000  1.0000000e-003
  1.7139000e+004  1.2115000e+003 -1.3970000e+000  1.0000000e-003
  1.7159000e+004  1.2054000e+003 -1.3970000e+000  1.0000000e-003
  1.7179000e+004  1.1995000e+003 -1.3970000e+000  1.0000000e-003
  1.7199000e+004  1.1935000e+003 -1.3970000e+000  1.0000000e-003
  1.7219000e+004  1.1877000e+003 -1.3980000e+000  1.0000000e-003
  1.7239000e+004  1.1813000e+003 -1.3980000e+000  1.0000000e-003
  1.7259000e+004  1.1753000e+003 -1.3980000e+000  1.0000000e-003
  1.7279000e+004  1.1693000e+003 -1.3980000e+000  1.0000000e-003
  1.7299000e+004  1.1632000e+003 -1.3980000e+000  1.0000000e-003
  1.7320000e+004  1.1573000e+003 -1.3980000e+000  1.0000000e-003
  1.7340000e+004  1.1511000e+003 -1.3980000e+000  1.0000000e-003
  1.7360000e+004  1.1450000e+003 -1.3990000e+000  1.0000000e-003
  1.7380000e+004  1.1392000e+003 -1.3990000e+000  1.0000000e-003
  1.7400000e+004  1.1331000e+003 -1.3990000e+000  1.0000000e-003
  1.7420000e+004  1.1270000e+003 -1.3990000e+000  1.0000000e-003
  1.7440000e+004  1.1212000e+003 -1.3990000e+000  1.0000000e-003
  1.7460000e+004  1.1155000e+003 -1.4000000e+000  1.0000000e-003
  1.7480000e+004  1.1092000e+003 -1.4000000e+000  1.0000000e-003
  1.7500000e+004  1.1030000e+003 -1.4000000e+000  1.0000000e-003
  1.7520000e+004  1.0971000e+003 -1.4000000e+000  1.0000000e-003
  1.7540000e+004  1.0906000e+003 -1.4000000e+000  1.0000000e-003
  1.7560000e+004  1.0846000e+003 -1.4000000e+000  1.0000000e-003
  1.7580000e+004  1.0789000e+003 -1.4000000e+000  1.0000000e-003
  1.7600000e+004  1.0728000e+003 -1.4010000e+000  1.0000000e-003
  1.7620000e+004  1.0668000e+003 -1.4010000e+000  1.0000000e-003
  1.7640000e+004  1.0607000e+003 -1.4010000e+000  1.0000000e-003
  1.7660000e+004  1.0551000e+003 -1.4010000e+000  1.0000000e-003
  1.7680000e+004  1.0493000e+003 -1.4010000e+000  1.0000000e-003
  1.7700000e+004  1.0432000e+003 -1.4020000e+000  1.0000000e-003
  1.7720000e+004  1.0374000e+003 -1.4020000e+000  1.0000000e-003
  1.7740000e+004  1.0318000e+003 -1.4020000e+000  1.0000000e-003
  1.7760000e+004  1.0260000e+003 -1.4020000e+000  1.0000000e-003
  1.7780000e+004  1.0204000e+003 -1.4020000e+000  1.0000000e-003
  1.7800000e+004  1.0150000e+003 -1.4020000e+000  1.0000000e-003
  1.7820000e+004  1.0099000e+003 -1.4030000e+000  1.0000000e-003
  1.7840000e+004  1.0045000e+003 -1.4030000e+000  1.0000000e-003
  1.7860000e+004  9.9920000e+002 -1.4030000e+000  1.0000000e-003
  1.7880000e+004  9.9400000e+002 -1.4030000e+000  1.0000000e-003
  1.7900000e+004  9.8890000e+002 -1.4040000e+000  1.0000000e-003
  1.7920000e+004  9.8390000e+002 -1.4040000e+000  1.0000000e-003
  1.7940000e+004  9.7880000e+002 -1.4040000e+000  1.0000000e-003
  1.7960000e+004  9.7370000e+002 -1.4040000e+000  1.0000000e-003
  1.7980000e+004  9.6860000e+002 -1.4040000e+000  1.0000000e-003
  1.8000000e+004  9.6390000e+002 -1.4050000e+000  1.0000000e-003
  1.8020000e+004  9.5920000e+002 -1.4050000e+000  1.0000000e-003
  1.8040000e+004  9.5430000e+002 -1.4050000e+000  1.0000000e-003
  1.8061000e+004  9.4950000e+002 -1.4060000e+000  1.0000000e-003
  1.8081000e+004  9.4480000e+002 -1.4060000e+000  1.0000000e-003
  1.8101000e+004  9.4050000e+002 -1.4060000e+000  1.0000000e-003
  1.8121000e+004  9.3590000e+002 -1.4060000e+000  1.0000000e-003
  1.8141000e+004  9.3140000e+002 -1.4070000e+000  1.0000000e-003
  1.8161000e+004  9.2680000e+002 -1.4070000e+000  1.0000000e-003
  1.8181000e+004  9.2260000e+002 -1.4070000e+000  1.0000000e-003
  1.8201000e+004  9.1840000e+002 -1.4070000e+000  1.0000000e-003
  1.8221000e+004  9.1420000e+002 -1.4070000e+000  1.0000000e-003
  1.8241000e+004  9.0980000e+002 -1.4080000e+000  1.0000000e-003
  1.8261000e+004  9.0560000e+002 -1.4080000e+000  1.0000000e-003
  1.8281000e+004  9.0130000e+002 -1.4080000e+000  1.0000000e-003
  1.8301000e+004  8.9760000e+002 -1.4080000e+000  1.0000000e-003
  1.8321000e+004  8.9360000e+002 -1.4090000e+000  1.0000000e-003
  1.8341000e+004  8.8950000e+002 -1.4090000e+000  1.0000000e-003
  1.8361000e+004  8.8550000e+002 -1.4090000e+000  1.0000000e-003
  1.8381000e+004  8.8150000e+002 -1.4090000e+000  1.0000000e-003
  1.8401000e+004  8.7760000e+002 -1.4100000e+000  1.0000000e-003
  1.8421000e+004  8.7400000e+002 -1.4100000e+000  1.0000000e-003
  1.8441000e+004  8.6990000e+002 -1.4100000e+000  1.0000000e-003
  1.8461000e+004  8.6630000e+002 -1.4100000e+000  1.0000000e-003
  1.8481000e+004  8.6220000e+002 -1.4110000e+000  1.0000000e-003
  1.8501000e+004  8.5840000e+002 -1.4110000e+000  1.0000000e-003
  1.8521000e+004  8.5440000e+002 -1.4110000e+000  1.0000000e-003
  1.8541000e+004  8.5080000e+002 -1.4110000e+000  1.0000000e-003
  1.8561000e+004  8.4750000e+002 -1.4110000e+000  1.0000000e-003
  1.8581000e+004  8.4350000e+002 -1.4120000e+000  1.0000000e-003
  1.8601000e+004  8.3980000e+002 -1.4120000e+000  1.0000000e-003
  1.8621000e+004  8.3610000e+002 -1.4120000e+000  1.0000000e-003
  1.8641000e+004  8.3270000e+002 -1.4120000e+000  1.0000000e-003
  1.8661000e+004  8.2920000e+002 -1.4130000e+000  1.0000000e-003
  1.8681000e+004  8.2570000e+002 -1.4130000e+000  1.0000000e-003
  1.8701000e+004  8.2230000e+002 -1.4130000e+000  1.0000000e-003
  1.8721000e+004  8.1880000e+002 -1.4140000e+000  1.0000000e-003
  1.8741000e+004  8.1550000e+002 -1.4140000e+000  1.0000000e-003
  1.8761000e+004  8.1200000e+002 -1.4140000e+000  1.0000000e-003
  1.8781000e+004  8.0850000e+002 -1.4140000e+000  1.0000000e-003
  1.8801000e+004  8.0550000e+002 -1.4150000e+000  1.0000000e-003
  1.8821000e+004  8.0220000e+002 -1.4150000e+000  1.0000000e-003
  1.8841000e+004  7.9900000e+002 -1.4150000e+000  1.0000000e-003
  1.8861000e+004  7.9570000e+002 -1.4150000e+000  1.0000000e-003
  1.8882000e+004  7.9240000e+002 -1.4160000e+000  1.0000000e-003
  1.8906000e+004  7.8820000e+002 -1.4160000e+000  1.0000000e-003
  1.8926000e+004  7.8520000e+002 -1.4160000e+000  1.0000000e-003
  1.8946000e+004  7.8230000e+002 -1.4160000e+000  1.0000000e-003
  1.8966000e+004  7.7890000e+002 -1.4170000e+000  1.0000000e-003
  1.8987000e+004  7.7600000e+002 -1.4170000e+000  1.0000000e-003
  1.9007000e+004  7.7280000e+002 -1.4170000e+000  1.0000000e-003
  1.9027000e+004  7.6960000e+002 -1.4170000e+000  1.0000000e-003
  1.9047000e+004  7.6670000e+002 -1.4170000e+000  1.0000000e-003
  1.9067000e+004  7.6350000e+002 -1.4180000e+000  1.0000000e-003
  1.9087000e+004  7.6050000e+002 -1.4180000e+000  1.0000000e-003
  1.9107000e+004  7.5780000e+002 -1.4180000e+000  1.0000000e-003
  1.9127000e+004  7.5460000e+002 -1.4180000e+000  1.0000000e-003
  1.9147000e+004  7.5160000e+002 -1.4180000e+000  1.0000000e-003
  1.9167000e+004  7.4870000e+002 -1.4180000e+000  1.0000000e-003
  1.9187000e+004  7.4570000e+002 -1.4190000e+000  1.0000000e-003
  1.9207000e+004  7.4230000e+002 -1.4190000e+000  1.0000000e-003
  1.9227000e+004  7.3950000e+002 -1.4190000e+000  1.0000000e-003
  1.9247000e+004  7.3660000e+002 -1.4190000e+000  1.0000000e-003
  1.9267000e+004  7.3390000e+002 -1.4190000e+000  1.0000000e-003
  1.9287000e+004  7.3100000e+002 -1.4190000e+000  1.0000000e-003
  1.9307000e+004  7.2800000e+002 -1.4190000e+000  1.0000000e-003
  1.9327000e+004  7.2520000e+002 -1.4200000e+000  1.0000000e-003
  1.9347000e+004  7.2220000e+002 -1.4200000e+000  1.0000000e-003
  1.9367000e+004  7.1940000e+002 -1.4200000e+000  1.0000000e-003
  1.9387000e+004  7.1660000e+002 -1.4200000e+000  1.0000000e-003
  1.9407000e+004  7.1360000e+002 -1.4200000e+000  1.0000000e-003
  1.9427000e+004  7.1100000e+002 -1.4210000e+000  1.0000000e-003
  1.9447000e+004  7.0820000e+002 -1.4210000e+000  1.0000000e-003
  1.9467000e+004  7.0580000e+002 -1.4210000e+000  1.0000000e-003
  1.9487000e+004  7.0320000e+002 -1.4210000e+000  1.0000000e-003
  1.9507000e+004  7.0040000e+002 -1.4210000e+000  1.0000000e-003
  1.9527000e+004  6.9770000e+002 -1.4210000e+000  1.0000000e-003
  1.9547000e+004  6.9510000e+002 -1.4220000e+000  1.0000000e-003
  1.9567000e+004  6.9270000e+002 -1.4220000e+000  1.0000000e-003
  1.9587000e+004  6.8970000e+002 -1.4220000e+000  1.0000000e-003
  1.9607000e+004  6.8720000e+002 -1.4220000e+000  1.0000000e-003
  1.9627000e+004  6.8480000e+002 -1.4220000e+000  1.0000000e-003
  1.9647000e+004  6.8210000e+002 -1.4230000e+000  1.0000000e-003
  1.9667000e+004  6.7950000e+002 -1.4230000e+000  1.0000000e-003
  1.9687000e+004  6.7710000e+002 -1.4230000e+000  1.0000000e-003
  1.9707000e+004  6.7450000e+002 -1.4230000e+000  1.0000000e-003
  1.9727000e+004  6.7200000e+002 -1.4230000e+000  1.0000000e-003
  1.9747000e+004  6.6940000e+002 -1.4240000e+000  1.0000000e-003
  1.9767000e+004  6.6690000e+002 -1.4240000e+000  1.0000000e-003
  1.9787000e+004  6.6450000e+002 -1.4240000e+000  1.0000000e-003
  1.9807000e+004  6.6200000e+002 -1.4240000e+000  1.0000000e-003
  1.9827000e+004  6.5980000e+002 -1.4240000e+000  1.0000000e-003
  1.9847000e+004  6.5750000e+002 -1.4250000e+000  1.0000000e-003
  1.9867000e+004  6.5480000e+002 -1.4250000e+000  1.0000000e-003
  1.9887000e+004  6.5240000e+002 -1.4250000e+000  1.0000000e-003
  1.9907000e+004  6.5000000e+002 -1.4250000e+000  1.0000000e-003
  1.9927000e+004  6.4730000e+002 -1.4250000e+000  1.0000000e-003
  1.9947000e+004  6.4470000e+002 -1.4260000e+000  1.0000000e-003
  1.9967000e+004  6.4240000e+002 -1.4260000e+000  1.0000000e-003
  1.9987000e+004  6.3960000e+002 -1.4260000e+000  1.0000000e-003
  2.0007000e+004  6.3750000e+002 -1.4260000e+000  1.0000000e-003
  2.0027000e+004  6.3530000e+002 -1.4260000e+000  1.0000000e-003
  2.0048000e+004  6.3300000e+002 -1.4260000e+000  1.0000000e-003
  2.0103000e+004  6.2610000e+002 -1.4270000e+000  1.0000000e-003
  2.0123000e+004  6.2400000e+002 -1.4270000e+000  1.0000000e-003
  2.0143000e+004  6.2160000e+002 -1.4270000e+000  1.0000000e-003
  2.0163000e+004  6.1920000e+002 -1.4270000e+000  1.0000000e-003
  2.0183000e+004  6.1690000e+002 -1.4280000e+000  1.0000000e-003
  2.0203000e+004  6.1460000e+002 -1.4280000e+000  1.0000000e-003
  2.0223000e+004  6.1230000e+002 -1.4280000e+000  1.0000000e-003
  2.0243000e+004  6.1020000e+002 -1.4280000e+000  1.0000000e-003
  2.0263000e+004  6.0800000e+002 -1.4280000e+000  1.0000000e-003
  2.0283000e+004  6.0550000e+002 -1.4280000e+000  1.0000000e-003
  2.0303000e+004  6.0340000e+002 -1.4280000e+000  1.0000000e-003
  2.0323000e+004  6.0110000e+002 -1.4280000e+000  1.0000000e-003
  2.0343000e+004  5.9900000e+002 -1.4290000e+000  1.0000000e-003
  2.0363000e+004  5.9680000e+002 -1.4290000e+000  1.0000000e-003
  2.0383000e+004  5.9450000e+002 -1.4290000e+000  1.0000000e-003
  2.0403000e+004  5.9220000e+002 -1.4290000e+000  1.0000000e-003
  2.0423000e+004  5.9010000e+002 -1.4290000e+000  1.0000000e-003
  2.0443000e+004  5.8800000e+002 -1.4290000e+000  1.0000000e-003
  2.0463000e+004  5.8570000e+002 -1.4290000e+000  1.0000000e-003
  2.0483000e+004  5.8380000e+002 -1.4290000e+000  1.0000000e-003
  2.0503000e+004  5.8150000e+002 -1.4300000e+000  1.0000000e-003
  2.0523000e+004  5.7960000e+002 -1.4300000e+000  1.0000000e-003
  2.0543000e+004  5.7730000e+002 -1.4300000e+000  1.0000000e-003
  2.0563000e+004  5.7520000e+002 -1.4300000e+000  1.0000000e-003
  2.0583000e+004  5.7310000e+002 -1.4300000e+000  1.0000000e-003
  2.0603000e+004  5.7100000e+002 -1.4300000e+000  1.0000000e-003
  2.0623000e+004  5.6890000e+002 -1.4300000e+000  1.0000000e-003
  2.0643000e+004  5.6670000e+002 -1.4300000e+000  1.0000000e-003
  2.0663000e+004  5.6470000e+002 -1.4300000e+000  1.0000000e-003
  2.0683000e+004  5.6260000e+002 -1.4310000e+000  1.0000000e-003
  2.0703000e+004  5.6070000e+002 -1.4310000e+000  1.0000000e-003
  2.0723000e+004  5.5900000e+002 -1.4310000e+000  1.0000000e-003
  2.0743000e+004  5.5670000e+002 -1.4310000e+000  1.0000000e-003
  2.0763000e+004  5.5480000e+002 -1.4310000e+000  1.0000000e-003
  2.0783000e+004  5.5270000e+002 -1.4310000e+000  1.0000000e-003
  2.0803000e+004  5.5050000e+002 -1.4310000e+000  1.0000000e-003
  2.0823000e+004  5.4830000e+002 -1.4310000e+000  1.0000000e-003
  2.0843000e+004  5.4630000e+002 -1.4310000e+000  1.0000000e-003
  2.0863000e+004  5.4440000e+002 -1.4320000e+000  1.0000000e-003
  2.0883000e+004  5.4250000e+002 -1.4320000e+000  1.0000000e-003
  2.0903000e+004  5.4020000e+002 -1.4320000e+000  1.0000000e-003
  2.0923000e+004  5.3830000e+002 -1.4320000e+000  1.0000000e-003
  2.0943000e+004  5.3640000e+002 -1.4320000e+000  1.0000000e-003
  2.0963000e+004  5.3450000e+002 -1.4320000e+000  1.0000000e-003
  2.0984000e+004  5.3230000e+002 -1.4320000e+000  1.0000000e-003
  2.1004000e+004  5.3040000e+002 -1.4320000e+000  1.0000000e-003
  2.1024000e+004  5.2830000e+002 -1.4330000e+000  1.0000000e-003
  2.1044000e+004  5.2640000e+002 -1.4330000e+000  1.0000000e-003
  2.1064000e+004  5.2450000e+002 -1.4330000e+000  1.0000000e-003
  2.1084000e+004  5.2240000e+002 -1.4330000e+000  1.0000000e-003
  2.1104000e+004  5.2060000e+002 -1.4330000e+000  1.0000000e-003
  2.1124000e+004  5.1870000e+002 -1.4330000e+000  1.0000000e-003
  2.1144000e+004  5.1680000e+002 -1.4340000e+000  1.0000000e-003
  2.1164000e+004  5.1480000e+002 -1.4340000e+000  1.0000000e-003
  2.1184000e+004  5.1280000e+002 -1.4340000e+000  1.0000000e-003
  2.1204000e+004  5.1120000e+002 -1.4340000e+000  1.0000000e-003
  2.1224000e+004  5.0940000e+002 -1.4340000e+000  1.0000000e-003
  2.1244000e+004  5.0750000e+002 -1.4340000e+000  1.0000000e-003
  2.1264000e+004  5.0560000e+002 -1.4340000e+000  1.0000000e-003
  2.1284000e+004  5.0370000e+002 -1.4340000e+000  1.0000000e-003
  2.1304000e+004  5.0170000e+002 -1.4350000e+000  1.0000000e-003
  2.1324000e+004  5.0000000e+002 -1.4350000e+000  1.0000000e-003
  2.1344000e+004  4.9800000e+002 -1.4350000e+000  1.0000000e-003
  2.1364000e+004  4.9610000e+002 -1.4350000e+000  1.0000000e-003
  2.1384000e+004  4.9420000e+002 -1.4350000e+000  1.0000000e-003
  2.1404000e+004  4.9240000e+002 -1.4350000e+000  1.0000000e-003
  2.1424000e+004  4.9070000e+002 -1.4350000e+000  1.0000000e-003
  2.1444000e+004  4.8880000e+002 -1.4360000e+000  1.0000000e-003
  2.1464000e+004  4.8720000e+002 -1.4360000e+000  1.0000000e-003
  2.1484000e+004  4.8540000e+002 -1.4360000e+000  1.0000000e-003
  2.1504000e+004  4.8370000e+002 -1.4360000e+000  1.0000000e-003
  2.1524000e+004  4.8210000e+002 -1.4360000e+000  1.0000000e-003
  2.1544000e+004  4.8040000e+002 -1.4360000e+000  1.0000000e-003
  2.1564000e+004  4.7830000e+002 -1.4360000e+000  1.0000000e-003
  2.1584000e+004  4.7670000e+002 -1.4360000e+000  1.0000000e-003
  2.1604000e+004  4.7480000e+002 -1.4370000e+000  1.0000000e-003
  2.1624000e+004  4.7300000e+002 -1.4370000e+000  1.0000000e-003
  2.1644000e+004  4.7130000e+002 -1.4370000e+000  1.0000000e-003
  2.1664000e+004  4.6950000e+002 -1.4370000e+000  1.0000000e-003
  2.1684000e+004  4.6760000e+002 -1.4370000e+000  1.0000000e-003
  2.1704000e+004  4.6640000e+002 -1.4370000e+000  1.0000000e-003
  2.1724000e+004  4.6430000e+002 -1.4370000e+000  1.0000000e-003
  2.1744000e+004  4.6300000e+002 -1.4380000e+000  1.0000000e-003
  2.1764000e+004  4.6090000e+002 -1.4380000e+000  1.0000000e-003
  2.1784000e+004  4.5970000e+002 -1.4380000e+000  1.0000000e-003
  2.1804000e+004  4.5810000e+002 -1.4380000e+000  1.0000000e-003
  2.1824000e+004  4.5660000e+002 -1.4380000e+000  1.0000000e-003
  2.1844000e+004  4.5480000e+002 -1.4380000e+000  1.0000000e-003
  2.1865000e+004  4.5310000e+002 -1.4380000e+000  1.0000000e-003
  2.1885000e+004  4.5130000e+002 -1.4380000e+000  1.0000000e-003
  2.1905000e+004  4.4960000e+002 -1.4380000e+000  1.0000000e-003
  2.1925000e+004  4.4780000e+002 -1.4390000e+000  1.0000000e-003
  2.1945000e+004  4.4630000e+002 -1.4390000e+000  1.0000000e-003
  2.1965000e+004  4.4470000e+002 -1.4390000e+000  1.0000000e-003
  2.1985000e+004  4.4290000e+002 -1.4390000e+000  1.0000000e-003
  2.2005000e+004  4.4140000e+002 -1.4390000e+000  1.0000000e-003
  2.2025000e+004  4.3980000e+002 -1.4390000e+000  1.0000000e-003
  2.2045000e+004  4.3820000e+002 -1.4390000e+000  1.0000000e-003
  2.2065000e+004  4.3650000e+002 -1.4390000e+000  1.0000000e-003
  2.2085000e+004  4.3510000e+002 -1.4390000e+000  1.0000000e-003
  2.2105000e+004  4.3350000e+002 -1.4390000e+000  1.0000000e-003
  2.2125000e+004  4.3160000e+002 -1.4400000e+000  1.0000000e-003
  2.2145000e+004  4.3000000e+002 -1.4400000e+000  1.0000000e-003
  2.2165000e+004  4.2840000e+002 -1.4400000e+000  1.0000000e-003
  2.2185000e+004  4.2680000e+002 -1.4400000e+000  1.0000000e-003
  2.2205000e+004  4.2510000e+002 -1.4400000e+000  1.0000000e-003
  2.2225000e+004  4.2330000e+002 -1.4400000e+000  1.0000000e-003
  2.2245000e+004  4.2180000e+002 -1.4400000e+000  1.0000000e-003
  2.2265000e+004  4.2000000e+002 -1.4400000e+000  1.0000000e-003
  2.2285000e+004  4.1840000e+002 -1.4410000e+000  1.0000000e-003
  2.2305000e+004  4.1720000e+002 -1.4410000e+000  1.0000000e-003
  2.2325000e+004  4.1540000e+002 -1.4410000e+000  1.0000000e-003
  2.2345000e+004  4.1400000e+002 -1.4410000e+000  1.0000000e-003
  2.2365000e+004  4.1260000e+002 -1.4410000e+000  1.0000000e-003
  2.2385000e+004  4.1110000e+002 -1.4410000e+000  1.0000000e-003
  2.2405000e+004  4.0970000e+002 -1.4410000e+000  1.0000000e-003
  2.2425000e+004  4.0830000e+002 -1.4410000e+000  1.0000000e-003
  2.2445000e+004  4.0670000e+002 -1.4410000e+000  1.0000000e-003
  2.2465000e+004  4.0480000e+002 -1.4410000e+000  1.0000000e-003
  2.2485000e+004  4.0370000e+002 -1.4410000e+000  1.0000000e-003
  2.2505000e+004  4.0180000e+002 -1.4410000e+000  1.0000000e-003
  2.2525000e+004  4.0040000e+002 -1.4420000e+000  1.0000000e-003
  2.2545000e+004  3.9920000e+002 -1.4420000e+000  1.0000000e-003
  2.2565000e+004  3.9780000e+002 -1.4420000e+000  1.0000000e-003
  2.2586000e+004  3.9600000e+002 -1.4420000e+000  1.0000000e-003
  2.2606000e+004  3.9450000e+002 -1.4420000e+000  1.0000000e-003
  2.2629000e+004  3.9290000e+002 -1.4420000e+000  1.0000000e-003
  2.2651000e+004  3.9130000e+002 -1.4420000e+000  1.0000000e-003
  2.2671000e+004  3.8970000e+002 -1.4420000e+000  1.0000000e-003
  2.2691000e+004  3.8830000e+002 -1.4420000e+000  1.0000000e-003
  2.2711000e+004  3.8680000e+002 -1.4430000e+000  1.0000000e-003
  2.2731000e+004  3.8570000e+002 -1.4430000e+000  1.0000000e-003
  2.2751000e+004  3.8400000e+002 -1.4430000e+000  1.0000000e-003
  2.2771000e+004  3.8290000e+002 -1.4430000e+000  1.0000000e-003
  2.2791000e+004  3.8130000e+002 -1.4430000e+000  1.0000000e-003
  2.2812000e+004  3.7990000e+002 -1.4430000e+000  1.0000000e-003
  2.2836000e+004  3.7820000e+002 -1.4430000e+000  1.0000000e-003
  2.2856000e+004  3.7680000e+002 -1.4430000e+000  1.0000000e-003
  2.2876000e+004  3.7540000e+002 -1.4430000e+000  1.0000000e-003
  2.2896000e+004  3.7400000e+002 -1.4430000e+000  1.0000000e-003
  2.2916000e+004  3.7260000e+002 -1.4440000e+000  1.0000000e-003
  2.2936000e+004  3.7130000e+002 -1.4440000e+000  1.0000000e-003
  2.2957000e+004  3.6980000e+002 -1.4440000e+000  1.0000000e-003
  2.2977000e+004  3.6840000e+002 -1.4440000e+000  1.0000000e-003
  2.2997000e+004  3.6680000e+002 -1.4440000e+000  1.0000000e-003
  2.3017000e+004  3.6560000e+002 -1.4440000e+000  1.0000000e-003
  2.3037000e+004  3.6420000e+002 -1.4440000e+000  1.0000000e-003
  2.3057000e+004  3.6290000e+002 -1.4440000e+000  1.0000000e-003
  2.3077000e+004  3.6150000e+002 -1.4440000e+000  1.0000000e-003
  2.3097000e+004  3.6000000e+002 -1.4450000e+000  1.0000000e-003
  2.3117000e+004  3.5860000e+002 -1.4450000e+000  1.0000000e-003
  2.3137000e+004  3.5740000e+002 -1.4450000e+000  1.0000000e-003
  2.3157000e+004  3.5650000e+002 -1.4450000e+000  1.0000000e-003
  2.3177000e+004  3.5530000e+002 -1.4450000e+000  1.0000000e-003
  2.3197000e+004  3.5390000e+002 -1.4450000e+000  1.0000000e-003
  2.3217000e+004  3.5230000e+002 -1.4450000e+000  1.0000000e-003
  2.3237000e+004  3.5100000e+002 -1.4450000e+000  1.0000000e-003
  2.3257000e+004  3.4980000e+002 -1.4450000e+000  1.0000000e-003
  2.3277000e+004  3.4810000e+002 -1.4450000e+000  1.0000000e-003
  2.3297000e+004  3.4650000e+002 -1.4450000e+000  1.0000000e-003
  2.3317000e+004  3.4550000e+002 -1.4450000e+000  1.0000000e-003
  2.3337000e+004  3.4410000e+002 -1.4460000e+000  1.0000000e-003
  2.3357000e+004  3.4270000e+002 -1.4460000e+000  1.0000000e-003
  2.3377000e+004  3.4130000e+002 -1.4460000e+000  1.0000000e-003
  2.3397000e+004  3.4020000e+002 -1.4460000e+000  1.0000000e-003
  2.3417000e+004  3.3860000e+002 -1.4460000e+000  1.0000000e-003
  2.3437000e+004  3.3760000e+002 -1.4460000e+000  1.0000000e-003
  2.3457000e+004  3.3620000e+002 -1.4460000e+000  1.0000000e-003
  2.3477000e+004  3.3490000e+002 -1.4460000e+000  1.0000000e-003
  2.3497000e+004  3.3370000e+002 -1.4460000e+000  1.0000000e-003
  2.3517000e+004  3.3270000e+002 -1.4460000e+000  1.0000000e-003
  2.3537000e+004  3.3150000e+002 -1.4470000e+000  1.0000000e-003
  2.3558000e+004  3.3020000e+002 -1.4470000e+000  1.0000000e-003
  2.3582000e+004  3.2860000e+002 -1.4470000e+000  1.0000000e-003
  2.3602000e+004  3.2730000e+002 -1.4470000e+000  1.0000000e-003
  2.3623000e+004  3.2590000e+002 -1.4470000e+000  1.0000000e-003
  2.3643000e+004  3.2480000e+002 -1.4470000e+000  1.0000000e-003
  2.3663000e+004  3.2340000e+002 -1.4470000e+000  1.0000000e-003
  2.3683000e+004  3.2200000e+002 -1.4470000e+000  1.0000000e-003
  2.3703000e+004  3.2100000e+002 -1.4470000e+000  1.0000000e-003
  2.3723000e+004  3.1970000e+002 -1.4470000e+000  1.0000000e-003
  2.3743000e+004  3.1830000e+002 -1.4470000e+000  1.0000000e-003
  2.3763000e+004  3.1730000e+002 -1.4470000e+000  1.0000000e-003
  2.3783000e+004  3.1590000e+002 -1.4480000e+000  1.0000000e-003
  2.3803000e+004  3.1500000e+002 -1.4480000e+000  1.0000000e-003
  2.3823000e+004  3.1340000e+002 -1.4480000e+000  1.0000000e-003
  2.3843000e+004  3.1200000e+002 -1.4480000e+000  1.0000000e-003
  2.3863000e+004  3.1080000e+002 -1.4480000e+000  1.0000000e-003
  2.3883000e+004  3.0990000e+002 -1.4480000e+000  1.0000000e-003
  2.3903000e+004  3.0850000e+002 -1.4480000e+000  1.0000000e-003
  2.3923000e+004  3.0750000e+002 -1.4480000e+000  1.0000000e-003
  2.3943000e+004  3.0660000e+002 -1.4480000e+000  1.0000000e-003
  2.3963000e+004  3.0550000e+002 -1.4480000e+000  1.0000000e-003
  2.3983000e+004  3.0430000e+002 -1.4480000e+000  1.0000000e-003
  2.4003000e+004  3.0290000e+002 -1.4480000e+000  1.0000000e-003
  2.4023000e+004  3.0200000e+002 -1.4490000e+000  1.0000000e-003
  2.4043000e+004  3.0080000e+002 -1.4490000e+000  1.0000000e-003
  2.4063000e+004  2.9940000e+002 -1.4490000e+000  1.0000000e-003
  2.4083000e+004  2.9820000e+002 -1.4490000e+000  1.0000000e-003
  2.4103000e+004  2.9710000e+002 -1.4490000e+000  1.0000000e-003
  2.4123000e+004  2.9580000e+002 -1.4490000e+000  1.0000000e-003
  2.4143000e+004  2.9450000e+002 -1.4490000e+000  1.0000000e-003
  2.4163000e+004  2.9330000e+002 -1.4490000e+000  1.0000000e-003
  2.4183000e+004  2.9240000e+002 -1.4490000e+000  1.0000000e-003
  2.4203000e+004  2.9120000e+002 -1.4490000e+000  1.0000000e-003
  2.4223000e+004  2.9050000e+002 -1.4490000e+000  1.0000000e-003
  2.4243000e+004  2.8930000e+002 -1.4490000e+000  1.0000000e-003
  2.4264000e+004  2.8790000e+002 -1.4490000e+000  1.0000000e-003
  2.4289000e+004  2.8680000e+002 -1.4490000e+000  1.0000000e-003
  2.4309000e+004  2.8590000e+002 -1.4500000e+000  1.0000000e-003
  2.4329000e+004  2.8470000e+002 -1.4500000e+000  1.0000000e-003
  2.4349000e+004  2.8350000e+002 -1.4500000e+000  1.0000000e-003
  2.4369000e+004  2.8280000e+002 -1.4500000e+000  1.0000000e-003
  2.4389000e+004  2.8160000e+002 -1.4500000e+000  1.0000000e-003
  2.4409000e+004  2.8070000e+002 -1.4500000e+000  1.0000000e-003
  2.4429000e+004  2.7950000e+002 -1.4500000e+000  1.0000000e-003
  2.4449000e+004  2.7830000e+002 -1.4500000e+000  1.0000000e-003
  2.4469000e+004  2.7740000e+002 -1.4500000e+000  1.0000000e-003
  2.4489000e+004  2.7600000e+002 -1.4500000e+000  1.0000000e-003
  2.4509000e+004  2.7510000e+002 -1.4500000e+000  1.0000000e-003
  2.4529000e+004  2.7400000e+002 -1.4500000e+000  1.0000000e-003
  2.4549000e+004  2.7300000e+002 -1.4510000e+000  1.0000000e-003
  2.4569000e+004  2.7180000e+002 -1.4510000e+000  1.0000000e-003
  2.4589000e+004  2.7090000e+002 -1.4510000e+000  1.0000000e-003
  2.4609000e+004  2.6990000e+002 -1.4510000e+000  1.0000000e-003
  2.4629000e+004  2.6860000e+002 -1.4510000e+000  1.0000000e-003
  2.4649000e+004  2.6780000e+002 -1.4510000e+000  1.0000000e-003
  2.4669000e+004  2.6670000e+002 -1.4510000e+000  1.0000000e-003
  2.4689000e+004  2.6550000e+002 -1.4510000e+000  1.0000000e-003
  2.4709000e+004  2.6460000e+002 -1.4510000e+000  1.0000000e-003
  2.4729000e+004  2.6350000e+002 -1.4510000e+000  1.0000000e-003
  2.4749000e+004  2.6250000e+002 -1.4510000e+000  1.0000000e-003
  2.4769000e+004  2.6140000e+002 -1.4510000e+000  1.0000000e-003
  2.4789000e+004  2.6020000e+002 -1.4510000e+000  1.0000000e-003
  2.4809000e+004  2.5950000e+002 -1.4510000e+000  1.0000000e-003
  2.4829000e+004  2.5830000e+002 -1.4520000e+000  1.0000000e-003
  2.4849000e+004  2.5730000e+002 -1.4520000e+000  1.0000000e-003
  2.4869000e+004  2.5650000e+002 -1.4520000e+000  1.0000000e-003
  2.4889000e+004  2.5530000e+002 -1.4520000e+000  1.0000000e-003
  2.4909000e+004  2.5440000e+002 -1.4520000e+000  1.0000000e-003
  2.4929000e+004  2.5340000e+002 -1.4520000e+000  1.0000000e-003
  2.4949000e+004  2.5200000e+002 -1.4520000e+000  1.0000000e-003
  2.4969000e+004  2.5150000e+002 -1.4520000e+000  1.0000000e-003
  2.4989000e+004  2.5060000e+002 -1.4520000e+000  1.0000000e-003
  2.5009000e+004  2.4920000e+002 -1.4520000e+000  1.0000000e-003
  2.5029000e+004  2.4830000e+002 -1.4520000e+000  1.0000000e-003
  2.5049000e+004  2.4730000e+002 -1.4530000e+000  1.0000000e-003
  2.5069000e+004  2.4660000e+002 -1.4530000e+000  1.0000000e-003
  2.5089000e+004  2.4540000e+002 -1.4530000e+000  1.0000000e-003
  2.5109000e+004  2.4450000e+002 -1.4530000e+000  1.0000000e-003
  2.5130000e+004  2.4330000e+002 -1.4530000e+000  1.0000000e-003
  2.5150000e+004  2.4250000e+002 -1.4530000e+000  1.0000000e-003
  2.5170000e+004  2.4150000e+002 -1.4530000e+000  1.0000000e-003
  2.5190000e+004  2.4030000e+002 -1.4530000e+000  1.0000000e-003
  2.5210000e+004  2.3920000e+002 -1.4530000e+000  1.0000000e-003
  2.5230000e+004  2.3830000e+002 -1.4530000e+000  1.0000000e-003
  2.5250000e+004  2.3750000e+002 -1.4530000e+000  1.0000000e-003
  2.5270000e+004  2.3640000e+002 -1.4530000e+000  1.0000000e-003
  2.5290000e+004  2.3590000e+002 -1.4530000e+000  1.0000000e-003
  2.5310000e+004  2.3470000e+002 -1.4530000e+000  1.0000000e-003
  2.5330000e+004  2.3380000e+002 -1.4540000e+000  1.0000000e-003
  2.5350000e+004  2.3290000e+002 -1.4540000e+000  1.0000000e-003
  2.5370000e+004  2.3170000e+002 -1.4540000e+000  1.0000000e-003
  2.5390000e+004  2.3100000e+002 -1.4540000e+000  1.0000000e-003
  2.5410000e+004  2.3010000e+002 -1.4540000e+000  1.0000000e-003
  2.5430000e+004  2.2940000e+002 -1.4540000e+000  1.0000000e-003
  2.5450000e+004  2.2840000e+002 -1.4540000e+000  1.0000000e-003
  2.5470000e+004  2.2770000e+002 -1.4540000e+000  1.0000000e-003
  2.5490000e+004  2.2660000e+002 -1.4540000e+000  1.0000000e-003
  2.5510000e+004  2.2610000e+002 -1.4540000e+000  1.0000000e-003
  2.5530000e+004  2.2510000e+002 -1.4540000e+000  1.0000000e-003
  2.5550000e+004  2.2400000e+002 -1.4540000e+000  1.0000000e-003
  2.5570000e+004  2.2310000e+002 -1.4550000e+000  1.0000000e-003
  2.5590000e+004  2.2230000e+002 -1.4550000e+000  1.0000000e-003
  2.5610000e+004  2.2150000e+002 -1.4550000e+000  1.0000000e-003
  2.5630000e+004  2.2050000e+002 -1.4550000e+000  1.0000000e-003
  2.5650000e+004  2.1960000e+002 -1.4550000e+000  1.0000000e-003
  2.5670000e+004  2.1890000e+002 -1.4550000e+000  1.0000000e-003
  2.5690000e+004  2.1810000e+002 -1.4550000e+000  1.0000000e-003
  2.5710000e+004  2.1720000e+002 -1.4550000e+000  1.0000000e-003
  2.5730000e+004  2.1610000e+002 -1.4550000e+000  1.0000000e-003
  2.5750000e+004  2.1530000e+002 -1.4550000e+000  1.0000000e-003
  2.5770000e+004  2.1470000e+002 -1.4550000e+000  1.0000000e-003
  2.5790000e+004  2.1350000e+002 -1.4550000e+000  1.0000000e-003
  2.5810000e+004  2.1260000e+002 -1.4550000e+000  1.0000000e-003
  2.5830000e+004  2.1180000e+002 -1.4550000e+000  1.0000000e-003
  2.5850000e+004  2.1110000e+002 -1.4550000e+000  1.0000000e-003
  2.5870000e+004  2.1020000e+002 -1.4560000e+000  1.0000000e-003
  2.5890000e+004  2.0950000e+002 -1.4560000e+000  1.0000000e-003
  2.5910000e+004  2.0860000e+002 -1.4560000e+000  1.0000000e-003
  2.5930000e+004  2.0770000e+002 -1.4560000e+000  1.0000000e-003
  2.5950000e+004  2.0700000e+002 -1.4560000e+000  1.0000000e-003
  2.5970000e+004  2.0610000e+002 -1.4560000e+000  1.0000000e-003
  2.5990000e+004  2.0530000e+002 -1.4560000e+000  1.0000000e-003
  2.6011000e+004  2.0460000e+002 -1.4560000e+000  1.0000000e-003
  2.6035000e+004  2.0350000e+002 -1.4560000e+000  1.0000000e-003
  2.6055000e+004  2.0260000e+002 -1.4560000e+000  1.0000000e-003
  2.6075000e+004  2.0210000e+002 -1.4560000e+000  1.0000000e-003
  2.6095000e+004  2.0140000e+002 -1.4560000e+000  1.0000000e-003
  2.6115000e+004  2.0040000e+002 -1.4560000e+000  1.0000000e-003
  2.6135000e+004  1.9970000e+002 -1.4570000e+000  1.0000000e-003
  2.6155000e+004  1.9920000e+002 -1.4570000e+000  1.0000000e-003
  2.6175000e+004  1.9810000e+002 -1.4570000e+000  1.0000000e-003
  2.6196000e+004  1.9760000e+002 -1.4570000e+000  1.0000000e-003
  2.6216000e+004  1.9650000e+002 -1.4570000e+000  1.0000000e-003
  2.6236000e+004  1.9560000e+002 -1.4570000e+000  1.0000000e-003
  2.6256000e+004  1.9460000e+002 -1.4570000e+000  1.0000000e-003
  2.6276000e+004  1.9410000e+002 -1.4570000e+000  1.0000000e-003
  2.6296000e+004  1.9340000e+002 -1.4570000e+000  1.0000000e-003
  2.6316000e+004  1.9250000e+002 -1.4570000e+000  1.0000000e-003
  2.6336000e+004  1.9160000e+002 -1.4570000e+000  1.0000000e-003
  2.6356000e+004  1.9090000e+002 -1.4570000e+000  1.0000000e-003
  2.6376000e+004  1.9010000e+002 -1.4570000e+000  1.0000000e-003
  2.6396000e+004  1.8920000e+002 -1.4570000e+000  1.0000000e-003
  2.6416000e+004  1.8830000e+002 -1.4570000e+000  1.0000000e-003
  2.6436000e+004  1.8740000e+002 -1.4570000e+000  1.0000000e-003
  2.6456000e+004  1.8670000e+002 -1.4570000e+000  1.0000000e-003
  2.6476000e+004  1.8600000e+002 -1.4570000e+000  1.0000000e-003
  2.6496000e+004  1.8550000e+002 -1.4570000e+000  1.0000000e-003
  2.6516000e+004  1.8460000e+002 -1.4580000e+000  1.0000000e-003
  2.6536000e+004  1.8360000e+002 -1.4580000e+000  1.0000000e-003
  2.6556000e+004  1.8270000e+002 -1.4580000e+000  1.0000000e-003
  2.6576000e+004  1.8220000e+002 -1.4580000e+000  1.0000000e-003
  2.6596000e+004  1.8150000e+002 -1.4580000e+000  1.0000000e-003
  2.6616000e+004  1.8080000e+002 -1.4580000e+000  1.0000000e-003
  2.6636000e+004  1.8010000e+002 -1.4580000e+000  1.0000000e-003
  2.6656000e+004  1.7940000e+002 -1.4580000e+000  1.0000000e-003
  2.6676000e+004  1.7850000e+002 -1.4580000e+000  1.0000000e-003
  2.6696000e+004  1.7800000e+002 -1.4580000e+000  1.0000000e-003
  2.6716000e+004  1.7710000e+002 -1.4580000e+000  1.0000000e-003
  2.6736000e+004  1.7660000e+002 -1.4580000e+000  1.0000000e-003
  2.6756000e+004  1.7590000e+002 -1.4580000e+000  1.0000000e-003
  2.6776000e+004  1.7520000e+002 -1.4580000e+000  1.0000000e-003
  2.6796000e+004  1.7480000e+002 -1.4580000e+000  1.0000000e-003
  2.6816000e+004  1.7430000e+002 -1.4580000e+000  1.0000000e-003
  2.6836000e+004  1.7290000e+002 -1.4590000e+000  1.0000000e-003
  2.6856000e+004  1.7260000e+002 -1.4590000e+000  1.0000000e-003
  2.6876000e+004  1.7180000e+002 -1.4590000e+000  1.0000000e-003
  2.6896000e+004  1.7130000e+002 -1.4590000e+000  1.0000000e-003
  2.6916000e+004  1.7080000e+002 -1.4590000e+000  1.0000000e-003
  2.6936000e+004  1.6990000e+002 -1.4590000e+000  1.0000000e-003
  2.6956000e+004  1.6890000e+002 -1.4590000e+000  1.0000000e-003
  2.6976000e+004  1.6830000e+002 -1.4590000e+000  1.0000000e-003
  2.6996000e+004  1.6760000e+002 -1.4590000e+000  1.0000000e-003
  2.7016000e+004  1.6690000e+002 -1.4590000e+000  1.0000000e-003
  2.7036000e+004  1.6630000e+002 -1.4590000e+000  1.0000000e-003
  2.7056000e+004  1.6560000e+002 -1.4590000e+000  1.0000000e-003
  2.7076000e+004  1.6470000e+002 -1.4590000e+000  1.0000000e-003
  2.7096000e+004  1.6380000e+002 -1.4590000e+000  1.0000000e-003
  2.7116000e+004  1.6340000e+002 -1.4590000e+000  1.0000000e-003
  2.7136000e+004  1.6280000e+002 -1.4590000e+000  1.0000000e-003
  2.7156000e+004  1.6190000e+002 -1.4590000e+000  1.0000000e-003
  2.7176000e+004  1.6140000e+002 -1.4590000e+000  1.0000000e-003
  2.7196000e+004  1.6070000e+002 -1.4590000e+000  1.0000000e-003
  2.7217000e+004  1.6030000e+002 -1.4590000e+000  1.0000000e-003
  2.7237000e+004  1.5980000e+002 -1.4590000e+000  1.0000000e-003
  2.7257000e+004  1.5890000e+002 -1.4600000e+000  1.0000000e-003
  2.7277000e+004  1.5860000e+002 -1.4600000e+000  1.0000000e-003
  2.7297000e+004  1.5770000e+002 -1.4600000e+000  1.0000000e-003
  2.7317000e+004  1.5710000e+002 -1.4600000e+000  1.0000000e-003
  2.7337000e+004  1.5640000e+002 -1.4600000e+000  1.0000000e-003
  2.7357000e+004  1.5590000e+002 -1.4600000e+000  1.0000000e-003
  2.7377000e+004  1.5520000e+002 -1.4600000e+000  1.0000000e-003
  2.7397000e+004  1.5470000e+002 -1.4600000e+000  1.0000000e-003
  2.7417000e+004  1.5400000e+002 -1.4600000e+000  1.0000000e-003
  2.7437000e+004  1.5350000e+002 -1.4600000e+000  1.0000000e-003
  2.7457000e+004  1.5280000e+002 -1.4600000e+000  1.0000000e-003
  2.7477000e+004  1.5230000e+002 -1.4600000e+000  1.0000000e-003
  2.7497000e+004  1.5160000e+002 -1.4600000e+000  1.0000000e-003
  2.7517000e+004  1.5080000e+002 -1.4600000e+000  1.0000000e-003
  2.7537000e+004  1.5030000e+002 -1.4600000e+000  1.0000000e-003
  2.7557000e+004  1.4980000e+002 -1.4600000e+000  1.0000000e-003
  2.7577000e+004  1.4930000e+002 -1.4600000e+000  1.0000000e-003
  2.7597000e+004  1.4860000e+002 -1.4600000e+000  1.0000000e-003
  2.7617000e+004  1.4790000e+002 -1.4600000e+000  1.0000000e-003
  2.7637000e+004  1.4750000e+002 -1.4600000e+000  1.0000000e-003
  2.7657000e+004  1.4720000e+002 -1.4600000e+000  1.0000000e-003
  2.7677000e+004  1.4610000e+002 -1.4600000e+000  1.0000000e-003
  2.7697000e+004  1.4540000e+002 -1.4600000e+000  1.0000000e-003
  2.7717000e+004  1.4490000e+002 -1.4600000e+000  1.0000000e-003
  2.7737000e+004  1.4440000e+002 -1.4600000e+000  1.0000000e-003
  2.7757000e+004  1.4370000e+002 -1.4600000e+000  1.0000000e-003
  2.7777000e+004  1.4300000e+002 -1.4600000e+000  1.0000000e-003
  2.7797000e+004  1.4260000e+002 -1.4610000e+000  1.0000000e-003
  2.7817000e+004  1.4190000e+002 -1.4610000e+000  1.0000000e-003
  2.7837000e+004  1.4140000e+002 -1.4610000e+000  1.0000000e-003
  2.7857000e+004  1.4090000e+002 -1.4610000e+000  1.0000000e-003
  2.7877000e+004  1.4020000e+002 -1.4610000e+000  1.0000000e-003
  2.7897000e+004  1.3970000e+002 -1.4610000e+000  1.0000000e-003
  2.7917000e+004  1.3900000e+002 -1.4610000e+000  1.0000000e-003
  2.7938000e+004  1.3840000e+002 -1.4610000e+000  1.0000000e-003
  2.7962000e+004  1.3810000e+002 -1.4610000e+000  1.0000000e-003
  2.7983000e+004  1.3690000e+002 -1.4610000e+000  1.0000000e-003
  2.8003000e+004  1.3690000e+002 -1.4610000e+000  1.0000000e-003
  2.8023000e+004  1.3580000e+002 -1.4610000e+000  1.0000000e-003
  2.8043000e+004  1.3530000e+002 -1.4610000e+000  1.0000000e-003
  2.8063000e+004  1.3480000e+002 -1.4610000e+000  1.0000000e-003
  2.8083000e+004  1.3420000e+002 -1.4610000e+000  1.0000000e-003
  2.8103000e+004  1.3370000e+002 -1.4610000e+000  1.0000000e-003
  2.8123000e+004  1.3340000e+002 -1.4610000e+000  1.0000000e-003
  2.8143000e+004  1.3280000e+002 -1.4610000e+000  1.0000000e-003
  2.8163000e+004  1.3250000e+002 -1.4610000e+000  1.0000000e-003
  2.8183000e+004  1.3190000e+002 -1.4610000e+000  1.0000000e-003
  2.8203000e+004  1.3180000e+002 -1.4610000e+000  1.0000000e-003
  2.8223000e+004  1.3090000e+002 -1.4610000e+000  1.0000000e-003
  2.8243000e+004  1.3040000e+002 -1.4610000e+000  1.0000000e-003
  2.8263000e+004  1.2990000e+002 -1.4610000e+000  1.0000000e-003
  2.8283000e+004  1.2910000e+002 -1.4610000e+000  1.0000000e-003
  2.8303000e+004  1.2900000e+002 -1.4610000e+000  1.0000000e-003
  2.8323000e+004  1.2840000e+002 -1.4610000e+000  1.0000000e-003
  2.8343000e+004  1.2810000e+002 -1.4610000e+000  1.0000000e-003
  2.8363000e+004  1.2740000e+002 -1.4610000e+000  1.0000000e-003
  2.8383000e+004  1.2720000e+002 -1.4610000e+000  1.0000000e-003
  2.8403000e+004  1.2630000e+002 -1.4610000e+000  1.0000000e-003
  2.8423000e+004  1.2600000e+002 -1.4610000e+000  1.0000000e-003
  2.8443000e+004  1.2550000e+002 -1.4610000e+000  1.0000000e-003
  2.8463000e+004  1.2500000e+002 -1.4610000e+000  1.0000000e-003
  2.8483000e+004  1.2460000e+002 -1.4610000e+000  1.0000000e-003
  2.8503000e+004  1.2410000e+002 -1.4610000e+000  1.0000000e-003
  2.8523000e+004  1.2340000e+002 -1.4610000e+000  1.0000000e-003
  2.8543000e+004  1.2300000e+002 -1.4610000e+000  1.0000000e-003
  2.8563000e+004  1.2230000e+002 -1.4610000e+000  1.0000000e-003
  2.8583000e+004  1.2180000e+002 -1.4610000e+000  1.0000000e-003
  2.8603000e+004  1.2130000e+002 -1.4610000e+000  1.0000000e-003
  2.8623000e+004  1.2080000e+002 -1.4610000e+000  1.0000000e-003
  2.8643000e+004  1.2020000e+002 -1.4610000e+000  1.0000000e-003
  2.8663000e+004  1.2000000e+002 -1.4610000e+000  1.0000000e-003
  2.8683000e+004  1.1950000e+002 -1.4610000e+000  1.0000000e-003
  2.8703000e+004  1.1920000e+002 -1.4610000e+000  1.0000000e-003
  2.8723000e+004  1.1850000e+002 -1.4610000e+000  1.0000000e-003
  2.8743000e+004  1.1830000e+002 -1.4610000e+000  1.0000000e-003
  2.8763000e+004  1.1780000e+002 -1.4610000e+000  1.0000000e-003
  2.8784000e+004  1.1730000e+002 -1.4620000e+000  1.0000000e-003
  2.8808000e+004  1.1670000e+002 -1.4620000e+000  1.0000000e-003
  2.8829000e+004  1.1580000e+002 -1.4620000e+000  1.0000000e-003
  2.8849000e+004  1.1550000e+002 -1.4620000e+000  1.0000000e-003
  2.8869000e+004  1.1530000e+002 -1.4620000e+000  1.0000000e-003
  2.8889000e+004  1.1460000e+002 -1.4620000e+000  1.0000000e-003
  2.8909000e+004  1.1430000e+002 -1.4620000e+000  1.0000000e-003
  2.8929000e+004  1.1390000e+002 -1.4620000e+000  1.0000000e-003
  2.8949000e+004  1.1340000e+002 -1.4620000e+000  1.0000000e-003
  2.8969000e+004  1.1320000e+002 -1.4620000e+000  1.0000000e-003
  2.8989000e+004  1.1250000e+002 -1.4620000e+000  1.0000000e-003
  2.9009000e+004  1.1220000e+002 -1.4620000e+000  1.0000000e-003
  2.9029000e+004  1.1150000e+002 -1.4620000e+000  1.0000000e-003
  2.9049000e+004  1.1130000e+002 -1.4620000e+000  1.0000000e-003
  2.9069000e+004  1.1110000e+002 -1.4620000e+000  1.0000000e-003
  2.9089000e+004  1.1040000e+002 -1.4620000e+000  1.0000000e-003
  2.9109000e+004  1.1030000e+002 -1.4620000e+000  1.0000000e-003
  2.9129000e+004  1.1010000e+002 -1.4620000e+000  1.0000000e-003
  2.9149000e+004  1.0960000e+002 -1.4620000e+000  1.0000000e-003
  2.9169000e+004  1.0920000e+002 -1.4620000e+000  1.0000000e-003
  2.9189000e+004  1.0880000e+002 -1.4620000e+000  1.0000000e-003
  2.9209000e+004  1.0850000e+002 -1.4620000e+000  1.0000000e-003
  2.9229000e+004  1.0780000e+002 -1.4620000e+000  1.0000000e-003
  2.9249000e+004  1.0760000e+002 -1.4620000e+000  1.0000000e-003
  2.9269000e+004  1.0730000e+002 -1.4620000e+000  1.0000000e-003
  2.9289000e+004  1.0680000e+002 -1.4620000e+000  1.0000000e-003
  2.9309000e+004  1.0640000e+002 -1.4620000e+000  1.0000000e-003
  2.9329000e+004  1.0600000e+002 -1.4620000e+000  1.0000000e-003
  2.9349000e+004  1.0550000e+002 -1.4620000e+000  1.0000000e-003
  2.9369000e+004  1.0520000e+002 -1.4620000e+000  1.0000000e-003
  2.9389000e+004  1.0470000e+002 -1.4620000e+000  1.0000000e-003
  2.9409000e+004  1.0450000e+002 -1.4620000e+000  1.0000000e-003
  2.9429000e+004  1.0390000e+002 -1.4620000e+000  1.0000000e-003
  2.9449000e+004  1.0340000e+002 -1.4620000e+000  1.0000000e-003
  2.9469000e+004  1.0330000e+002 -1.4620000e+000  1.0000000e-003
  2.9489000e+004  1.0270000e+002 -1.4620000e+000  1.0000000e-003
  2.9509000e+004  1.0240000e+002 -1.4620000e+000  1.0000000e-003
  2.9529000e+004  1.0190000e+002 -1.4620000e+000  1.0000000e-003
  2.9549000e+004  1.0130000e+002 -1.4620000e+000  1.0000000e-003
  2.9569000e+004  1.0120000e+002 -1.4620000e+000  1.0000000e-003
  2.9589000e+004  1.0100000e+002 -1.4620000e+000  1.0000000e-003
  2.9609000e+004  1.0030000e+002 -1.4620000e+000  1.0000000e-003
  2.9629000e+004  1.0030000e+002 -1.4620000e+000  1.0000000e-003
  2.9649000e+004  9.9700000e+001 -1.4620000e+000  1.0000000e-003
  2.9669000e+004  9.9200000e+001 -1.4620000e+000  1.0000000e-003
  2.9689000e+004  9.8700000e+001 -1.4620000e+000  1.0000000e-003
  2.9709000e+004  9.8700000e+001 -1.4620000e+000  1.0000000e-003
  2.9729000e+004  9.8500000e+001 -1.4620000e+000  1.0000000e-003
  2.9750000e+004  9.7500000e+001 -1.4620000e+000  1.0000000e-003
  2.9770000e+004  9.7300000e+001 -1.4620000e+000  1.0000000e-003
  2.9790000e+004  9.6900000e+001 -1.4620000e+000  1.0000000e-003
  2.9810000e+004  9.6600000e+001 -1.4620000e+000  1.0000000e-003
  2.9830000e+004  9.6300000e+001 -1.4620000e+000  1.0000000e-003
  2.9850000e+004  9.5900000e+001 -1.4620000e+000  1.0000000e-003
  2.9870000e+004  9.5600000e+001 -1.4630000e+000  1.0000000e-003
  2.9890000e+004  9.5200000e+001 -1.4630000e+000  1.0000000e-003
  2.9910000e+004  9.4700000e+001 -1.4630000e+000  1.0000000e-003
  2.9930000e+004  9.4500000e+001 -1.4630000e+000  1.0000000e-003
  2.9950000e+004  9.4200000e+001 -1.4630000e+000  1.0000000e-003
  2.9970000e+004  9.3500000e+001 -1.4630000e+000  1.0000000e-003
  2.9990000e+004  9.3300000e+001 -1.4630000e+000  1.0000000e-003
  3.0010000e+004  9.2900000e+001 -1.4630000e+000  1.0000000e-003
  3.0030000e+004  9.2600000e+001 -1.4630000e+000  1.0000000e-003
  3.0050000e+004  9.2100000e+001 -1.4630000e+000  1.0000000e-003
  3.0070000e+004  9.1900000e+001 -1.4630000e+000  1.0000000e-003
  3.0090000e+004  9.1500000e+001 -1.4630000e+000  1.0000000e-003
  3.0110000e+004  9.1200000e+001 -1.4630000e+000  1.0000000e-003
  3.0130000e+004  9.0600000e+001 -1.4630000e+000  1.0000000e-003
  3.0150000e+004  9.0300000e+001 -1.4630000e+000  1.0000000e-003
  3.0170000e+004  9.0300000e+001 -1.4630000e+000  1.0000000e-003
  3.0190000e+004  8.9600000e+001 -1.4630000e+000  1.0000000e-003
  3.0210000e+004  8.9100000e+001 -1.4630000e+000  1.0000000e-003
  3.0230000e+004  8.8700000e+001 -1.4630000e+000  1.0000000e-003
  3.0250000e+004  8.8400000e+001 -1.4630000e+000  1.0000000e-003
  3.0270000e+004  8.8000000e+001 -1.4630000e+000  1.0000000e-003
  3.0290000e+004  8.8000000e+001 -1.4630000e+000  1.0000000e-003
  3.0310000e+004  8.7800000e+001 -1.4630000e+000  1.0000000e-003
  3.0330000e+004  8.7300000e+001 -1.4630000e+000  1.0000000e-003
  3.0350000e+004  8.6800000e+001 -1.4630000e+000  1.0000000e-003
  3.0370000e+004  8.6500000e+001 -1.4630000e+000  1.0000000e-003
  3.0390000e+004  8.6100000e+001 -1.4630000e+000  1.0000000e-003
  3.0410000e+004  8.6100000e+001 -1.4630000e+000  1.0000000e-003
  3.0430000e+004  8.5800000e+001 -1.4630000e+000  1.0000000e-003
  3.0450000e+004  8.5400000e+001 -1.4630000e+000  1.0000000e-003
  3.0470000e+004  8.4900000e+001 -1.4630000e+000  1.0000000e-003
  3.0490000e+004  8.4700000e+001 -1.4630000e+000  1.0000000e-003
  3.0510000e+004  8.4500000e+001 -1.4630000e+000  1.0000000e-003
  3.0530000e+004  8.4200000e+001 -1.4630000e+000  1.0000000e-003
  3.0550000e+004  8.4200000e+001 -1.4630000e+000  1.0000000e-003
  3.0570000e+004  8.3500000e+001 -1.4630000e+000  1.0000000e-003
  3.0590000e+004  8.2800000e+001 -1.4630000e+000  1.0000000e-003
  3.0610000e+004  8.2800000e+001 -1.4630000e+000  1.0000000e-003
  3.0630000e+004  8.2600000e+001 -1.4630000e+000  1.0000000e-003
  3.0650000e+004  8.2400000e+001 -1.4630000e+000  1.0000000e-003
  3.0670000e+004  8.2100000e+001 -1.4630000e+000  1.0000000e-003
  3.0690000e+004  8.1700000e+001 -1.4630000e+000  1.0000000e-003
  3.0710000e+004  8.1400000e+001 -1.4630000e+000  1.0000000e-003
  3.0730000e+004  8.1400000e+001 -1.4630000e+000  1.0000000e-003
  3.0750000e+004  8.1000000e+001 -1.4630000e+000  1.0000000e-003
  3.0770000e+004  8.0800000e+001 -1.4630000e+000  1.0000000e-003
  3.0790000e+004  8.0500000e+001 -1.4630000e+000  1.0000000e-003
  3.0810000e+004  8.0500000e+001 -1.4630000e+000  1.0000000e-003
  3.0830000e+004  8.0000000e+001 -1.4640000e+000  1.0000000e-003
  3.0850000e+004  7.9800000e+001 -1.4640000e+000  1.0000000e-003
  3.0870000e+004  7.9500000e+001 -1.4640000e+000  1.0000000e-003
  3.0890000e+004  7.9100000e+001 -1.4640000e+000  1.0000000e-003
  3.0910000e+004  7.8900000e+001 -1.4640000e+000  1.0000000e-003
  3.0930000e+004  7.8600000e+001 -1.4640000e+000  1.0000000e-003
  3.0950000e+004  7.8400000e+001 -1.4640000e+000  1.0000000e-003
  3.0970000e+004  7.8000000e+001 -1.4640000e+000  1.0000000e-003
  3.0990000e+004  7.7900000e+001 -1.4640000e+000  1.0000000e-003
  3.1010000e+004  7.7500000e+001 -1.4640000e+000  1.0000000e-003
  3.1030000e+004  7.7200000e+001 -1.4640000e+000  1.0000000e-003
  3.1051000e+004  7.7000000e+001 -1.4640000e+000  1.0000000e-003
  3.1071000e+004  7.6700000e+001 -1.4640000e+000  1.0000000e-003
  3.1091000e+004  7.6300000e+001 -1.4640000e+000  1.0000000e-003
  3.1111000e+004  7.6000000e+001 -1.4640000e+000  1.0000000e-003
  3.1131000e+004  7.6300000e+001 -1.4640000e+000  1.0000000e-003
  3.1151000e+004  7.5800000e+001 -1.4640000e+000  1.0000000e-003
  3.1171000e+004  7.5600000e+001 -1.4640000e+000  1.0000000e-003
  3.1191000e+004  7.5100000e+001 -1.4640000e+000  1.0000000e-003
  3.1211000e+004  7.5100000e+001 -1.4640000e+000  1.0000000e-003
  3.1231000e+004  7.4700000e+001 -1.4640000e+000  1.0000000e-003
  3.1251000e+004  7.4600000e+001 -1.4640000e+000  1.0000000e-003
  3.1271000e+004  7.4600000e+001 -1.4640000e+000  1.0000000e-003
  3.1291000e+004  7.4200000e+001 -1.4640000e+000  1.0000000e-003
  3.1311000e+004  7.3700000e+001 -1.4640000e+000  1.0000000e-003
  3.1331000e+004  7.3500000e+001 -1.4640000e+000  1.0000000e-003
  3.1351000e+004  7.3000000e+001 -1.4640000e+000  1.0000000e-003
  3.1371000e+004  7.2600000e+001 -1.4640000e+000  1.0000000e-003
  3.1391000e+004  7.2500000e+001 -1.4640000e+000  1.0000000e-003
  3.1411000e+004  7.2500000e+001 -1.4640000e+000  1.0000000e-003
  3.1431000e+004  7.2100000e+001 -1.4640000e+000  1.0000000e-003
  3.1451000e+004  7.1700000e+001 -1.4640000e+000  1.0000000e-003
  3.1471000e+004  7.1600000e+001 -1.4640000e+000  1.0000000e-003
  3.1491000e+004  7.1400000e+001 -1.4640000e+000  1.0000000e-003
  3.1511000e+004  7.1200000e+001 -1.4640000e+000  1.0000000e-003
  3.1531000e+004  7.0900000e+001 -1.4640000e+000  1.0000000e-003
  3.1551000e+004  7.1000000e+001 -1.4640000e+000  1.0000000e-003
  3.1571000e+004  7.0300000e+001 -1.4640000e+000  1.0000000e-003
  3.1591000e+004  7.0700000e+001 -1.4640000e+000  1.0000000e-003
  3.1611000e+004  7.0200000e+001 -1.4640000e+000  1.0000000e-003
  3.1631000e+004  7.0200000e+001 -1.4640000e+000  1.0000000e-003
  3.1651000e+004  6.9700000e+001 -1.4640000e+000  1.0000000e-003
  3.1671000e+004  6.9700000e+001 -1.4640000e+000  1.0000000e-003
  3.1691000e+004  6.9100000e+001 -1.4640000e+000  1.0000000e-003
  3.1711000e+004  6.9100000e+001 -1.4640000e+000  1.0000000e-003
  3.1731000e+004  6.8400000e+001 -1.4640000e+000  1.0000000e-003
  3.1751000e+004  6.8400000e+001 -1.4640000e+000  1.0000000e-003
  3.1771000e+004  6.8300000e+001 -1.4640000e+000  1.0000000e-003
  3.1792000e+004  6.8100000e+001 -1.4640000e+000  1.0000000e-003
  3.1812000e+004  6.7500000e+001 -1.4650000e+000  1.0000000e-003
  3.1832000e+004  6.7500000e+001 -1.4650000e+000  1.0000000e-003
  3.1852000e+004  6.7400000e+001 -1.4650000e+000  1.0000000e-003
  3.1872000e+004  6.7000000e+001 -1.4650000e+000  1.0000000e-003
  3.1892000e+004  6.7000000e+001 -1.4650000e+000  1.0000000e-003
  3.1912000e+004  6.6500000e+001 -1.4650000e+000  1.0000000e-003
  3.1932000e+004  6.6300000e+001 -1.4650000e+000  1.0000000e-003
  3.1952000e+004  6.6300000e+001 -1.4650000e+000  1.0000000e-003
  3.1972000e+004  6.6200000e+001 -1.4650000e+000  1.0000000e-003
  3.1992000e+004  6.5800000e+001 -1.4650000e+000  1.0000000e-003
  3.2012000e+004  6.5600000e+001 -1.4650000e+000  1.0000000e-003
  3.2032000e+004  6.5800000e+001 -1.4650000e+000  1.0000000e-003
  3.2052000e+004  6.4900000e+001 -1.4650000e+000  1.0000000e-003
  3.2072000e+004  6.4800000e+001 -1.4650000e+000  1.0000000e-003
  3.2092000e+004  6.4800000e+001 -1.4650000e+000  1.0000000e-003
  3.2112000e+004  6.4600000e+001 -1.4650000e+000  1.0000000e-003
  3.2132000e+004  6.4200000e+001 -1.4650000e+000  1.0000000e-003
  3.2152000e+004  6.3900000e+001 -1.4650000e+000  1.0000000e-003
  3.2172000e+004  6.4200000e+001 -1.4650000e+000  1.0000000e-003
  3.2192000e+004  6.3500000e+001 -1.4650000e+000  1.0000000e-003
  3.2212000e+004  6.3700000e+001 -1.4650000e+000  1.0000000e-003
  3.2232000e+004  6.3500000e+001 -1.4650000e+000  1.0000000e-003
  3.2252000e+004  6.3200000e+001 -1.4650000e+000  1.0000000e-003
  3.2272000e+004  6.3300000e+001 -1.4650000e+000  1.0000000e-003
  3.2292000e+004  6.2500000e+001 -1.4650000e+000  1.0000000e-003
  3.2312000e+004  6.2100000e+001 -1.4650000e+000  1.0000000e-003
  3.2332000e+004  6.2000000e+001 -1.4650000e+000  1.0000000e-003
  3.2352000e+004  6.2000000e+001 -1.4650000e+000  1.0000000e-003
  3.2372000e+004  6.2000000e+001 -1.4650000e+000  1.0000000e-003
  3.2393000e+004  6.1800000e+001 -1.4650000e+000  1.0000000e-003
  3.2417000e+004  6.1300000e+001 -1.4650000e+000  1.0000000e-003
  3.2438000e+004  6.1300000e+001 -1.4650000e+000  1.0000000e-003
  3.2458000e+004  6.1100000e+001 -1.4650000e+000  1.0000000e-003
  3.2478000e+004  6.0700000e+001 -1.4650000e+000  1.0000000e-003
  3.2498000e+004  6.0700000e+001 -1.4650000e+000  1.0000000e-003
  3.2518000e+004  6.0600000e+001 -1.4650000e+000  1.0000000e-003
  3.2538000e+004  6.0200000e+001 -1.4650000e+000  1.0000000e-003
  3.2558000e+004  6.0000000e+001 -1.4650000e+000  1.0000000e-003
  3.2578000e+004  6.0200000e+001 -1.4650000e+000  1.0000000e-003
  3.2598000e+004  6.0000000e+001 -1.4650000e+000  1.0000000e-003
  3.2618000e+004  5.9700000e+001 -1.4650000e+000  1.0000000e-003
  3.2638000e+004  5.9700000e+001 -1.4650000e+000  1.0000000e-003
  3.2658000e+004  5.9300000e+001 -1.4650000e+000  1.0000000e-003
  3.2678000e+004  5.9000000e+001 -1.4650000e+000  1.0000000e-003
  3.2698000e+004  5.9200000e+001 -1.4650000e+000  1.0000000e-003
  3.2718000e+004  5.8800000e+001 -1.4650000e+000  1.0000000e-003
  3.2738000e+004  5.8600000e+001 -1.4650000e+000  1.0000000e-003
  3.2758000e+004  5.8300000e+001 -1.4650000e+000  1.0000000e-003
  3.2778000e+004  5.8100000e+001 -1.4650000e+000  1.0000000e-003
  3.2798000e+004  5.7900000e+001 -1.4650000e+000  1.0000000e-003
  3.2818000e+004  5.7600000e+001 -1.4650000e+000  1.0000000e-003
  3.2838000e+004  5.7600000e+001 -1.4650000e+000  1.0000000e-003
  3.2858000e+004  5.7400000e+001 -1.4650000e+000  1.0000000e-003
  3.2878000e+004  5.7000000e+001 -1.4660000e+000  1.0000000e-003
  3.2898000e+004  5.7000000e+001 -1.4660000e+000  1.0000000e-003
  3.2918000e+004  5.6700000e+001 -1.4660000e+000  1.0000000e-003
  3.2938000e+004  5.6400000e+001 -1.4660000e+000  1.0000000e-003
  3.2958000e+004  5.6400000e+001 -1.4660000e+000  1.0000000e-003
  3.2978000e+004  5.6200000e+001 -1.4660000e+000  1.0000000e-003
  3.2998000e+004  5.5800000e+001 -1.4660000e+000  1.0000000e-003
  3.3018000e+004  5.5800000e+001 -1.4660000e+000  1.0000000e-003
  3.3038000e+004  5.5700000e+001 -1.4660000e+000  1.0000000e-003
  3.3058000e+004  5.5500000e+001 -1.4660000e+000  1.0000000e-003
  3.3078000e+004  5.5500000e+001 -1.4660000e+000  1.0000000e-003
  3.3098000e+004  5.5100000e+001 -1.4660000e+000  1.0000000e-003
  3.3118000e+004  5.5000000e+001 -1.4660000e+000  1.0000000e-003
  3.3138000e+004  5.5100000e+001 -1.4660000e+000  1.0000000e-003
  3.3158000e+004  5.5000000e+001 -1.4660000e+000  1.0000000e-003
  3.3178000e+004  5.5100000e+001 -1.4660000e+000  1.0000000e-003
  3.3198000e+004  5.4600000e+001 -1.4660000e+000  1.0000000e-003
  3.3218000e+004  5.4600000e+001 -1.4660000e+000  1.0000000e-003
  3.3238000e+004  5.4400000e+001 -1.4660000e+000  1.0000000e-003
  3.3258000e+004  5.4300000e+001 -1.4660000e+000  1.0000000e-003
  3.3278000e+004  5.4400000e+001 -1.4660000e+000  1.0000000e-003
  3.3298000e+004  5.4100000e+001 -1.4660000e+000  1.0000000e-003
  3.3318000e+004  5.4300000e+001 -1.4660000e+000  1.0000000e-003
  3.3338000e+004  5.3500000e+001 -1.4660000e+000  1.0000000e-003
  3.3358000e+004  5.3900000e+001 -1.4660000e+000  1.0000000e-003
  3.3378000e+004  5.3000000e+001 -1.4660000e+000  1.0000000e-003
  3.3398000e+004  5.2800000e+001 -1.4660000e+000  1.0000000e-003
  3.3418000e+004  5.3000000e+001 -1.4660000e+000  1.0000000e-003
  3.3439000e+004  5.2300000e+001 -1.4660000e+000  1.0000000e-003
  3.3459000e+004  5.2300000e+001 -1.4660000e+000  1.0000000e-003
  3.3479000e+004  5.2100000e+001 -1.4660000e+000  1.0000000e-003
  3.3499000e+004  5.2000000e+001 -1.4660000e+000  1.0000000e-003
  3.3519000e+004  5.2000000e+001 -1.4660000e+000  1.0000000e-003
  3.3539000e+004  5.2000000e+001 -1.4660000e+000  1.0000000e-003
  3.3559000e+004  5.1600000e+001 -1.4660000e+000  1.0000000e-003
  3.3579000e+004  5.1600000e+001 -1.4660000e+000  1.0000000e-003
  3.3599000e+004  5.1100000e+001 -1.4660000e+000  1.0000000e-003
  3.3619000e+004  5.1500000e+001 -1.4660000e+000  1.0000000e-003
  3.3639000e+004  5.1300000e+001 -1.4660000e+000  1.0000000e-003
  3.3659000e+004  5.0900000e+001 -1.4660000e+000  1.0000000e-003
  3.3679000e+004  5.0900000e+001 -1.4660000e+000  1.0000000e-003
  3.3699000e+004  5.0900000e+001 -1.4660000e+000  1.0000000e-003
  3.3719000e+004  5.0600000e+001 -1.4660000e+000  1.0000000e-003
  3.3739000e+004  5.0400000e+001 -1.4660000e+000  1.0000000e-003
  3.3759000e+004  5.0200000e+001 -1.4660000e+000  1.0000000e-003
  3.3779000e+004  5.0000000e+001 -1.4660000e+000  1.0000000e-003
  3.3799000e+004  5.0000000e+001 -1.4660000e+000  1.0000000e-003
  3.3819000e+004  4.9900000e+001 -1.4660000e+000  1.0000000e-003
  3.3839000e+004  4.9900000e+001 -1.4660000e+000  1.0000000e-003
  3.3859000e+004  4.9700000e+001 -1.4660000e+000  1.0000000e-003
  3.3879000e+004  4.9500000e+001 -1.4660000e+000  1.0000000e-003
  3.3899000e+004  4.9700000e+001 -1.4660000e+000  1.0000000e-003
  3.3919000e+004  4.9700000e+001 -1.4660000e+000  1.0000000e-003
  3.3939000e+004  4.9200000e+001 -1.4660000e+000  1.0000000e-003
  3.3959000e+004  4.9200000e+001 -1.4660000e+000  1.0000000e-003
  3.3979000e+004  4.9300000e+001 -1.4660000e+000  1.0000000e-003
  3.3999000e+004  4.8600000e+001 -1.4660000e+000  1.0000000e-003
  3.4019000e+004  4.8500000e+001 -1.4660000e+000  1.0000000e-003
  3.4040000e+004  4.8800000e+001 -1.4660000e+000  1.0000000e-003
  3.4060000e+004  4.8600000e+001 -1.4660000e+000  1.0000000e-003
  3.4080000e+004  4.8500000e+001 -1.4660000e+000  1.0000000e-003
  3.4100000e+004  4.8600000e+001 -1.4660000e+000  1.0000000e-003
  3.4120000e+004  4.8500000e+001 -1.4660000e+000  1.0000000e-003
  3.4140000e+004  4.8300000e+001 -1.4660000e+000  1.0000000e-003
  3.4160000e+004  4.8000000e+001 -1.4660000e+000  1.0000000e-003
  3.4180000e+004  4.8100000e+001 -1.4660000e+000  1.0000000e-003
  3.4200000e+004  4.7400000e+001 -1.4670000e+000  1.0000000e-003
  3.4220000e+004  4.7400000e+001 -1.4670000e+000  1.0000000e-003
  3.4240000e+004  4.7600000e+001 -1.4670000e+000  1.0000000e-003
  3.4260000e+004  4.7300000e+001 -1.4670000e+000  1.0000000e-003
  3.4280000e+004  4.7400000e+001 -1.4670000e+000  1.0000000e-003
  3.4300000e+004  4.7300000e+001 -1.4670000e+000  1.0000000e-003
  3.4320000e+004  4.6900000e+001 -1.4670000e+000  1.0000000e-003
  3.4340000e+004  4.6700000e+001 -1.4670000e+000  1.0000000e-003
  3.4360000e+004  4.6700000e+001 -1.4670000e+000  1.0000000e-003
  3.4380000e+004  4.6400000e+001 -1.4670000e+000  1.0000000e-003
  3.4400000e+004  4.6200000e+001 -1.4670000e+000  1.0000000e-003
  3.4420000e+004  4.6600000e+001 -1.4670000e+000  1.0000000e-003
  3.4440000e+004  4.6000000e+001 -1.4670000e+000  1.0000000e-003
  3.4460000e+004  4.6000000e+001 -1.4670000e+000  1.0000000e-003
  3.4480000e+004  4.5800000e+001 -1.4670000e+000  1.0000000e-003
  3.4500000e+004  4.5800000e+001 -1.4670000e+000  1.0000000e-003
  3.4520000e+004  4.5800000e+001 -1.4670000e+000  1.0000000e-003
  3.4540000e+004  4.5800000e+001 -1.4670000e+000  1.0000000e-003
  3.4560000e+004  4.5500000e+001 -1.4670000e+000  1.0000000e-003
  3.4580000e+004  4.5300000e+001 -1.4670000e+000  1.0000000e-003
  3.4600000e+004  4.5300000e+001 -1.4670000e+000  1.0000000e-003
  3.4620000e+004  4.5300000e+001 -1.4670000e+000  1.0000000e-003
  3.4640000e+004  4.5100000e+001 -1.4670000e+000  1.0000000e-003
  3.4660000e+004  4.4800000e+001 -1.4670000e+000  1.0000000e-003
  3.4680000e+004  4.4800000e+001 -1.4670000e+000  1.0000000e-003
  3.4700000e+004  4.4800000e+001 -1.4670000e+000  1.0000000e-003
  3.4720000e+004  4.4500000e+001 -1.4670000e+000  1.0000000e-003
  3.4740000e+004  4.4500000e+001 -1.4670000e+000  1.0000000e-003
  3.4760000e+004  4.4600000e+001 -1.4670000e+000  1.0000000e-003
  3.4780000e+004  4.4600000e+001 -1.4670000e+000  1.0000000e-003
  3.4800000e+004  4.4100000e+001 -1.4670000e+000  1.0000000e-003
  3.4820000e+004  4.3900000e+001 -1.4670000e+000  1.0000000e-003
  3.4840000e+004  4.3800000e+001 -1.4670000e+000  1.0000000e-003
  3.4861000e+004  4.3900000e+001 -1.4670000e+000  1.0000000e-003
  3.4885000e+004  4.3900000e+001 -1.4670000e+000  1.0000000e-003
  3.4905000e+004  4.3600000e+001 -1.4670000e+000  1.0000000e-003
  3.4926000e+004  4.3800000e+001 -1.4670000e+000  1.0000000e-003
  3.4946000e+004  4.3800000e+001 -1.4670000e+000  1.0000000e-003
  3.4966000e+004  4.3800000e+001 -1.4670000e+000  1.0000000e-003
  3.4986000e+004  4.3400000e+001 -1.4670000e+000  1.0000000e-003
  3.5006000e+004  4.3200000e+001 -1.4670000e+000  1.0000000e-003
  3.5026000e+004  4.3200000e+001 -1.4670000e+000  1.0000000e-003
  3.5046000e+004  4.3100000e+001 -1.4670000e+000  1.0000000e-003
  3.5066000e+004  4.3100000e+001 -1.4670000e+000  1.0000000e-003
  3.5086000e+004  4.2900000e+001 -1.4670000e+000  1.0000000e-003
  3.5106000e+004  4.2700000e+001 -1.4670000e+000  1.0000000e-003
  3.5126000e+004  4.2500000e+001 -1.4670000e+000  1.0000000e-003
  3.5146000e+004  4.2300000e+001 -1.4670000e+000  1.0000000e-003
  3.5166000e+004  4.2300000e+001 -1.4670000e+000  1.0000000e-003
  3.5186000e+004  4.2300000e+001 -1.4670000e+000  1.0000000e-003
  3.5206000e+004  4.2300000e+001 -1.4670000e+000  1.0000000e-003
  3.5226000e+004  4.2200000e+001 -1.4670000e+000  1.0000000e-003
  3.5246000e+004  4.2200000e+001 -1.4670000e+000  1.0000000e-003
  3.5266000e+004  4.2000000e+001 -1.4670000e+000  1.0000000e-003
  3.5286000e+004  4.2000000e+001 -1.4670000e+000  1.0000000e-003
  3.5306000e+004  4.2000000e+001 -1.4670000e+000  1.0000000e-003
  3.5326000e+004  4.1700000e+001 -1.4670000e+000  1.0000000e-003
  3.5346000e+004  4.1700000e+001 -1.4670000e+000  1.0000000e-003
  3.5366000e+004  4.1500000e+001 -1.4670000e+000  1.0000000e-003
  3.5386000e+004  4.1300000e+001 -1.4670000e+000  1.0000000e-003
  3.5406000e+004  4.1100000e+001 -1.4670000e+000  1.0000000e-003
  3.5426000e+004  4.1000000e+001 -1.4670000e+000  1.0000000e-003
  3.5446000e+004  4.1100000e+001 -1.4670000e+000  1.0000000e-003
  3.5466000e+004  4.1100000e+001 -1.4670000e+000  1.0000000e-003
  3.5486000e+004  4.1100000e+001 -1.4670000e+000  1.0000000e-003
  3.5506000e+004  4.1100000e+001 -1.4670000e+000  1.0000000e-003
  3.5526000e+004  4.0800000e+001 -1.4670000e+000  1.0000000e-003
  3.5546000e+004  4.0400000e+001 -1.4670000e+000  1.0000000e-003
  3.5566000e+004  4.0400000e+001 -1.4670000e+000  1.0000000e-003
  3.5586000e+004  4.0400000e+001 -1.4670000e+000  1.0000000e-003
  3.5606000e+004  4.0300000e+001 -1.4670000e+000  1.0000000e-003
  3.5626000e+004  4.0300000e+001 -1.4670000e+000  1.0000000e-003
  3.5646000e+004  4.0400000e+001 -1.4670000e+000  1.0000000e-003
  3.5666000e+004  4.0300000e+001 -1.4670000e+000  1.0000000e-003
  3.5686000e+004  4.0300000e+001 -1.4670000e+000  1.0000000e-003
  3.5706000e+004  4.0100000e+001 -1.4670000e+000  1.0000000e-003
  3.5726000e+004  3.9400000e+001 -1.4670000e+000  1.0000000e-003
  3.5746000e+004  3.9700000e+001 -1.4670000e+000  1.0000000e-003
  3.5766000e+004  3.9400000e+001 -1.4670000e+000  1.0000000e-003
  3.5786000e+004  4.0100000e+001 -1.4670000e+000  1.0000000e-003
  3.5806000e+004  3.9600000e+001 -1.4670000e+000  1.0000000e-003
  3.5826000e+004  3.9700000e+001 -1.4670000e+000  1.0000000e-003
  3.5847000e+004  3.9400000e+001 -1.4670000e+000  1.0000000e-003
  3.5867000e+004  3.9000000e+001 -1.4670000e+000  1.0000000e-003
  3.5887000e+004  3.9400000e+001 -1.4670000e+000  1.0000000e-003
  3.5907000e+004  3.9400000e+001 -1.4670000e+000  1.0000000e-003
  3.5927000e+004  3.9400000e+001 -1.4670000e+000  1.0000000e-003
  3.5947000e+004  3.8800000e+001 -1.4670000e+000  1.0000000e-003
  3.5967000e+004  3.9400000e+001 -1.4670000e+000  1.0000000e-003
  3.5987000e+004  3.8800000e+001 -1.4670000e+000  1.0000000e-003
  3.6007000e+004  3.8800000e+001 -1.4670000e+000  1.0000000e-003
  3.6027000e+004  3.8800000e+001 -1.4670000e+000  1.0000000e-003
  3.6047000e+004  3.8800000e+001 -1.4670000e+000  1.0000000e-003
  3.6067000e+004  3.8700000e+001 -1.4670000e+000  1.0000000e-003
  3.6087000e+004  3.8500000e+001 -1.4670000e+000  1.0000000e-003
  3.6107000e+004  3.8300000e+001 -1.4670000e+000  1.0000000e-003
  3.6127000e+004  3.8300000e+001 -1.4670000e+000  1.0000000e-003
  3.6147000e+004  3.8500000e+001 -1.4670000e+000  1.0000000e-003
  3.6167000e+004  3.8500000e+001 -1.4670000e+000  1.0000000e-003
  3.6187000e+004  3.8200000e+001 -1.4670000e+000  1.0000000e-003
  3.6207000e+004  3.8200000e+001 -1.4680000e+000  1.0000000e-003
  3.6227000e+004  3.8000000e+001 -1.4680000e+000  1.0000000e-003
  3.6247000e+004  3.8000000e+001 -1.4680000e+000  1.0000000e-003
  3.6267000e+004  3.7800000e+001 -1.4680000e+000  1.0000000e-003
  3.6287000e+004  3.8000000e+001 -1.4680000e+000  1.0000000e-003
  3.6307000e+004  3.7600000e+001 -1.4680000e+000  1.0000000e-003
  3.6327000e+004  3.7800000e+001 -1.4680000e+000  1.0000000e-003
  3.6347000e+004  3.7600000e+001 -1.4680000e+000  1.0000000e-003
  3.6367000e+004  3.7300000e+001 -1.4680000e+000  1.0000000e-003
  3.6387000e+004  3.7600000e+001 -1.4680000e+000  1.0000000e-003
  3.6407000e+004  3.7500000e+001 -1.4680000e+000  1.0000000e-003
  3.6427000e+004  3.7300000e+001 -1.4680000e+000  1.0000000e-003
  3.6447000e+004  3.7300000e+001 -1.4680000e+000  1.0000000e-003
  3.6467000e+004  3.7300000e+001 -1.4680000e+000  1.0000000e-003
  3.6487000e+004  3.7100000e+001 -1.4680000e+000  1.0000000e-003
  3.6507000e+004  3.7100000e+001 -1.4680000e+000  1.0000000e-003
  3.6527000e+004  3.6900000e+001 -1.4680000e+000  1.0000000e-003
  3.6548000e+004  3.6800000e+001 -1.4680000e+000  1.0000000e-003
  3.6568000e+004  3.6800000e+001 -1.4680000e+000  1.0000000e-003
  3.6588000e+004  3.6800000e+001 -1.4680000e+000  1.0000000e-003
  3.6608000e+004  3.6800000e+001 -1.4680000e+000  1.0000000e-003
  3.6628000e+004  3.6800000e+001 -1.4680000e+000  1.0000000e-003
  3.6648000e+004  3.6200000e+001 -1.4680000e+000  1.0000000e-003
  3.6668000e+004  3.6200000e+001 -1.4680000e+000  1.0000000e-003
  3.6688000e+004  3.6400000e+001 -1.4680000e+000  1.0000000e-003
  3.6708000e+004  3.6200000e+001 -1.4680000e+000  1.0000000e-003
  3.6728000e+004  3.6600000e+001 -1.4680000e+000  1.0000000e-003
  3.6748000e+004  3.6200000e+001 -1.4680000e+000  1.0000000e-003
  3.6768000e+004  3.6200000e+001 -1.4680000e+000  1.0000000e-003
  3.6788000e+004  3.6200000e+001 -1.4680000e+000  1.0000000e-003
