  7.0450000e+003  1.3911000e+003 -2.3830000e+000  1.0000000e-003
  7.0650000e+003  1.3900000e+003 -2.3840000e+000  1.0000000e-003
  7.0850000e+003  1.3888000e+003 -2.3860000e+000  1.0000000e-003
  7.1060000e+003  1.3867000e+003 -2.3880000e+000  1.0000000e-003
  7.1300000e+003  1.3841000e+003 -2.3890000e+000  1.0000000e-003
  7.1510000e+003  1.3813000e+003 -2.3900000e+000  1.0000000e-003
  7.1750000e+003  1.3778000e+003 -2.3910000e+000  1.0000000e-003
  7.1950000e+003  1.3746000e+003 -2.3920000e+000  1.0000000e-003
  7.2160000e+003  1.3716000e+003 -2.3920000e+000  1.0000000e-003
  7.2400000e+003  1.3676000e+003 -2.3930000e+000  1.0000000e-003
  7.2600000e+003  1.3647000e+003 -2.3930000e+000  1.0000000e-003
  7.2800000e+003  1.3611000e+003 -2.3940000e+000  1.0000000e-003
  7.3000000e+003  1.3580000e+003 -2.3940000e+000  1.0000000e-003
  7.3200000e+003  1.3548000e+003 -2.3940000e+000  1.0000000e-003
  7.3400000e+003  1.3513000e+003 -2.3950000e+000  1.0000000e-003
  7.3600000e+003  1.3484000e+003 -2.3950000e+000  1.0000000e-003
  7.3810000e+003  1.3449000e+003 -2.3960000e+000  1.0000000e-003
  7.4050000e+003  1.3412000e+003 -2.3960000e+000  1.0000000e-003
  7.4250000e+003  1.3377000e+003 -2.3960000e+000  1.0000000e-003
  7.4450000e+003  1.3344000e+003 -2.3970000e+000  1.0000000e-003
  7.4650000e+003  1.3312000e+003 -2.3970000e+000  1.0000000e-003
  7.4850000e+003  1.3277000e+003 -2.3970000e+000  1.0000000e-003
  7.5050000e+003  1.3246000e+003 -2.3980000e+000  1.0000000e-003
  7.5250000e+003  1.3213000e+003 -2.3980000e+000  1.0000000e-003
  7.5450000e+003  1.3183000e+003 -2.3980000e+000  1.0000000e-003
  7.5660000e+003  1.3149000e+003 -2.3980000e+000  1.0000000e-003
  7.5860000e+003  1.3115000e+003 -2.3990000e+000  1.0000000e-003
  7.6060000e+003  1.3083000e+003 -2.3990000e+000  1.0000000e-003
  7.6260000e+003  1.3050000e+003 -2.3990000e+000  1.0000000e-003
  7.6460000e+003  1.3015000e+003 -2.3990000e+000  1.0000000e-003
  7.6660000e+003  1.2983000e+003 -2.4000000e+000  1.0000000e-003
  7.6860000e+003  1.2955000e+003 -2.4000000e+000  1.0000000e-003
  7.7060000e+003  1.2924000e+003 -2.4000000e+000  1.0000000e-003
  7.7260000e+003  1.2889000e+003 -2.4000000e+000  1.0000000e-003
  7.7460000e+003  1.2857000e+003 -2.4000000e+000  1.0000000e-003
  7.7660000e+003  1.2822000e+003 -2.4000000e+000  1.0000000e-003
  7.7860000e+003  1.2786000e+003 -2.4010000e+000  1.0000000e-003
  7.8060000e+003  1.2754000e+003 -2.4010000e+000  1.0000000e-003
  7.8260000e+003  1.2724000e+003 -2.4010000e+000  1.0000000e-003
  7.8460000e+003  1.2695000e+003 -2.4010000e+000  1.0000000e-003
  7.8660000e+003  1.2659000e+003 -2.4010000e+000  1.0000000e-003
  7.8860000e+003  1.2628000e+003 -2.4010000e+000  1.0000000e-003
  7.9060000e+003  1.2595000e+003 -2.4020000e+000  1.0000000e-003
  7.9260000e+003  1.2561000e+003 -2.4020000e+000  1.0000000e-003
  7.9460000e+003  1.2534000e+003 -2.4020000e+000  1.0000000e-003
  7.9660000e+003  1.2500000e+003 -2.4020000e+000  1.0000000e-003
  7.9860000e+003  1.2469000e+003 -2.4020000e+000  1.0000000e-003
  8.0060000e+003  1.2434000e+003 -2.4020000e+000  1.0000000e-003
  8.0260000e+003  1.2400000e+003 -2.4030000e+000  1.0000000e-003
  8.0460000e+003  1.2367000e+003 -2.4030000e+000  1.0000000e-003
  8.0660000e+003  1.2334000e+003 -2.4030000e+000  1.0000000e-003
  8.0860000e+003  1.2304000e+003 -2.4030000e+000  1.0000000e-003
  8.1060000e+003  1.2273000e+003 -2.4030000e+000  1.0000000e-003
  8.1260000e+003  1.2241000e+003 -2.4030000e+000  1.0000000e-003
  8.1460000e+003  1.2208000e+003 -2.4030000e+000  1.0000000e-003
  8.1660000e+003  1.2177000e+003 -2.4040000e+000  1.0000000e-003
  8.1860000e+003  1.2143000e+003 -2.4040000e+000  1.0000000e-003
  8.2060000e+003  1.2110000e+003 -2.4040000e+000  1.0000000e-003
  8.2260000e+003  1.2078000e+003 -2.4040000e+000  1.0000000e-003
  8.2460000e+003  1.2049000e+003 -2.4040000e+000  1.0000000e-003
  8.2660000e+003  1.2014000e+003 -2.4040000e+000  1.0000000e-003
  8.2860000e+003  1.1982000e+003 -2.4050000e+000  1.0000000e-003
  8.3060000e+003  1.1951000e+003 -2.4050000e+000  1.0000000e-003
  8.3260000e+003  1.1918000e+003 -2.4050000e+000  1.0000000e-003
  8.3460000e+003  1.1884000e+003 -2.4050000e+000  1.0000000e-003
  8.3660000e+003  1.1856000e+003 -2.4050000e+000  1.0000000e-003
  8.3860000e+003  1.1821000e+003 -2.4060000e+000  1.0000000e-003
  8.4060000e+003  1.1790000e+003 -2.4060000e+000  1.0000000e-003
  8.4260000e+003  1.1757000e+003 -2.4060000e+000  1.0000000e-003
  8.4460000e+003  1.1725000e+003 -2.4060000e+000  1.0000000e-003
  8.4670000e+003  1.1692000e+003 -2.4060000e+000  1.0000000e-003
  8.4910000e+003  1.1648000e+003 -2.4060000e+000  1.0000000e-003
  8.5110000e+003  1.1620000e+003 -2.4070000e+000  1.0000000e-003
  8.5310000e+003  1.1590000e+003 -2.4070000e+000  1.0000000e-003
  8.5510000e+003  1.1555000e+003 -2.4070000e+000  1.0000000e-003
  8.5710000e+003  1.1524000e+003 -2.4070000e+000  1.0000000e-003
  8.5910000e+003  1.1491000e+003 -2.4070000e+000  1.0000000e-003
  8.6120000e+003  1.1457000e+003 -2.4070000e+000  1.0000000e-003
  8.6360000e+003  1.1421000e+003 -2.4080000e+000  1.0000000e-003
  8.6560000e+003  1.1387000e+003 -2.4080000e+000  1.0000000e-003
  8.6760000e+003  1.1356000e+003 -2.4080000e+000  1.0000000e-003
  8.6960000e+003  1.1322000e+003 -2.4080000e+000  1.0000000e-003
  8.7160000e+003  1.1293000e+003 -2.4090000e+000  1.0000000e-003
  8.7360000e+003  1.1259000e+003 -2.4090000e+000  1.0000000e-003
  8.7560000e+003  1.1226000e+003 -2.4090000e+000  1.0000000e-003
  8.7760000e+003  1.1197000e+003 -2.4090000e+000  1.0000000e-003
  8.7960000e+003  1.1167000e+003 -2.4090000e+000  1.0000000e-003
  8.8160000e+003  1.1133000e+003 -2.4090000e+000  1.0000000e-003
  8.8360000e+003  1.1102000e+003 -2.4100000e+000  1.0000000e-003
  8.8560000e+003  1.1071000e+003 -2.4100000e+000  1.0000000e-003
  8.8760000e+003  1.1036000e+003 -2.4100000e+000  1.0000000e-003
  8.8970000e+003  1.1002000e+003 -2.4100000e+000  1.0000000e-003
  8.9210000e+003  1.0967000e+003 -2.4100000e+000  1.0000000e-003
  8.9410000e+003  1.0932000e+003 -2.4110000e+000  1.0000000e-003
  8.9610000e+003  1.0901000e+003 -2.4110000e+000  1.0000000e-003
  8.9810000e+003  1.0869000e+003 -2.4110000e+000  1.0000000e-003
  9.0010000e+003  1.0834000e+003 -2.4110000e+000  1.0000000e-003
  9.0210000e+003  1.0801000e+003 -2.4110000e+000  1.0000000e-003
  9.0410000e+003  1.0770000e+003 -2.4110000e+000  1.0000000e-003
  9.0610000e+003  1.0738000e+003 -2.4110000e+000  1.0000000e-003
  9.0810000e+003  1.0707000e+003 -2.4120000e+000  1.0000000e-003
  9.1010000e+003  1.0675000e+003 -2.4120000e+000  1.0000000e-003
  9.1210000e+003  1.0643000e+003 -2.4120000e+000  1.0000000e-003
  9.1410000e+003  1.0612000e+003 -2.4120000e+000  1.0000000e-003
  9.1610000e+003  1.0577000e+003 -2.4130000e+000  1.0000000e-003
  9.1810000e+003  1.0545000e+003 -2.4130000e+000  1.0000000e-003
  9.2010000e+003  1.0518000e+003 -2.4130000e+000  1.0000000e-003
  9.2210000e+003  1.0486000e+003 -2.4130000e+000  1.0000000e-003
  9.2420000e+003  1.0453000e+003 -2.4130000e+000  1.0000000e-003
  9.2660000e+003  1.0413000e+003 -2.4140000e+000  1.0000000e-003
  9.2860000e+003  1.0379000e+003 -2.4140000e+000  1.0000000e-003
  9.3060000e+003  1.0346000e+003 -2.4140000e+000  1.0000000e-003
  9.3260000e+003  1.0316000e+003 -2.4140000e+000  1.0000000e-003
  9.3470000e+003  1.0286000e+003 -2.4140000e+000  1.0000000e-003
  9.3670000e+003  1.0252000e+003 -2.4150000e+000  1.0000000e-003
  9.3910000e+003  1.0213000e+003 -2.4150000e+000  1.0000000e-003
  9.4110000e+003  1.0181000e+003 -2.4150000e+000  1.0000000e-003
  9.4310000e+003  1.0148000e+003 -2.4150000e+000  1.0000000e-003
  9.4510000e+003  1.0115000e+003 -2.4160000e+000  1.0000000e-003
  9.4710000e+003  1.0087000e+003 -2.4160000e+000  1.0000000e-003
  9.4910000e+003  1.0055000e+003 -2.4160000e+000  1.0000000e-003
  9.5120000e+003  1.0024000e+003 -2.4160000e+000  1.0000000e-003
  9.5360000e+003  9.9860000e+002 -2.4170000e+000  1.0000000e-003
  9.5560000e+003  9.9540000e+002 -2.4170000e+000  1.0000000e-003
  9.5760000e+003  9.9240000e+002 -2.4170000e+000  1.0000000e-003
  9.5970000e+003  9.8890000e+002 -2.4170000e+000  1.0000000e-003
  9.6210000e+003  9.8510000e+002 -2.4170000e+000  1.0000000e-003
  9.6410000e+003  9.8210000e+002 -2.4180000e+000  1.0000000e-003
  9.6610000e+003  9.7880000e+002 -2.4180000e+000  1.0000000e-003
  9.6810000e+003  9.7580000e+002 -2.4180000e+000  1.0000000e-003
  9.7020000e+003  9.7210000e+002 -2.4180000e+000  1.0000000e-003
  9.7230000e+003  9.6880000e+002 -2.4190000e+000  1.0000000e-003
  9.7430000e+003  9.6550000e+002 -2.4190000e+000  1.0000000e-003
  9.7630000e+003  9.6270000e+002 -2.4190000e+000  1.0000000e-003
  9.7830000e+003  9.5950000e+002 -2.4190000e+000  1.0000000e-003
  9.8030000e+003  9.5640000e+002 -2.4190000e+000  1.0000000e-003
  9.8230000e+003  9.5320000e+002 -2.4200000e+000  1.0000000e-003
  9.8430000e+003  9.4990000e+002 -2.4200000e+000  1.0000000e-003
  9.8630000e+003  9.4680000e+002 -2.4200000e+000  1.0000000e-003
  9.8830000e+003  9.4380000e+002 -2.4200000e+000  1.0000000e-003
  9.9030000e+003  9.4060000e+002 -2.4200000e+000  1.0000000e-003
  9.9230000e+003  9.3730000e+002 -2.4210000e+000  1.0000000e-003
  9.9430000e+003  9.3420000e+002 -2.4210000e+000  1.0000000e-003
  9.9630000e+003  9.3100000e+002 -2.4210000e+000  1.0000000e-003
  9.9830000e+003  9.2790000e+002 -2.4210000e+000  1.0000000e-003
  1.0003000e+004  9.2450000e+002 -2.4210000e+000  1.0000000e-003
  1.0023000e+004  9.2140000e+002 -2.4220000e+000  1.0000000e-003
  1.0043000e+004  9.1820000e+002 -2.4220000e+000  1.0000000e-003
  1.0063000e+004  9.1530000e+002 -2.4220000e+000  1.0000000e-003
  1.0083000e+004  9.1170000e+002 -2.4220000e+000  1.0000000e-003
  1.0103000e+004  9.0880000e+002 -2.4220000e+000  1.0000000e-003
  1.0123000e+004  9.0580000e+002 -2.4230000e+000  1.0000000e-003
  1.0143000e+004  9.0230000e+002 -2.4230000e+000  1.0000000e-003
  1.0163000e+004  8.9920000e+002 -2.4230000e+000  1.0000000e-003
  1.0183000e+004  8.9620000e+002 -2.4230000e+000  1.0000000e-003
  1.0203000e+004  8.9300000e+002 -2.4230000e+000  1.0000000e-003
  1.0223000e+004  8.9020000e+002 -2.4230000e+000  1.0000000e-003
  1.0243000e+004  8.8710000e+002 -2.4240000e+000  1.0000000e-003
  1.0263000e+004  8.8390000e+002 -2.4240000e+000  1.0000000e-003
  1.0283000e+004  8.8080000e+002 -2.4240000e+000  1.0000000e-003
  1.0303000e+004  8.7780000e+002 -2.4250000e+000  1.0000000e-003
  1.0323000e+004  8.7430000e+002 -2.4250000e+000  1.0000000e-003
  1.0343000e+004  8.7170000e+002 -2.4250000e+000  1.0000000e-003
  1.0363000e+004  8.6830000e+002 -2.4250000e+000  1.0000000e-003
  1.0383000e+004  8.6520000e+002 -2.4250000e+000  1.0000000e-003
  1.0403000e+004  8.6190000e+002 -2.4260000e+000  1.0000000e-003
  1.0423000e+004  8.5870000e+002 -2.4260000e+000  1.0000000e-003
  1.0443000e+004  8.5560000e+002 -2.4260000e+000  1.0000000e-003
  1.0463000e+004  8.5230000e+002 -2.4270000e+000  1.0000000e-003
  1.0483000e+004  8.4950000e+002 -2.4270000e+000  1.0000000e-003
  1.0503000e+004  8.4630000e+002 -2.4270000e+000  1.0000000e-003
  1.0523000e+004  8.4310000e+002 -2.4270000e+000  1.0000000e-003
  1.0543000e+004  8.3980000e+002 -2.4280000e+000  1.0000000e-003
  1.0563000e+004  8.3670000e+002 -2.4280000e+000  1.0000000e-003
  1.0583000e+004  8.3350000e+002 -2.4280000e+000  1.0000000e-003
  1.0603000e+004  8.3020000e+002 -2.4280000e+000  1.0000000e-003
  1.0623000e+004  8.2720000e+002 -2.4290000e+000  1.0000000e-003
  1.0643000e+004  8.2410000e+002 -2.4290000e+000  1.0000000e-003
  1.0663000e+004  8.2110000e+002 -2.4290000e+000  1.0000000e-003
  1.0683000e+004  8.1800000e+002 -2.4290000e+000  1.0000000e-003
  1.0704000e+004  8.1460000e+002 -2.4300000e+000  1.0000000e-003
  1.0724000e+004  8.1170000e+002 -2.4300000e+000  1.0000000e-003
  1.0744000e+004  8.0830000e+002 -2.4300000e+000  1.0000000e-003
  1.0764000e+004  8.0550000e+002 -2.4300000e+000  1.0000000e-003
  1.0784000e+004  8.0240000e+002 -2.4300000e+000  1.0000000e-003
  1.0804000e+004  7.9940000e+002 -2.4310000e+000  1.0000000e-003
  1.0824000e+004  7.9610000e+002 -2.4310000e+000  1.0000000e-003
  1.0844000e+004  7.9270000e+002 -2.4310000e+000  1.0000000e-003
  1.0864000e+004  7.8960000e+002 -2.4310000e+000  1.0000000e-003
  1.0884000e+004  7.8660000e+002 -2.4310000e+000  1.0000000e-003
  1.0904000e+004  7.8350000e+002 -2.4310000e+000  1.0000000e-003
  1.0925000e+004  7.8050000e+002 -2.4320000e+000  1.0000000e-003
  1.0950000e+004  7.7650000e+002 -2.4320000e+000  1.0000000e-003
  1.0970000e+004  7.7350000e+002 -2.4320000e+000  1.0000000e-003
  1.0995000e+004  7.6960000e+002 -2.4320000e+000  1.0000000e-003
  1.1016000e+004  7.6670000e+002 -2.4320000e+000  1.0000000e-003
  1.1036000e+004  7.6320000e+002 -2.4330000e+000  1.0000000e-003
  1.1056000e+004  7.6020000e+002 -2.4330000e+000  1.0000000e-003
  1.1080000e+004  7.5650000e+002 -2.4330000e+000  1.0000000e-003
  1.1100000e+004  7.5360000e+002 -2.4330000e+000  1.0000000e-003
  1.1120000e+004  7.5060000e+002 -2.4330000e+000  1.0000000e-003
  1.1140000e+004  7.4730000e+002 -2.4330000e+000  1.0000000e-003
  1.1160000e+004  7.4410000e+002 -2.4330000e+000  1.0000000e-003
  1.1180000e+004  7.4080000e+002 -2.4340000e+000  1.0000000e-003
  1.1200000e+004  7.3780000e+002 -2.4340000e+000  1.0000000e-003
  1.1220000e+004  7.3480000e+002 -2.4340000e+000  1.0000000e-003
  1.1240000e+004  7.3180000e+002 -2.4340000e+000  1.0000000e-003
  1.1260000e+004  7.2900000e+002 -2.4340000e+000  1.0000000e-003
  1.1280000e+004  7.2550000e+002 -2.4350000e+000  1.0000000e-003
  1.1300000e+004  7.2280000e+002 -2.4350000e+000  1.0000000e-003
  1.1320000e+004  7.1930000e+002 -2.4350000e+000  1.0000000e-003
  1.1340000e+004  7.1630000e+002 -2.4350000e+000  1.0000000e-003
  1.1361000e+004  7.1350000e+002 -2.4350000e+000  1.0000000e-003
  1.1385000e+004  7.0960000e+002 -2.4360000e+000  1.0000000e-003
  1.1406000e+004  7.0680000e+002 -2.4360000e+000  1.0000000e-003
  1.1430000e+004  7.0300000e+002 -2.4360000e+000  1.0000000e-003
  1.1450000e+004  7.0000000e+002 -2.4360000e+000  1.0000000e-003
  1.1470000e+004  6.9700000e+002 -2.4370000e+000  1.0000000e-003
  1.1490000e+004  6.9440000e+002 -2.4370000e+000  1.0000000e-003
  1.1510000e+004  6.9110000e+002 -2.4370000e+000  1.0000000e-003
  1.1530000e+004  6.8830000e+002 -2.4370000e+000  1.0000000e-003
  1.1550000e+004  6.8570000e+002 -2.4370000e+000  1.0000000e-003
  1.1570000e+004  6.8290000e+002 -2.4370000e+000  1.0000000e-003
  1.1590000e+004  6.8000000e+002 -2.4380000e+000  1.0000000e-003
  1.1610000e+004  6.7730000e+002 -2.4380000e+000  1.0000000e-003
  1.1630000e+004  6.7430000e+002 -2.4380000e+000  1.0000000e-003
  1.1650000e+004  6.7150000e+002 -2.4380000e+000  1.0000000e-003
  1.1670000e+004  6.6870000e+002 -2.4390000e+000  1.0000000e-003
  1.1690000e+004  6.6600000e+002 -2.4390000e+000  1.0000000e-003
  1.1711000e+004  6.6360000e+002 -2.4390000e+000  1.0000000e-003
  1.1735000e+004  6.6030000e+002 -2.4390000e+000  1.0000000e-003
  1.1755000e+004  6.5750000e+002 -2.4390000e+000  1.0000000e-003
  1.1775000e+004  6.5480000e+002 -2.4400000e+000  1.0000000e-003
  1.1796000e+004  6.5220000e+002 -2.4400000e+000  1.0000000e-003
  1.1820000e+004  6.4870000e+002 -2.4400000e+000  1.0000000e-003
  1.1840000e+004  6.4590000e+002 -2.4400000e+000  1.0000000e-003
  1.1860000e+004  6.4350000e+002 -2.4400000e+000  1.0000000e-003
  1.1880000e+004  6.4080000e+002 -2.4410000e+000  1.0000000e-003
  1.1900000e+004  6.3820000e+002 -2.4410000e+000  1.0000000e-003
  1.1920000e+004  6.3600000e+002 -2.4410000e+000  1.0000000e-003
  1.1940000e+004  6.3320000e+002 -2.4410000e+000  1.0000000e-003
  1.1960000e+004  6.3040000e+002 -2.4410000e+000  1.0000000e-003
  1.1980000e+004  6.2810000e+002 -2.4410000e+000  1.0000000e-003
  1.2001000e+004  6.2530000e+002 -2.4420000e+000  1.0000000e-003
  1.2021000e+004  6.2280000e+002 -2.4420000e+000  1.0000000e-003
  1.2045000e+004  6.1970000e+002 -2.4420000e+000  1.0000000e-003
  1.2065000e+004  6.1760000e+002 -2.4420000e+000  1.0000000e-003
  1.2085000e+004  6.1480000e+002 -2.4420000e+000  1.0000000e-003
  1.2105000e+004  6.1250000e+002 -2.4430000e+000  1.0000000e-003
  1.2126000e+004  6.1000000e+002 -2.4430000e+000  1.0000000e-003
  1.2146000e+004  6.0760000e+002 -2.4430000e+000  1.0000000e-003
  1.2166000e+004  6.0530000e+002 -2.4430000e+000  1.0000000e-003
  1.2186000e+004  6.0290000e+002 -2.4430000e+000  1.0000000e-003
  1.2206000e+004  6.0060000e+002 -2.4430000e+000  1.0000000e-003
  1.2230000e+004  5.9760000e+002 -2.4440000e+000  1.0000000e-003
  1.2252000e+004  5.9520000e+002 -2.4440000e+000  1.0000000e-003
  1.2276000e+004  5.9240000e+002 -2.4440000e+000  1.0000000e-003
  1.2296000e+004  5.8990000e+002 -2.4440000e+000  1.0000000e-003
  1.2316000e+004  5.8770000e+002 -2.4440000e+000  1.0000000e-003
  1.2336000e+004  5.8540000e+002 -2.4450000e+000  1.0000000e-003
  1.2356000e+004  5.8330000e+002 -2.4450000e+000  1.0000000e-003
  1.2376000e+004  5.8080000e+002 -2.4450000e+000  1.0000000e-003
  1.2396000e+004  5.7890000e+002 -2.4450000e+000  1.0000000e-003
  1.2416000e+004  5.7640000e+002 -2.4450000e+000  1.0000000e-003
  1.2436000e+004  5.7400000e+002 -2.4450000e+000  1.0000000e-003
  1.2456000e+004  5.7210000e+002 -2.4450000e+000  1.0000000e-003
  1.2476000e+004  5.7000000e+002 -2.4460000e+000  1.0000000e-003
  1.2496000e+004  5.6800000e+002 -2.4460000e+000  1.0000000e-003
  1.2516000e+004  5.6600000e+002 -2.4460000e+000  1.0000000e-003
  1.2536000e+004  5.6370000e+002 -2.4460000e+000  1.0000000e-003
  1.2556000e+004  5.6160000e+002 -2.4460000e+000  1.0000000e-003
  1.2576000e+004  5.5950000e+002 -2.4470000e+000  1.0000000e-003
  1.2596000e+004  5.5740000e+002 -2.4470000e+000  1.0000000e-003
  1.2616000e+004  5.5510000e+002 -2.4470000e+000  1.0000000e-003
  1.2636000e+004  5.5300000e+002 -2.4470000e+000  1.0000000e-003
  1.2656000e+004  5.5090000e+002 -2.4470000e+000  1.0000000e-003
  1.2676000e+004  5.4860000e+002 -2.4470000e+000  1.0000000e-003
  1.2696000e+004  5.4650000e+002 -2.4470000e+000  1.0000000e-003
  1.2717000e+004  5.4440000e+002 -2.4480000e+000  1.0000000e-003
  1.2742000e+004  5.4180000e+002 -2.4480000e+000  1.0000000e-003
  1.2766000e+004  5.3920000e+002 -2.4480000e+000  1.0000000e-003
  1.2787000e+004  5.3710000e+002 -2.4480000e+000  1.0000000e-003
  1.2808000e+004  5.3500000e+002 -2.4480000e+000  1.0000000e-003
  1.2832000e+004  5.3230000e+002 -2.4480000e+000  1.0000000e-003
  1.2852000e+004  5.3030000e+002 -2.4480000e+000  1.0000000e-003
  1.2872000e+004  5.2800000e+002 -2.4490000e+000  1.0000000e-003
  1.2892000e+004  5.2620000e+002 -2.4490000e+000  1.0000000e-003
  1.2912000e+004  5.2410000e+002 -2.4490000e+000  1.0000000e-003
  1.2932000e+004  5.2220000e+002 -2.4490000e+000  1.0000000e-003
  1.2952000e+004  5.2010000e+002 -2.4490000e+000  1.0000000e-003
  1.2972000e+004  5.1840000e+002 -2.4490000e+000  1.0000000e-003
  1.2992000e+004  5.1630000e+002 -2.4500000e+000  1.0000000e-003
  1.3012000e+004  5.1450000e+002 -2.4500000e+000  1.0000000e-003
  1.3033000e+004  5.1220000e+002 -2.4500000e+000  1.0000000e-003
  1.3053000e+004  5.1030000e+002 -2.4500000e+000  1.0000000e-003
  1.3073000e+004  5.0860000e+002 -2.4500000e+000  1.0000000e-003
  1.3093000e+004  5.0650000e+002 -2.4500000e+000  1.0000000e-003
  1.3113000e+004  5.0450000e+002 -2.4500000e+000  1.0000000e-003
  1.3133000e+004  5.0240000e+002 -2.4500000e+000  1.0000000e-003
  1.3153000e+004  5.0050000e+002 -2.4510000e+000  1.0000000e-003
  1.3173000e+004  4.9880000e+002 -2.4510000e+000  1.0000000e-003
  1.3193000e+004  4.9700000e+002 -2.4510000e+000  1.0000000e-003
  1.3213000e+004  4.9530000e+002 -2.4510000e+000  1.0000000e-003
  1.3233000e+004  4.9350000e+002 -2.4510000e+000  1.0000000e-003
  1.3253000e+004  4.9140000e+002 -2.4510000e+000  1.0000000e-003
  1.3273000e+004  4.8950000e+002 -2.4510000e+000  1.0000000e-003
  1.3293000e+004  4.8770000e+002 -2.4520000e+000  1.0000000e-003
  1.3313000e+004  4.8600000e+002 -2.4520000e+000  1.0000000e-003
  1.3333000e+004  4.8390000e+002 -2.4520000e+000  1.0000000e-003
  1.3353000e+004  4.8210000e+002 -2.4520000e+000  1.0000000e-003
  1.3373000e+004  4.8020000e+002 -2.4520000e+000  1.0000000e-003
  1.3393000e+004  4.7850000e+002 -2.4520000e+000  1.0000000e-003
  1.3413000e+004  4.7650000e+002 -2.4520000e+000  1.0000000e-003
  1.3433000e+004  4.7500000e+002 -2.4520000e+000  1.0000000e-003
  1.3453000e+004  4.7300000e+002 -2.4530000e+000  1.0000000e-003
  1.3473000e+004  4.7150000e+002 -2.4530000e+000  1.0000000e-003
  1.3493000e+004  4.6970000e+002 -2.4530000e+000  1.0000000e-003
  1.3513000e+004  4.6780000e+002 -2.4530000e+000  1.0000000e-003
  1.3533000e+004  4.6600000e+002 -2.4530000e+000  1.0000000e-003
  1.3553000e+004  4.6410000e+002 -2.4530000e+000  1.0000000e-003
  1.3573000e+004  4.6270000e+002 -2.4540000e+000  1.0000000e-003
  1.3593000e+004  4.6060000e+002 -2.4540000e+000  1.0000000e-003
  1.3633000e+004  4.5730000e+002 -2.4540000e+000  1.0000000e-003
  1.3653000e+004  4.5530000e+002 -2.4540000e+000  1.0000000e-003
  1.3673000e+004  4.5400000e+002 -2.4540000e+000  1.0000000e-003
  1.3693000e+004  4.5220000e+002 -2.4540000e+000  1.0000000e-003
  1.3713000e+004  4.5050000e+002 -2.4550000e+000  1.0000000e-003
  1.3733000e+004  4.4850000e+002 -2.4550000e+000  1.0000000e-003
  1.3753000e+004  4.4730000e+002 -2.4550000e+000  1.0000000e-003
  1.3773000e+004  4.4550000e+002 -2.4550000e+000  1.0000000e-003
  1.3793000e+004  4.4400000e+002 -2.4550000e+000  1.0000000e-003
  1.3813000e+004  4.4220000e+002 -2.4550000e+000  1.0000000e-003
  1.3833000e+004  4.4050000e+002 -2.4550000e+000  1.0000000e-003
  1.3853000e+004  4.3850000e+002 -2.4560000e+000  1.0000000e-003
  1.3873000e+004  4.3680000e+002 -2.4560000e+000  1.0000000e-003
  1.3894000e+004  4.3520000e+002 -2.4560000e+000  1.0000000e-003
  1.3918000e+004  4.3330000e+002 -2.4560000e+000  1.0000000e-003
  1.3938000e+004  4.3140000e+002 -2.4560000e+000  1.0000000e-003
  1.3958000e+004  4.2960000e+002 -2.4570000e+000  1.0000000e-003
  1.3978000e+004  4.2800000e+002 -2.4570000e+000  1.0000000e-003
  1.3998000e+004  4.2650000e+002 -2.4570000e+000  1.0000000e-003
  1.4018000e+004  4.2490000e+002 -2.4570000e+000  1.0000000e-003
  1.4038000e+004  4.2330000e+002 -2.4570000e+000  1.0000000e-003
  1.4058000e+004  4.2190000e+002 -2.4570000e+000  1.0000000e-003
  1.4078000e+004  4.2040000e+002 -2.4570000e+000  1.0000000e-003
  1.4098000e+004  4.1840000e+002 -2.4570000e+000  1.0000000e-003
  1.4118000e+004  4.1680000e+002 -2.4580000e+000  1.0000000e-003
  1.4138000e+004  4.1530000e+002 -2.4580000e+000  1.0000000e-003
  1.4158000e+004  4.1350000e+002 -2.4580000e+000  1.0000000e-003
  1.4178000e+004  4.1210000e+002 -2.4580000e+000  1.0000000e-003
  1.4198000e+004  4.1050000e+002 -2.4580000e+000  1.0000000e-003
  1.4218000e+004  4.0900000e+002 -2.4580000e+000  1.0000000e-003
  1.4238000e+004  4.0710000e+002 -2.4580000e+000  1.0000000e-003
  1.4258000e+004  4.0580000e+002 -2.4590000e+000  1.0000000e-003
  1.4278000e+004  4.0390000e+002 -2.4590000e+000  1.0000000e-003
  1.4299000e+004  4.0250000e+002 -2.4590000e+000  1.0000000e-003
  1.4323000e+004  4.0060000e+002 -2.4590000e+000  1.0000000e-003
  1.4343000e+004  3.9920000e+002 -2.4590000e+000  1.0000000e-003
  1.4363000e+004  3.9800000e+002 -2.4590000e+000  1.0000000e-003
  1.4383000e+004  3.9620000e+002 -2.4590000e+000  1.0000000e-003
  1.4403000e+004  3.9480000e+002 -2.4590000e+000  1.0000000e-003
  1.4423000e+004  3.9320000e+002 -2.4590000e+000  1.0000000e-003
  1.4443000e+004  3.9160000e+002 -2.4600000e+000  1.0000000e-003
  1.4463000e+004  3.9020000e+002 -2.4600000e+000  1.0000000e-003
  1.4483000e+004  3.8870000e+002 -2.4600000e+000  1.0000000e-003
  1.4503000e+004  3.8730000e+002 -2.4600000e+000  1.0000000e-003
  1.4523000e+004  3.8550000e+002 -2.4600000e+000  1.0000000e-003
  1.4543000e+004  3.8430000e+002 -2.4600000e+000  1.0000000e-003
  1.4563000e+004  3.8270000e+002 -2.4600000e+000  1.0000000e-003
  1.4583000e+004  3.8120000e+002 -2.4600000e+000  1.0000000e-003
  1.4603000e+004  3.7980000e+002 -2.4600000e+000  1.0000000e-003
  1.4623000e+004  3.7840000e+002 -2.4610000e+000  1.0000000e-003
  1.4643000e+004  3.7700000e+002 -2.4610000e+000  1.0000000e-003
  1.4663000e+004  3.7550000e+002 -2.4610000e+000  1.0000000e-003
  1.4683000e+004  3.7410000e+002 -2.4610000e+000  1.0000000e-003
  1.4703000e+004  3.7280000e+002 -2.4610000e+000  1.0000000e-003
  1.4723000e+004  3.7120000e+002 -2.4610000e+000  1.0000000e-003
  1.4743000e+004  3.6990000e+002 -2.4610000e+000  1.0000000e-003
  1.4764000e+004  3.6840000e+002 -2.4610000e+000  1.0000000e-003
  1.4788000e+004  3.6680000e+002 -2.4610000e+000  1.0000000e-003
  1.4809000e+004  3.6520000e+002 -2.4610000e+000  1.0000000e-003
  1.4829000e+004  3.6360000e+002 -2.4620000e+000  1.0000000e-003
  1.4849000e+004  3.6240000e+002 -2.4620000e+000  1.0000000e-003
  1.4869000e+004  3.6100000e+002 -2.4620000e+000  1.0000000e-003
  1.4889000e+004  3.5960000e+002 -2.4620000e+000  1.0000000e-003
  1.4909000e+004  3.5820000e+002 -2.4620000e+000  1.0000000e-003
  1.4929000e+004  3.5700000e+002 -2.4620000e+000  1.0000000e-003
  1.4949000e+004  3.5560000e+002 -2.4620000e+000  1.0000000e-003
  1.4969000e+004  3.5420000e+002 -2.4620000e+000  1.0000000e-003
  1.4989000e+004  3.5280000e+002 -2.4620000e+000  1.0000000e-003
  1.5010000e+004  3.5140000e+002 -2.4620000e+000  1.0000000e-003
  1.5035000e+004  3.5000000e+002 -2.4630000e+000  1.0000000e-003
  1.5060000e+004  3.4840000e+002 -2.4630000e+000  1.0000000e-003
  1.5080000e+004  3.4700000e+002 -2.4630000e+000  1.0000000e-003
  1.5100000e+004  3.4550000e+002 -2.4630000e+000  1.0000000e-003
  1.5121000e+004  3.4410000e+002 -2.4630000e+000  1.0000000e-003
  1.5147000e+004  3.4210000e+002 -2.4630000e+000  1.0000000e-003
  1.5170000e+004  3.4070000e+002 -2.4630000e+000  1.0000000e-003
  1.5190000e+004  3.3930000e+002 -2.4630000e+000  1.0000000e-003
  1.5210000e+004  3.3790000e+002 -2.4640000e+000  1.0000000e-003
  1.5230000e+004  3.3650000e+002 -2.4640000e+000  1.0000000e-003
  1.5250000e+004  3.3510000e+002 -2.4640000e+000  1.0000000e-003
  1.5270000e+004  3.3390000e+002 -2.4640000e+000  1.0000000e-003
  1.5290000e+004  3.3270000e+002 -2.4640000e+000  1.0000000e-003
  1.5310000e+004  3.3130000e+002 -2.4640000e+000  1.0000000e-003
  1.5330000e+004  3.2990000e+002 -2.4640000e+000  1.0000000e-003
  1.5350000e+004  3.2860000e+002 -2.4640000e+000  1.0000000e-003
  1.5370000e+004  3.2740000e+002 -2.4640000e+000  1.0000000e-003
  1.5390000e+004  3.2590000e+002 -2.4650000e+000  1.0000000e-003
  1.5410000e+004  3.2500000e+002 -2.4650000e+000  1.0000000e-003
  1.5430000e+004  3.2380000e+002 -2.4650000e+000  1.0000000e-003
  1.5450000e+004  3.2240000e+002 -2.4650000e+000  1.0000000e-003
  1.5470000e+004  3.2110000e+002 -2.4650000e+000  1.0000000e-003
  1.5490000e+004  3.2010000e+002 -2.4650000e+000  1.0000000e-003
  1.5510000e+004  3.1850000e+002 -2.4650000e+000  1.0000000e-003
  1.5530000e+004  3.1730000e+002 -2.4650000e+000  1.0000000e-003
  1.5550000e+004  3.1620000e+002 -2.4660000e+000  1.0000000e-003
  1.5570000e+004  3.1460000e+002 -2.4660000e+000  1.0000000e-003
  1.5590000e+004  3.1360000e+002 -2.4660000e+000  1.0000000e-003
  1.5610000e+004  3.1240000e+002 -2.4660000e+000  1.0000000e-003
  1.5630000e+004  3.1100000e+002 -2.4660000e+000  1.0000000e-003
  1.5650000e+004  3.0990000e+002 -2.4660000e+000  1.0000000e-003
  1.5670000e+004  3.0850000e+002 -2.4660000e+000  1.0000000e-003
  1.5690000e+004  3.0730000e+002 -2.4660000e+000  1.0000000e-003
  1.5712000e+004  3.0570000e+002 -2.4670000e+000  1.0000000e-003
  1.5736000e+004  3.0430000e+002 -2.4670000e+000  1.0000000e-003
  1.5756000e+004  3.0330000e+002 -2.4670000e+000  1.0000000e-003
  1.5776000e+004  3.0200000e+002 -2.4670000e+000  1.0000000e-003
  1.5796000e+004  3.0080000e+002 -2.4670000e+000  1.0000000e-003
  1.5816000e+004  2.9980000e+002 -2.4670000e+000  1.0000000e-003
  1.5836000e+004  2.9850000e+002 -2.4670000e+000  1.0000000e-003
  1.5856000e+004  2.9770000e+002 -2.4680000e+000  1.0000000e-003
  1.5876000e+004  2.9660000e+002 -2.4680000e+000  1.0000000e-003
  1.5896000e+004  2.9520000e+002 -2.4680000e+000  1.0000000e-003
  1.5916000e+004  2.9440000e+002 -2.4680000e+000  1.0000000e-003
  1.5936000e+004  2.9300000e+002 -2.4680000e+000  1.0000000e-003
  1.5956000e+004  2.9210000e+002 -2.4680000e+000  1.0000000e-003
  1.5976000e+004  2.9090000e+002 -2.4680000e+000  1.0000000e-003
  1.5996000e+004  2.8930000e+002 -2.4680000e+000  1.0000000e-003
  1.6016000e+004  2.8820000e+002 -2.4680000e+000  1.0000000e-003
  1.6036000e+004  2.8740000e+002 -2.4680000e+000  1.0000000e-003
  1.6056000e+004  2.8610000e+002 -2.4690000e+000  1.0000000e-003
  1.6076000e+004  2.8470000e+002 -2.4690000e+000  1.0000000e-003
  1.6096000e+004  2.8370000e+002 -2.4690000e+000  1.0000000e-003
  1.6116000e+004  2.8280000e+002 -2.4690000e+000  1.0000000e-003
  1.6136000e+004  2.8140000e+002 -2.4690000e+000  1.0000000e-003
  1.6156000e+004  2.8050000e+002 -2.4690000e+000  1.0000000e-003
  1.6176000e+004  2.7930000e+002 -2.4690000e+000  1.0000000e-003
  1.6196000e+004  2.7810000e+002 -2.4690000e+000  1.0000000e-003
  1.6216000e+004  2.7700000e+002 -2.4690000e+000  1.0000000e-003
  1.6236000e+004  2.7600000e+002 -2.4700000e+000  1.0000000e-003
  1.6256000e+004  2.7490000e+002 -2.4700000e+000  1.0000000e-003
  1.6276000e+004  2.7390000e+002 -2.4700000e+000  1.0000000e-003
  1.6296000e+004  2.7320000e+002 -2.4700000e+000  1.0000000e-003
  1.6316000e+004  2.7210000e+002 -2.4700000e+000  1.0000000e-003
  1.6337000e+004  2.7090000e+002 -2.4700000e+000  1.0000000e-003
  1.6357000e+004  2.6990000e+002 -2.4700000e+000  1.0000000e-003
  1.6379000e+004  2.6860000e+002 -2.4700000e+000  1.0000000e-003
  1.6403000e+004  2.6710000e+002 -2.4700000e+000  1.0000000e-003
  1.6423000e+004  2.6640000e+002 -2.4700000e+000  1.0000000e-003
  1.6443000e+004  2.6500000e+002 -2.4700000e+000  1.0000000e-003
  1.6463000e+004  2.6390000e+002 -2.4700000e+000  1.0000000e-003
  1.6483000e+004  2.6290000e+002 -2.4710000e+000  1.0000000e-003
  1.6503000e+004  2.6200000e+002 -2.4710000e+000  1.0000000e-003
  1.6523000e+004  2.6060000e+002 -2.4710000e+000  1.0000000e-003
  1.6543000e+004  2.5950000e+002 -2.4710000e+000  1.0000000e-003
  1.6563000e+004  2.5860000e+002 -2.4710000e+000  1.0000000e-003
  1.6583000e+004  2.5760000e+002 -2.4710000e+000  1.0000000e-003
  1.6603000e+004  2.5620000e+002 -2.4710000e+000  1.0000000e-003
  1.6623000e+004  2.5530000e+002 -2.4710000e+000  1.0000000e-003
  1.6643000e+004  2.5430000e+002 -2.4710000e+000  1.0000000e-003
  1.6663000e+004  2.5310000e+002 -2.4710000e+000  1.0000000e-003
  1.6683000e+004  2.5250000e+002 -2.4710000e+000  1.0000000e-003
  1.6703000e+004  2.5090000e+002 -2.4710000e+000  1.0000000e-003
  1.6724000e+004  2.4990000e+002 -2.4710000e+000  1.0000000e-003
  1.6748000e+004  2.4890000e+002 -2.4710000e+000  1.0000000e-003
  1.6768000e+004  2.4780000e+002 -2.4720000e+000  1.0000000e-003
  1.6788000e+004  2.4690000e+002 -2.4720000e+000  1.0000000e-003
  1.6808000e+004  2.4610000e+002 -2.4720000e+000  1.0000000e-003
  1.6829000e+004  2.4480000e+002 -2.4720000e+000  1.0000000e-003
  1.6849000e+004  2.4390000e+002 -2.4720000e+000  1.0000000e-003
  1.6873000e+004  2.4250000e+002 -2.4720000e+000  1.0000000e-003
  1.6893000e+004  2.4150000e+002 -2.4720000e+000  1.0000000e-003
  1.6913000e+004  2.4030000e+002 -2.4720000e+000  1.0000000e-003
  1.6933000e+004  2.3970000e+002 -2.4720000e+000  1.0000000e-003
  1.6953000e+004  2.3870000e+002 -2.4720000e+000  1.0000000e-003
  1.6973000e+004  2.3770000e+002 -2.4720000e+000  1.0000000e-003
  1.6993000e+004  2.3660000e+002 -2.4720000e+000  1.0000000e-003
  1.7013000e+004  2.3570000e+002 -2.4730000e+000  1.0000000e-003
  1.7033000e+004  2.3470000e+002 -2.4730000e+000  1.0000000e-003
  1.7053000e+004  2.3380000e+002 -2.4730000e+000  1.0000000e-003
  1.7073000e+004  2.3280000e+002 -2.4730000e+000  1.0000000e-003
  1.7093000e+004  2.3190000e+002 -2.4730000e+000  1.0000000e-003
  1.7113000e+004  2.3060000e+002 -2.4730000e+000  1.0000000e-003
  1.7133000e+004  2.3000000e+002 -2.4730000e+000  1.0000000e-003
  1.7153000e+004  2.2910000e+002 -2.4730000e+000  1.0000000e-003
  1.7173000e+004  2.2800000e+002 -2.4730000e+000  1.0000000e-003
  1.7193000e+004  2.2680000e+002 -2.4730000e+000  1.0000000e-003
  1.7213000e+004  2.2590000e+002 -2.4730000e+000  1.0000000e-003
  1.7233000e+004  2.2470000e+002 -2.4730000e+000  1.0000000e-003
  1.7253000e+004  2.2420000e+002 -2.4730000e+000  1.0000000e-003
  1.7273000e+004  2.2350000e+002 -2.4730000e+000  1.0000000e-003
  1.7293000e+004  2.2240000e+002 -2.4730000e+000  1.0000000e-003
  1.7313000e+004  2.2150000e+002 -2.4740000e+000  1.0000000e-003
  1.7333000e+004  2.2070000e+002 -2.4740000e+000  1.0000000e-003
  1.7353000e+004  2.1950000e+002 -2.4740000e+000  1.0000000e-003
  1.7374000e+004  2.1930000e+002 -2.4740000e+000  1.0000000e-003
  1.7398000e+004  2.1790000e+002 -2.4740000e+000  1.0000000e-003
  1.7418000e+004  2.1680000e+002 -2.4740000e+000  1.0000000e-003
  1.7438000e+004  2.1610000e+002 -2.4740000e+000  1.0000000e-003
  1.7458000e+004  2.1530000e+002 -2.4740000e+000  1.0000000e-003
  1.7478000e+004  2.1440000e+002 -2.4740000e+000  1.0000000e-003
  1.7498000e+004  2.1370000e+002 -2.4740000e+000  1.0000000e-003
  1.7519000e+004  2.1260000e+002 -2.4740000e+000  1.0000000e-003
  1.7539000e+004  2.1140000e+002 -2.4740000e+000  1.0000000e-003
  1.7559000e+004  2.1070000e+002 -2.4740000e+000  1.0000000e-003
  1.7579000e+004  2.1000000e+002 -2.4740000e+000  1.0000000e-003
  1.7599000e+004  2.0890000e+002 -2.4750000e+000  1.0000000e-003
  1.7619000e+004  2.0810000e+002 -2.4750000e+000  1.0000000e-003
  1.7639000e+004  2.0720000e+002 -2.4750000e+000  1.0000000e-003
  1.7659000e+004  2.0650000e+002 -2.4750000e+000  1.0000000e-003
  1.7679000e+004  2.0580000e+002 -2.4750000e+000  1.0000000e-003
  1.7699000e+004  2.0490000e+002 -2.4750000e+000  1.0000000e-003
  1.7719000e+004  2.0410000e+002 -2.4750000e+000  1.0000000e-003
  1.7739000e+004  2.0300000e+002 -2.4750000e+000  1.0000000e-003
  1.7759000e+004  2.0230000e+002 -2.4750000e+000  1.0000000e-003
  1.7779000e+004  2.0140000e+002 -2.4750000e+000  1.0000000e-003
  1.7799000e+004  2.0040000e+002 -2.4750000e+000  1.0000000e-003
  1.7819000e+004  1.9990000e+002 -2.4750000e+000  1.0000000e-003
  1.7839000e+004  1.9860000e+002 -2.4750000e+000  1.0000000e-003
  1.7859000e+004  1.9790000e+002 -2.4760000e+000  1.0000000e-003
  1.7880000e+004  1.9710000e+002 -2.4760000e+000  1.0000000e-003
  1.7904000e+004  1.9580000e+002 -2.4760000e+000  1.0000000e-003
  1.7924000e+004  1.9550000e+002 -2.4760000e+000  1.0000000e-003
  1.7944000e+004  1.9440000e+002 -2.4760000e+000  1.0000000e-003
  1.7964000e+004  1.9360000e+002 -2.4760000e+000  1.0000000e-003
  1.7984000e+004  1.9290000e+002 -2.4760000e+000  1.0000000e-003
  1.8004000e+004  1.9230000e+002 -2.4760000e+000  1.0000000e-003
  1.8024000e+004  1.9130000e+002 -2.4760000e+000  1.0000000e-003
  1.8044000e+004  1.9060000e+002 -2.4760000e+000  1.0000000e-003
  1.8064000e+004  1.8930000e+002 -2.4760000e+000  1.0000000e-003
  1.8084000e+004  1.8880000e+002 -2.4760000e+000  1.0000000e-003
  1.8105000e+004  1.8810000e+002 -2.4770000e+000  1.0000000e-003
  1.8125000e+004  1.8730000e+002 -2.4770000e+000  1.0000000e-003
  1.8145000e+004  1.8620000e+002 -2.4770000e+000  1.0000000e-003
  1.8165000e+004  1.8550000e+002 -2.4770000e+000  1.0000000e-003
  1.8185000e+004  1.8480000e+002 -2.4770000e+000  1.0000000e-003
  1.8205000e+004  1.8390000e+002 -2.4770000e+000  1.0000000e-003
  1.8226000e+004  1.8340000e+002 -2.4770000e+000  1.0000000e-003
  1.8246000e+004  1.8230000e+002 -2.4770000e+000  1.0000000e-003
  1.8266000e+004  1.8150000e+002 -2.4770000e+000  1.0000000e-003
  1.8286000e+004  1.8080000e+002 -2.4770000e+000  1.0000000e-003
  1.8306000e+004  1.7990000e+002 -2.4770000e+000  1.0000000e-003
  1.8326000e+004  1.7940000e+002 -2.4770000e+000  1.0000000e-003
  1.8346000e+004  1.7830000e+002 -2.4770000e+000  1.0000000e-003
  1.8366000e+004  1.7780000e+002 -2.4770000e+000  1.0000000e-003
  1.8386000e+004  1.7690000e+002 -2.4780000e+000  1.0000000e-003
  1.8406000e+004  1.7620000e+002 -2.4780000e+000  1.0000000e-003
  1.8426000e+004  1.7570000e+002 -2.4780000e+000  1.0000000e-003
  1.8446000e+004  1.7460000e+002 -2.4780000e+000  1.0000000e-003
  1.8466000e+004  1.7360000e+002 -2.4780000e+000  1.0000000e-003
  1.8486000e+004  1.7330000e+002 -2.4780000e+000  1.0000000e-003
  1.8506000e+004  1.7240000e+002 -2.4780000e+000  1.0000000e-003
  1.8527000e+004  1.7180000e+002 -2.4780000e+000  1.0000000e-003
  1.8547000e+004  1.7110000e+002 -2.4780000e+000  1.0000000e-003
  1.8567000e+004  1.7030000e+002 -2.4780000e+000  1.0000000e-003
  1.8587000e+004  1.6940000e+002 -2.4780000e+000  1.0000000e-003
  1.8607000e+004  1.6890000e+002 -2.4780000e+000  1.0000000e-003
  1.8627000e+004  1.6820000e+002 -2.4790000e+000  1.0000000e-003
  1.8647000e+004  1.6760000e+002 -2.4790000e+000  1.0000000e-003
  1.8667000e+004  1.6710000e+002 -2.4790000e+000  1.0000000e-003
  1.8687000e+004  1.6630000e+002 -2.4790000e+000  1.0000000e-003
  1.8707000e+004  1.6560000e+002 -2.4790000e+000  1.0000000e-003
  1.8728000e+004  1.6490000e+002 -2.4790000e+000  1.0000000e-003
  1.8748000e+004  1.6410000e+002 -2.4790000e+000  1.0000000e-003
  1.8768000e+004  1.6360000e+002 -2.4790000e+000  1.0000000e-003
  1.8788000e+004  1.6280000e+002 -2.4790000e+000  1.0000000e-003
  1.8808000e+004  1.6220000e+002 -2.4790000e+000  1.0000000e-003
  1.8828000e+004  1.6150000e+002 -2.4790000e+000  1.0000000e-003
  1.8848000e+004  1.6080000e+002 -2.4790000e+000  1.0000000e-003
  1.8868000e+004  1.6000000e+002 -2.4790000e+000  1.0000000e-003
  1.8888000e+004  1.5930000e+002 -2.4790000e+000  1.0000000e-003
  1.8908000e+004  1.5870000e+002 -2.4790000e+000  1.0000000e-003
  1.8928000e+004  1.5800000e+002 -2.4790000e+000  1.0000000e-003
  1.8948000e+004  1.5710000e+002 -2.4790000e+000  1.0000000e-003
  1.8969000e+004  1.5680000e+002 -2.4800000e+000  1.0000000e-003
  1.8990000e+004  1.5590000e+002 -2.4800000e+000  1.0000000e-003
  1.9014000e+004  1.5500000e+002 -2.4800000e+000  1.0000000e-003
  1.9034000e+004  1.5450000e+002 -2.4800000e+000  1.0000000e-003
  1.9054000e+004  1.5400000e+002 -2.4800000e+000  1.0000000e-003
  1.9074000e+004  1.5330000e+002 -2.4800000e+000  1.0000000e-003
  1.9094000e+004  1.5260000e+002 -2.4800000e+000  1.0000000e-003
  1.9114000e+004  1.5170000e+002 -2.4800000e+000  1.0000000e-003
  1.9134000e+004  1.5140000e+002 -2.4800000e+000  1.0000000e-003
  1.9154000e+004  1.5050000e+002 -2.4800000e+000  1.0000000e-003
  1.9174000e+004  1.4980000e+002 -2.4800000e+000  1.0000000e-003
  1.9194000e+004  1.4960000e+002 -2.4800000e+000  1.0000000e-003
  1.9214000e+004  1.4860000e+002 -2.4800000e+000  1.0000000e-003
  1.9234000e+004  1.4810000e+002 -2.4800000e+000  1.0000000e-003
  1.9254000e+004  1.4740000e+002 -2.4800000e+000  1.0000000e-003
  1.9274000e+004  1.4670000e+002 -2.4800000e+000  1.0000000e-003
  1.9294000e+004  1.4600000e+002 -2.4810000e+000  1.0000000e-003
  1.9314000e+004  1.4540000e+002 -2.4810000e+000  1.0000000e-003
  1.9334000e+004  1.4460000e+002 -2.4810000e+000  1.0000000e-003
  1.9354000e+004  1.4440000e+002 -2.4810000e+000  1.0000000e-003
  1.9374000e+004  1.4330000e+002 -2.4810000e+000  1.0000000e-003
  1.9395000e+004  1.4280000e+002 -2.4810000e+000  1.0000000e-003
  1.9419000e+004  1.4210000e+002 -2.4810000e+000  1.0000000e-003
  1.9439000e+004  1.4140000e+002 -2.4810000e+000  1.0000000e-003
  1.9459000e+004  1.4090000e+002 -2.4810000e+000  1.0000000e-003
  1.9479000e+004  1.4050000e+002 -2.4810000e+000  1.0000000e-003
  1.9499000e+004  1.3980000e+002 -2.4810000e+000  1.0000000e-003
  1.9519000e+004  1.3930000e+002 -2.4810000e+000  1.0000000e-003
  1.9539000e+004  1.3840000e+002 -2.4810000e+000  1.0000000e-003
  1.9561000e+004  1.3790000e+002 -2.4810000e+000  1.0000000e-003
  1.9585000e+004  1.3740000e+002 -2.4810000e+000  1.0000000e-003
  1.9605000e+004  1.3700000e+002 -2.4810000e+000  1.0000000e-003
  1.9625000e+004  1.3620000e+002 -2.4810000e+000  1.0000000e-003
  1.9645000e+004  1.3540000e+002 -2.4810000e+000  1.0000000e-003
  1.9665000e+004  1.3490000e+002 -2.4810000e+000  1.0000000e-003
  1.9685000e+004  1.3410000e+002 -2.4810000e+000  1.0000000e-003
  1.9705000e+004  1.3390000e+002 -2.4810000e+000  1.0000000e-003
  1.9725000e+004  1.3340000e+002 -2.4820000e+000  1.0000000e-003
  1.9745000e+004  1.3270000e+002 -2.4820000e+000  1.0000000e-003
  1.9765000e+004  1.3190000e+002 -2.4820000e+000  1.0000000e-003
  1.9785000e+004  1.3130000e+002 -2.4820000e+000  1.0000000e-003
  1.9805000e+004  1.3090000e+002 -2.4820000e+000  1.0000000e-003
  1.9825000e+004  1.3060000e+002 -2.4820000e+000  1.0000000e-003
  1.9845000e+004  1.2970000e+002 -2.4820000e+000  1.0000000e-003
  1.9865000e+004  1.2910000e+002 -2.4820000e+000  1.0000000e-003
  1.9885000e+004  1.2840000e+002 -2.4820000e+000  1.0000000e-003
  1.9905000e+004  1.2830000e+002 -2.4820000e+000  1.0000000e-003
  1.9925000e+004  1.2760000e+002 -2.4820000e+000  1.0000000e-003
  1.9945000e+004  1.2710000e+002 -2.4820000e+000  1.0000000e-003
  1.9965000e+004  1.2630000e+002 -2.4820000e+000  1.0000000e-003
  1.9985000e+004  1.2570000e+002 -2.4820000e+000  1.0000000e-003
  2.0005000e+004  1.2510000e+002 -2.4820000e+000  1.0000000e-003
  2.0025000e+004  1.2480000e+002 -2.4820000e+000  1.0000000e-003
  2.0045000e+004  1.2430000e+002 -2.4820000e+000  1.0000000e-003
  2.0065000e+004  1.2360000e+002 -2.4820000e+000  1.0000000e-003
  2.0085000e+004  1.2280000e+002 -2.4820000e+000  1.0000000e-003
  2.0105000e+004  1.2270000e+002 -2.4820000e+000  1.0000000e-003
  2.0125000e+004  1.2200000e+002 -2.4820000e+000  1.0000000e-003
  2.0145000e+004  1.2160000e+002 -2.4820000e+000  1.0000000e-003
  2.0165000e+004  1.2130000e+002 -2.4830000e+000  1.0000000e-003
  2.0185000e+004  1.2040000e+002 -2.4830000e+000  1.0000000e-003
  2.0205000e+004  1.1990000e+002 -2.4830000e+000  1.0000000e-003
  2.0225000e+004  1.1950000e+002 -2.4830000e+000  1.0000000e-003
  2.0245000e+004  1.1900000e+002 -2.4830000e+000  1.0000000e-003
  2.0265000e+004  1.1850000e+002 -2.4830000e+000  1.0000000e-003
  2.0285000e+004  1.1810000e+002 -2.4830000e+000  1.0000000e-003
  2.0305000e+004  1.1760000e+002 -2.4830000e+000  1.0000000e-003
  2.0325000e+004  1.1690000e+002 -2.4830000e+000  1.0000000e-003
  2.0345000e+004  1.1650000e+002 -2.4830000e+000  1.0000000e-003
  2.0365000e+004  1.1600000e+002 -2.4830000e+000  1.0000000e-003
  2.0386000e+004  1.1530000e+002 -2.4830000e+000  1.0000000e-003
  2.0410000e+004  1.1480000e+002 -2.4830000e+000  1.0000000e-003
  2.0430000e+004  1.1410000e+002 -2.4830000e+000  1.0000000e-003
  2.0450000e+004  1.1390000e+002 -2.4830000e+000  1.0000000e-003
  2.0470000e+004  1.1360000e+002 -2.4830000e+000  1.0000000e-003
  2.0490000e+004  1.1300000e+002 -2.4830000e+000  1.0000000e-003
  2.0510000e+004  1.1230000e+002 -2.4830000e+000  1.0000000e-003
  2.0530000e+004  1.1200000e+002 -2.4830000e+000  1.0000000e-003
  2.0550000e+004  1.1180000e+002 -2.4830000e+000  1.0000000e-003
  2.0570000e+004  1.1090000e+002 -2.4830000e+000  1.0000000e-003
  2.0591000e+004  1.1080000e+002 -2.4840000e+000  1.0000000e-003
  2.0615000e+004  1.1030000e+002 -2.4840000e+000  1.0000000e-003
  2.0636000e+004  1.0990000e+002 -2.4840000e+000  1.0000000e-003
  2.0660000e+004  1.0940000e+002 -2.4840000e+000  1.0000000e-003
  2.0680000e+004  1.0880000e+002 -2.4840000e+000  1.0000000e-003
  2.0700000e+004  1.0850000e+002 -2.4840000e+000  1.0000000e-003
  2.0720000e+004  1.0800000e+002 -2.4840000e+000  1.0000000e-003
  2.0741000e+004  1.0740000e+002 -2.4840000e+000  1.0000000e-003
  2.0761000e+004  1.0690000e+002 -2.4840000e+000  1.0000000e-003
  2.0781000e+004  1.0660000e+002 -2.4840000e+000  1.0000000e-003
  2.0801000e+004  1.0640000e+002 -2.4840000e+000  1.0000000e-003
  2.0821000e+004  1.0600000e+002 -2.4840000e+000  1.0000000e-003
  2.0841000e+004  1.0500000e+002 -2.4840000e+000  1.0000000e-003
  2.0861000e+004  1.0480000e+002 -2.4840000e+000  1.0000000e-003
  2.0881000e+004  1.0470000e+002 -2.4840000e+000  1.0000000e-003
  2.0901000e+004  1.0430000e+002 -2.4840000e+000  1.0000000e-003
  2.0921000e+004  1.0380000e+002 -2.4840000e+000  1.0000000e-003
  2.0941000e+004  1.0310000e+002 -2.4840000e+000  1.0000000e-003
  2.0961000e+004  1.0270000e+002 -2.4840000e+000  1.0000000e-003
  2.0981000e+004  1.0200000e+002 -2.4840000e+000  1.0000000e-003
  2.1001000e+004  1.0150000e+002 -2.4840000e+000  1.0000000e-003
  2.1021000e+004  1.0120000e+002 -2.4840000e+000  1.0000000e-003
  2.1041000e+004  1.0100000e+002 -2.4840000e+000  1.0000000e-003
  2.1061000e+004  1.0030000e+002 -2.4840000e+000  1.0000000e-003
  2.1081000e+004  9.9900000e+001 -2.4840000e+000  1.0000000e-003
  2.1101000e+004  9.9400000e+001 -2.4850000e+000  1.0000000e-003
  2.1121000e+004  9.9200000e+001 -2.4850000e+000  1.0000000e-003
  2.1141000e+004  9.8300000e+001 -2.4850000e+000  1.0000000e-003
  2.1161000e+004  9.7800000e+001 -2.4850000e+000  1.0000000e-003
  2.1181000e+004  9.7600000e+001 -2.4850000e+000  1.0000000e-003
  2.1201000e+004  9.7300000e+001 -2.4850000e+000  1.0000000e-003
  2.1221000e+004  9.6900000e+001 -2.4850000e+000  1.0000000e-003
  2.1241000e+004  9.6400000e+001 -2.4850000e+000  1.0000000e-003
  2.1261000e+004  9.6100000e+001 -2.4850000e+000  1.0000000e-003
  2.1281000e+004  9.5400000e+001 -2.4850000e+000  1.0000000e-003
  2.1301000e+004  9.5000000e+001 -2.4850000e+000  1.0000000e-003
  2.1321000e+004  9.4800000e+001 -2.4850000e+000  1.0000000e-003
  2.1341000e+004  9.4300000e+001 -2.4850000e+000  1.0000000e-003
  2.1361000e+004  9.4200000e+001 -2.4850000e+000  1.0000000e-003
  2.1382000e+004  9.3500000e+001 -2.4850000e+000  1.0000000e-003
  2.1402000e+004  9.3100000e+001 -2.4850000e+000  1.0000000e-003
  2.1426000e+004  9.2600000e+001 -2.4850000e+000  1.0000000e-003
  2.1446000e+004  9.2100000e+001 -2.4850000e+000  1.0000000e-003
  2.1466000e+004  9.1700000e+001 -2.4850000e+000  1.0000000e-003
  2.1486000e+004  9.1200000e+001 -2.4850000e+000  1.0000000e-003
  2.1507000e+004  9.0600000e+001 -2.4850000e+000  1.0000000e-003
  2.1527000e+004  9.0600000e+001 -2.4850000e+000  1.0000000e-003
  2.1548000e+004  9.0100000e+001 -2.4850000e+000  1.0000000e-003
  2.1572000e+004  8.9300000e+001 -2.4850000e+000  1.0000000e-003
  2.1594000e+004  8.9300000e+001 -2.4860000e+000  1.0000000e-003
  2.1618000e+004  8.8600000e+001 -2.4860000e+000  1.0000000e-003
  2.1639000e+004  8.8400000e+001 -2.4860000e+000  1.0000000e-003
  2.1659000e+004  8.8000000e+001 -2.4860000e+000  1.0000000e-003
  2.1679000e+004  8.7700000e+001 -2.4860000e+000  1.0000000e-003
  2.1699000e+004  8.7200000e+001 -2.4860000e+000  1.0000000e-003
  2.1720000e+004  8.7000000e+001 -2.4860000e+000  1.0000000e-003
  2.1740000e+004  8.6500000e+001 -2.4860000e+000  1.0000000e-003
  2.1764000e+004  8.5900000e+001 -2.4860000e+000  1.0000000e-003
  2.1784000e+004  8.5400000e+001 -2.4860000e+000  1.0000000e-003
  2.1804000e+004  8.5600000e+001 -2.4860000e+000  1.0000000e-003
  2.1824000e+004  8.4900000e+001 -2.4860000e+000  1.0000000e-003
  2.1844000e+004  8.4500000e+001 -2.4860000e+000  1.0000000e-003
  2.1864000e+004  8.4300000e+001 -2.4860000e+000  1.0000000e-003
  2.1884000e+004  8.3800000e+001 -2.4860000e+000  1.0000000e-003
  2.1905000e+004  8.3500000e+001 -2.4860000e+000  1.0000000e-003
  2.1929000e+004  8.3100000e+001 -2.4860000e+000  1.0000000e-003
  2.1949000e+004  8.2800000e+001 -2.4860000e+000  1.0000000e-003
  2.1969000e+004  8.2600000e+001 -2.4860000e+000  1.0000000e-003
  2.1989000e+004  8.2100000e+001 -2.4860000e+000  1.0000000e-003
  2.2009000e+004  8.1900000e+001 -2.4860000e+000  1.0000000e-003
  2.2029000e+004  8.1400000e+001 -2.4860000e+000  1.0000000e-003
  2.2051000e+004  8.1200000e+001 -2.4860000e+000  1.0000000e-003
  2.2075000e+004  8.0700000e+001 -2.4860000e+000  1.0000000e-003
  2.2095000e+004  8.0300000e+001 -2.4860000e+000  1.0000000e-003
  2.2115000e+004  8.0200000e+001 -2.4860000e+000  1.0000000e-003
  2.2135000e+004  7.9800000e+001 -2.4870000e+000  1.0000000e-003
  2.2155000e+004  7.9500000e+001 -2.4870000e+000  1.0000000e-003
  2.2176000e+004  7.9100000e+001 -2.4870000e+000  1.0000000e-003
  2.2196000e+004  7.8600000e+001 -2.4870000e+000  1.0000000e-003
  2.2216000e+004  7.8800000e+001 -2.4870000e+000  1.0000000e-003
  2.2236000e+004  7.7900000e+001 -2.4870000e+000  1.0000000e-003
  2.2256000e+004  7.8000000e+001 -2.4870000e+000  1.0000000e-003
  2.2276000e+004  7.7700000e+001 -2.4870000e+000  1.0000000e-003
  2.2296000e+004  7.7300000e+001 -2.4870000e+000  1.0000000e-003
  2.2316000e+004  7.6800000e+001 -2.4870000e+000  1.0000000e-003
  2.2336000e+004  7.6700000e+001 -2.4870000e+000  1.0000000e-003
  2.2356000e+004  7.6500000e+001 -2.4870000e+000  1.0000000e-003
  2.2376000e+004  7.6100000e+001 -2.4870000e+000  1.0000000e-003
  2.2396000e+004  7.5600000e+001 -2.4870000e+000  1.0000000e-003
  2.2416000e+004  7.5300000e+001 -2.4870000e+000  1.0000000e-003
  2.2436000e+004  7.4900000e+001 -2.4870000e+000  1.0000000e-003
  2.2456000e+004  7.4700000e+001 -2.4870000e+000  1.0000000e-003
  2.2476000e+004  7.4600000e+001 -2.4870000e+000  1.0000000e-003
  2.2496000e+004  7.4400000e+001 -2.4870000e+000  1.0000000e-003
  2.2516000e+004  7.4000000e+001 -2.4870000e+000  1.0000000e-003
  2.2536000e+004  7.3700000e+001 -2.4870000e+000  1.0000000e-003
  2.2556000e+004  7.3500000e+001 -2.4870000e+000  1.0000000e-003
  2.2577000e+004  7.2800000e+001 -2.4870000e+000  1.0000000e-003
  2.2598000e+004  7.2800000e+001 -2.4870000e+000  1.0000000e-003
  2.2622000e+004  7.2600000e+001 -2.4870000e+000  1.0000000e-003
  2.2643000e+004  7.2100000e+001 -2.4870000e+000  1.0000000e-003
  2.2664000e+004  7.1900000e+001 -2.4870000e+000  1.0000000e-003
  2.2687000e+004  7.1200000e+001 -2.4870000e+000  1.0000000e-003
  2.2707000e+004  7.1000000e+001 -2.4870000e+000  1.0000000e-003
  2.2727000e+004  7.0700000e+001 -2.4870000e+000  1.0000000e-003
  2.2747000e+004  7.0300000e+001 -2.4870000e+000  1.0000000e-003
  2.2768000e+004  7.0300000e+001 -2.4870000e+000  1.0000000e-003
  2.2788000e+004  7.0000000e+001 -2.4870000e+000  1.0000000e-003
  2.2812000e+004  6.9500000e+001 -2.4880000e+000  1.0000000e-003
  2.2832000e+004  6.9300000e+001 -2.4880000e+000  1.0000000e-003
  2.2853000e+004  6.9300000e+001 -2.4880000e+000  1.0000000e-003
  2.2877000e+004  6.8600000e+001 -2.4880000e+000  1.0000000e-003
  2.2898000e+004  6.8400000e+001 -2.4880000e+000  1.0000000e-003
  2.2918000e+004  6.8100000e+001 -2.4880000e+000  1.0000000e-003
  2.2938000e+004  6.7900000e+001 -2.4880000e+000  1.0000000e-003
  2.2962000e+004  6.7400000e+001 -2.4880000e+000  1.0000000e-003
  2.2983000e+004  6.7000000e+001 -2.4880000e+000  1.0000000e-003
  2.3007000e+004  6.7000000e+001 -2.4880000e+000  1.0000000e-003
  2.3028000e+004  6.7000000e+001 -2.4880000e+000  1.0000000e-003
  2.3048000e+004  6.6300000e+001 -2.4880000e+000  1.0000000e-003
  2.3068000e+004  6.6200000e+001 -2.4880000e+000  1.0000000e-003
  2.3088000e+004  6.6000000e+001 -2.4880000e+000  1.0000000e-003
  2.3108000e+004  6.5800000e+001 -2.4880000e+000  1.0000000e-003
  2.3128000e+004  6.5300000e+001 -2.4880000e+000  1.0000000e-003
  2.3148000e+004  6.5400000e+001 -2.4880000e+000  1.0000000e-003
  2.3168000e+004  6.4800000e+001 -2.4880000e+000  1.0000000e-003
  2.3188000e+004  6.4800000e+001 -2.4880000e+000  1.0000000e-003
  2.3208000e+004  6.4600000e+001 -2.4880000e+000  1.0000000e-003
  2.3228000e+004  6.4200000e+001 -2.4880000e+000  1.0000000e-003
  2.3248000e+004  6.4200000e+001 -2.4880000e+000  1.0000000e-003
  2.3269000e+004  6.3700000e+001 -2.4880000e+000  1.0000000e-003
  2.3293000e+004  6.3500000e+001 -2.4880000e+000  1.0000000e-003
  2.3313000e+004  6.3200000e+001 -2.4880000e+000  1.0000000e-003
  2.3333000e+004  6.3200000e+001 -2.4880000e+000  1.0000000e-003
  2.3353000e+004  6.2800000e+001 -2.4880000e+000  1.0000000e-003
  2.3373000e+004  6.2500000e+001 -2.4880000e+000  1.0000000e-003
  2.3393000e+004  6.2300000e+001 -2.4880000e+000  1.0000000e-003
  2.3413000e+004  6.1800000e+001 -2.4880000e+000  1.0000000e-003
  2.3433000e+004  6.1800000e+001 -2.4880000e+000  1.0000000e-003
  2.3453000e+004  6.1400000e+001 -2.4880000e+000  1.0000000e-003
  2.3475000e+004  6.1100000e+001 -2.4880000e+000  1.0000000e-003
  2.3495000e+004  6.0700000e+001 -2.4880000e+000  1.0000000e-003
  2.3515000e+004  6.0700000e+001 -2.4880000e+000  1.0000000e-003
  2.3535000e+004  6.0400000e+001 -2.4880000e+000  1.0000000e-003
  2.3555000e+004  5.9900000e+001 -2.4880000e+000  1.0000000e-003
  2.3575000e+004  5.9900000e+001 -2.4880000e+000  1.0000000e-003
  2.3595000e+004  5.9900000e+001 -2.4880000e+000  1.0000000e-003
  2.3615000e+004  5.9700000e+001 -2.4890000e+000  1.0000000e-003
  2.3635000e+004  5.9200000e+001 -2.4890000e+000  1.0000000e-003
  2.3655000e+004  5.8800000e+001 -2.4890000e+000  1.0000000e-003
  2.3675000e+004  5.8600000e+001 -2.4890000e+000  1.0000000e-003
  2.3695000e+004  5.8600000e+001 -2.4890000e+000  1.0000000e-003
  2.3715000e+004  5.8400000e+001 -2.4890000e+000  1.0000000e-003
  2.3735000e+004  5.7900000e+001 -2.4890000e+000  1.0000000e-003
  2.3755000e+004  5.7800000e+001 -2.4890000e+000  1.0000000e-003
  2.3775000e+004  5.7600000e+001 -2.4890000e+000  1.0000000e-003
  2.3795000e+004  5.7400000e+001 -2.4890000e+000  1.0000000e-003
  2.3815000e+004  5.7000000e+001 -2.4890000e+000  1.0000000e-003
  2.3835000e+004  5.6900000e+001 -2.4890000e+000  1.0000000e-003
  2.3855000e+004  5.6700000e+001 -2.4890000e+000  1.0000000e-003
  2.3875000e+004  5.6400000e+001 -2.4890000e+000  1.0000000e-003
  2.3895000e+004  5.6200000e+001 -2.4890000e+000  1.0000000e-003
  2.3915000e+004  5.5800000e+001 -2.4890000e+000  1.0000000e-003
  2.3935000e+004  5.5500000e+001 -2.4890000e+000  1.0000000e-003
  2.3955000e+004  5.5500000e+001 -2.4890000e+000  1.0000000e-003
  2.3976000e+004  5.5300000e+001 -2.4890000e+000  1.0000000e-003
  2.3996000e+004  5.5100000e+001 -2.4890000e+000  1.0000000e-003
  2.4016000e+004  5.5000000e+001 -2.4890000e+000  1.0000000e-003
  2.4036000e+004  5.4800000e+001 -2.4890000e+000  1.0000000e-003
  2.4056000e+004  5.4300000e+001 -2.4890000e+000  1.0000000e-003
  2.4076000e+004  5.4300000e+001 -2.4890000e+000  1.0000000e-003
  2.4096000e+004  5.4300000e+001 -2.4890000e+000  1.0000000e-003
  2.4117000e+004  5.3900000e+001 -2.4890000e+000  1.0000000e-003
  2.4142000e+004  5.3700000e+001 -2.4890000e+000  1.0000000e-003
  2.4162000e+004  5.3400000e+001 -2.4890000e+000  1.0000000e-003
  2.4183000e+004  5.3000000e+001 -2.4890000e+000  1.0000000e-003
  2.4207000e+004  5.3000000e+001 -2.4890000e+000  1.0000000e-003
  2.4227000e+004  5.2700000e+001 -2.4890000e+000  1.0000000e-003
  2.4247000e+004  5.2500000e+001 -2.4890000e+000  1.0000000e-003
  2.4268000e+004  5.2500000e+001 -2.4890000e+000  1.0000000e-003
  2.4288000e+004  5.2100000e+001 -2.4890000e+000  1.0000000e-003
  2.4308000e+004  5.2000000e+001 -2.4890000e+000  1.0000000e-003
  2.4328000e+004  5.1600000e+001 -2.4890000e+000  1.0000000e-003
  2.4348000e+004  5.1600000e+001 -2.4890000e+000  1.0000000e-003
  2.4368000e+004  5.1300000e+001 -2.4890000e+000  1.0000000e-003
  2.4389000e+004  5.1300000e+001 -2.4890000e+000  1.0000000e-003
  2.4414000e+004  5.0900000e+001 -2.4890000e+000  1.0000000e-003
  2.4438000e+004  5.0800000e+001 -2.4890000e+000  1.0000000e-003
  2.4458000e+004  5.0400000e+001 -2.4890000e+000  1.0000000e-003
  2.4478000e+004  5.0000000e+001 -2.4890000e+000  1.0000000e-003
  2.4498000e+004  5.0200000e+001 -2.4890000e+000  1.0000000e-003
  2.4518000e+004  5.0000000e+001 -2.4890000e+000  1.0000000e-003
  2.4538000e+004  4.9900000e+001 -2.4890000e+000  1.0000000e-003
  2.4558000e+004  4.9500000e+001 -2.4890000e+000  1.0000000e-003
  2.4578000e+004  4.9200000e+001 -2.4890000e+000  1.0000000e-003
  2.4598000e+004  4.9200000e+001 -2.4890000e+000  1.0000000e-003
  2.4618000e+004  4.9200000e+001 -2.4890000e+000  1.0000000e-003
  2.4638000e+004  4.8600000e+001 -2.4890000e+000  1.0000000e-003
  2.4658000e+004  4.8800000e+001 -2.4890000e+000  1.0000000e-003
  2.4678000e+004  4.8500000e+001 -2.4890000e+000  1.0000000e-003
  2.4698000e+004  4.8500000e+001 -2.4900000e+000  1.0000000e-003
  2.4718000e+004  4.8500000e+001 -2.4900000e+000  1.0000000e-003
  2.4738000e+004  4.8100000e+001 -2.4900000e+000  1.0000000e-003
  2.4758000e+004  4.8300000e+001 -2.4900000e+000  1.0000000e-003
  2.4778000e+004  4.8100000e+001 -2.4900000e+000  1.0000000e-003
  2.4798000e+004  4.7600000e+001 -2.4900000e+000  1.0000000e-003
  2.4818000e+004  4.7400000e+001 -2.4900000e+000  1.0000000e-003
  2.4838000e+004  4.7600000e+001 -2.4900000e+000  1.0000000e-003
  2.4858000e+004  4.7300000e+001 -2.4900000e+000  1.0000000e-003
  2.4878000e+004  4.7300000e+001 -2.4900000e+000  1.0000000e-003
  2.4898000e+004  4.6700000e+001 -2.4900000e+000  1.0000000e-003
  2.4918000e+004  4.6900000e+001 -2.4900000e+000  1.0000000e-003
  2.4938000e+004  4.6600000e+001 -2.4900000e+000  1.0000000e-003
  2.4958000e+004  4.6600000e+001 -2.4900000e+000  1.0000000e-003
  2.4978000e+004  4.6400000e+001 -2.4900000e+000  1.0000000e-003
  2.4998000e+004  4.6200000e+001 -2.4900000e+000  1.0000000e-003
  2.5018000e+004  4.6400000e+001 -2.4900000e+000  1.0000000e-003
  2.5038000e+004  4.5800000e+001 -2.4900000e+000  1.0000000e-003
  2.5058000e+004  4.5800000e+001 -2.4900000e+000  1.0000000e-003
  2.5078000e+004  4.5800000e+001 -2.4900000e+000  1.0000000e-003
  2.5098000e+004  4.5300000e+001 -2.4900000e+000  1.0000000e-003
  2.5118000e+004  4.5300000e+001 -2.4900000e+000  1.0000000e-003
  2.5139000e+004  4.4800000e+001 -2.4900000e+000  1.0000000e-003
  2.5159000e+004  4.5100000e+001 -2.4900000e+000  1.0000000e-003
  2.5180000e+004  4.4800000e+001 -2.4900000e+000  1.0000000e-003
  2.5204000e+004  4.4300000e+001 -2.4900000e+000  1.0000000e-003
  2.5224000e+004  4.4300000e+001 -2.4900000e+000  1.0000000e-003
  2.5245000e+004  4.4100000e+001 -2.4900000e+000  1.0000000e-003
  2.5265000e+004  4.3900000e+001 -2.4900000e+000  1.0000000e-003
  2.5285000e+004  4.3900000e+001 -2.4900000e+000  1.0000000e-003
  2.5309000e+004  4.3800000e+001 -2.4900000e+000  1.0000000e-003
  2.5329000e+004  4.3400000e+001 -2.4900000e+000  1.0000000e-003
  2.5350000e+004  4.3400000e+001 -2.4900000e+000  1.0000000e-003
  2.5371000e+004  4.3200000e+001 -2.4900000e+000  1.0000000e-003
  2.5395000e+004  4.3200000e+001 -2.4900000e+000  1.0000000e-003
  2.5415000e+004  4.2900000e+001 -2.4900000e+000  1.0000000e-003
  2.5435000e+004  4.2700000e+001 -2.4900000e+000  1.0000000e-003
  2.5455000e+004  4.2500000e+001 -2.4900000e+000  1.0000000e-003
  2.5475000e+004  4.2500000e+001 -2.4900000e+000  1.0000000e-003
  2.5495000e+004  4.2300000e+001 -2.4900000e+000  1.0000000e-003
  2.5515000e+004  4.2200000e+001 -2.4900000e+000  1.0000000e-003
  2.5536000e+004  4.2200000e+001 -2.4900000e+000  1.0000000e-003
  2.5561000e+004  4.1800000e+001 -2.4900000e+000  1.0000000e-003
  2.5585000e+004  4.1800000e+001 -2.4900000e+000  1.0000000e-003
  2.5605000e+004  4.1700000e+001 -2.4900000e+000  1.0000000e-003
  2.5626000e+004  4.1500000e+001 -2.4900000e+000  1.0000000e-003
  2.5647000e+004  4.1500000e+001 -2.4900000e+000  1.0000000e-003
  2.5671000e+004  4.1100000e+001 -2.4900000e+000  1.0000000e-003
  2.5691000e+004  4.1000000e+001 -2.4900000e+000  1.0000000e-003
  2.5711000e+004  4.1000000e+001 -2.4900000e+000  1.0000000e-003
  2.5731000e+004  4.1000000e+001 -2.4900000e+000  1.0000000e-003
  2.5752000e+004  4.0400000e+001 -2.4900000e+000  1.0000000e-003
  2.5776000e+004  4.0300000e+001 -2.4900000e+000  1.0000000e-003
  2.5796000e+004  4.0400000e+001 -2.4900000e+000  1.0000000e-003
  2.5816000e+004  4.0300000e+001 -2.4900000e+000  1.0000000e-003
  2.5836000e+004  4.0100000e+001 -2.4900000e+000  1.0000000e-003
  2.5856000e+004  4.0100000e+001 -2.4900000e+000  1.0000000e-003
  2.5876000e+004  4.0100000e+001 -2.4900000e+000  1.0000000e-003
  2.5896000e+004  3.9600000e+001 -2.4900000e+000  1.0000000e-003
  2.5916000e+004  3.9400000e+001 -2.4900000e+000  1.0000000e-003
  2.5936000e+004  3.9200000e+001 -2.4900000e+000  1.0000000e-003
  2.5957000e+004  3.9400000e+001 -2.4900000e+000  1.0000000e-003
  2.5981000e+004  3.9000000e+001 -2.4900000e+000  1.0000000e-003
  2.6001000e+004  3.9200000e+001 -2.4900000e+000  1.0000000e-003
  2.6021000e+004  3.9000000e+001 -2.4900000e+000  1.0000000e-003
  2.6041000e+004  3.8700000e+001 -2.4900000e+000  1.0000000e-003
  2.6061000e+004  3.8800000e+001 -2.4900000e+000  1.0000000e-003
  2.6081000e+004  3.8300000e+001 -2.4910000e+000  1.0000000e-003
  2.6101000e+004  3.8200000e+001 -2.4910000e+000  1.0000000e-003
  2.6121000e+004  3.7800000e+001 -2.4910000e+000  1.0000000e-003
  2.6141000e+004  3.8000000e+001 -2.4910000e+000  1.0000000e-003
  2.6161000e+004  3.8000000e+001 -2.4910000e+000  1.0000000e-003
  2.6181000e+004  3.8000000e+001 -2.4910000e+000  1.0000000e-003
  2.6201000e+004  3.7500000e+001 -2.4910000e+000  1.0000000e-003
  2.6221000e+004  3.7800000e+001 -2.4910000e+000  1.0000000e-003
  2.6241000e+004  3.7600000e+001 -2.4910000e+000  1.0000000e-003
  2.6261000e+004  3.7300000e+001 -2.4910000e+000  1.0000000e-003
  2.6282000e+004  3.7600000e+001 -2.4910000e+000  1.0000000e-003
  2.6306000e+004  3.7500000e+001 -2.4910000e+000  1.0000000e-003
  2.6326000e+004  3.7100000e+001 -2.4910000e+000  1.0000000e-003
  2.6346000e+004  3.6900000e+001 -2.4910000e+000  1.0000000e-003
  2.6366000e+004  3.7100000e+001 -2.4910000e+000  1.0000000e-003
  2.6386000e+004  3.6800000e+001 -2.4910000e+000  1.0000000e-003
  2.6406000e+004  3.6600000e+001 -2.4910000e+000  1.0000000e-003
  2.6426000e+004  3.6400000e+001 -2.4910000e+000  1.0000000e-003
  2.6446000e+004  3.6800000e+001 -2.4910000e+000  1.0000000e-003
  2.6466000e+004  3.6600000e+001 -2.4910000e+000  1.0000000e-003
  2.6486000e+004  3.6000000e+001 -2.4910000e+000  1.0000000e-003
  2.6506000e+004  3.5900000e+001 -2.4910000e+000  1.0000000e-003
  2.6526000e+004  3.5900000e+001 -2.4910000e+000  1.0000000e-003
  2.6546000e+004  3.5700000e+001 -2.4910000e+000  1.0000000e-003
  2.6566000e+004  3.6000000e+001 -2.4910000e+000  1.0000000e-003
  2.6586000e+004  3.5900000e+001 -2.4910000e+000  1.0000000e-003
  2.6606000e+004  3.5500000e+001 -2.4910000e+000  1.0000000e-003
  2.6626000e+004  3.5500000e+001 -2.4910000e+000  1.0000000e-003
  2.6646000e+004  3.5300000e+001 -2.4910000e+000  1.0000000e-003
  2.6666000e+004  3.5300000e+001 -2.4910000e+000  1.0000000e-003
  2.6687000e+004  3.5000000e+001 -2.4910000e+000  1.0000000e-003
  2.6711000e+004  3.4800000e+001 -2.4910000e+000  1.0000000e-003
  2.6731000e+004  3.4800000e+001 -2.4910000e+000  1.0000000e-003
  2.6752000e+004  3.4800000e+001 -2.4910000e+000  1.0000000e-003
  2.6777000e+004  3.4800000e+001 -2.4910000e+000  1.0000000e-003
  2.6797000e+004  3.4800000e+001 -2.4910000e+000  1.0000000e-003
  2.6817000e+004  3.4700000e+001 -2.4910000e+000  1.0000000e-003
  2.6837000e+004  3.4500000e+001 -2.4910000e+000  1.0000000e-003
  2.6857000e+004  3.4500000e+001 -2.4910000e+000  1.0000000e-003
  2.6877000e+004  3.4300000e+001 -2.4910000e+000  1.0000000e-003
  2.6897000e+004  3.4100000e+001 -2.4910000e+000  1.0000000e-003
  2.6917000e+004  3.4000000e+001 -2.4910000e+000  1.0000000e-003
  2.6937000e+004  3.3800000e+001 -2.4910000e+000  1.0000000e-003
  2.6957000e+004  3.4000000e+001 -2.4910000e+000  1.0000000e-003
  2.6977000e+004  3.3600000e+001 -2.4910000e+000  1.0000000e-003
  2.6997000e+004  3.3800000e+001 -2.4910000e+000  1.0000000e-003
  2.7017000e+004  3.3400000e+001 -2.4910000e+000  1.0000000e-003
  2.7037000e+004  3.3600000e+001 -2.4910000e+000  1.0000000e-003
  2.7057000e+004  3.3300000e+001 -2.4910000e+000  1.0000000e-003
  2.7077000e+004  3.3300000e+001 -2.4910000e+000  1.0000000e-003
  2.7097000e+004  3.3400000e+001 -2.4910000e+000  1.0000000e-003
  2.7117000e+004  3.2900000e+001 -2.4910000e+000  1.0000000e-003
  2.7137000e+004  3.2900000e+001 -2.4910000e+000  1.0000000e-003
  2.7157000e+004  3.2900000e+001 -2.4910000e+000  1.0000000e-003
  2.7177000e+004  3.2700000e+001 -2.4910000e+000  1.0000000e-003
  2.7197000e+004  3.2500000e+001 -2.4910000e+000  1.0000000e-003
  2.7217000e+004  3.2400000e+001 -2.4910000e+000  1.0000000e-003
  2.7237000e+004  3.2400000e+001 -2.4910000e+000  1.0000000e-003
  2.7257000e+004  3.2700000e+001 -2.4910000e+000  1.0000000e-003
  2.7277000e+004  3.2500000e+001 -2.4910000e+000  1.0000000e-003
  2.7297000e+004  3.2500000e+001 -2.4910000e+000  1.0000000e-003
  2.7317000e+004  3.1900000e+001 -2.4910000e+000  1.0000000e-003
  2.7337000e+004  3.2200000e+001 -2.4910000e+000  1.0000000e-003
  2.7357000e+004  3.2200000e+001 -2.4910000e+000  1.0000000e-003
  2.7377000e+004  3.2000000e+001 -2.4910000e+000  1.0000000e-003
  2.7397000e+004  3.1900000e+001 -2.4910000e+000  1.0000000e-003
  2.7417000e+004  3.2000000e+001 -2.4910000e+000  1.0000000e-003
  2.7437000e+004  3.2000000e+001 -2.4910000e+000  1.0000000e-003
  2.7457000e+004  3.1900000e+001 -2.4910000e+000  1.0000000e-003
  2.7477000e+004  3.2200000e+001 -2.4910000e+000  1.0000000e-003
  2.7497000e+004  3.1900000e+001 -2.4910000e+000  1.0000000e-003
  2.7517000e+004  3.1300000e+001 -2.4910000e+000  1.0000000e-003
  2.7537000e+004  3.1700000e+001 -2.4910000e+000  1.0000000e-003
  2.7557000e+004  3.1900000e+001 -2.4910000e+000  1.0000000e-003
  2.7577000e+004  3.1300000e+001 -2.4910000e+000  1.0000000e-003
  2.7597000e+004  3.1300000e+001 -2.4910000e+000  1.0000000e-003
  2.7617000e+004  3.1300000e+001 -2.4910000e+000  1.0000000e-003
  2.7637000e+004  3.1100000e+001 -2.4910000e+000  1.0000000e-003
  2.7657000e+004  3.1300000e+001 -2.4910000e+000  1.0000000e-003
  2.7677000e+004  3.1300000e+001 -2.4910000e+000  1.0000000e-003
  2.7697000e+004  3.1100000e+001 -2.4910000e+000  1.0000000e-003
  2.7717000e+004  3.1000000e+001 -2.4910000e+000  1.0000000e-003
  2.7737000e+004  3.1100000e+001 -2.4910000e+000  1.0000000e-003
  2.7757000e+004  3.0800000e+001 -2.4910000e+000  1.0000000e-003
  2.7777000e+004  3.0600000e+001 -2.4910000e+000  1.0000000e-003
  2.7797000e+004  3.0800000e+001 -2.4910000e+000  1.0000000e-003
  2.7817000e+004  3.0800000e+001 -2.4910000e+000  1.0000000e-003
  2.7837000e+004  3.0500000e+001 -2.4910000e+000  1.0000000e-003
  2.7857000e+004  3.0500000e+001 -2.4910000e+000  1.0000000e-003
  2.7877000e+004  3.0500000e+001 -2.4910000e+000  1.0000000e-003
  2.7897000e+004  3.0100000e+001 -2.4910000e+000  1.0000000e-003
  2.7917000e+004  3.0100000e+001 -2.4910000e+000  1.0000000e-003
  2.7937000e+004  3.0300000e+001 -2.4910000e+000  1.0000000e-003
  2.7957000e+004  2.9800000e+001 -2.4910000e+000  1.0000000e-003
  2.7977000e+004  2.9900000e+001 -2.4910000e+000  1.0000000e-003
  2.7997000e+004  2.9900000e+001 -2.4910000e+000  1.0000000e-003
  2.8017000e+004  2.9600000e+001 -2.4910000e+000  1.0000000e-003
  2.8037000e+004  2.9400000e+001 -2.4910000e+000  1.0000000e-003
  2.8057000e+004  2.9800000e+001 -2.4910000e+000  1.0000000e-003
