  6.9880000e+003  1.3839000e+003 -2.4980000e+000  1.0000000e-003
  7.0080000e+003  1.3816000e+003 -2.5030000e+000  1.0000000e-003
  7.0280000e+003  1.3788000e+003 -2.5060000e+000  1.0000000e-003
  7.0480000e+003  1.3752000e+003 -2.5080000e+000  1.0000000e-003
  7.0680000e+003  1.3711000e+003 -2.5100000e+000  1.0000000e-003
  7.0890000e+003  1.3660000e+003 -2.5120000e+000  1.0000000e-003
  7.1090000e+003  1.3608000e+003 -2.5140000e+000  1.0000000e-003
  7.1290000e+003  1.3552000e+003 -2.5150000e+000  1.0000000e-003
  7.1490000e+003  1.3498000e+003 -2.5160000e+000  1.0000000e-003
  7.1690000e+003  1.3440000e+003 -2.5170000e+000  1.0000000e-003
  7.1890000e+003  1.3380000e+003 -2.5180000e+000  1.0000000e-003
  7.2090000e+003  1.3321000e+003 -2.5180000e+000  1.0000000e-003
  7.2290000e+003  1.3256000e+003 -2.5190000e+000  1.0000000e-003
  7.2490000e+003  1.3193000e+003 -2.5190000e+000  1.0000000e-003
  7.2690000e+003  1.3130000e+003 -2.5200000e+000  1.0000000e-003
  7.2890000e+003  1.3069000e+003 -2.5200000e+000  1.0000000e-003
  7.3090000e+003  1.3006000e+003 -2.5210000e+000  1.0000000e-003
  7.3290000e+003  1.2945000e+003 -2.5210000e+000  1.0000000e-003
  7.3490000e+003  1.2880000e+003 -2.5220000e+000  1.0000000e-003
  7.3690000e+003  1.2819000e+003 -2.5220000e+000  1.0000000e-003
  7.3890000e+003  1.2759000e+003 -2.5220000e+000  1.0000000e-003
  7.4090000e+003  1.2693000e+003 -2.5220000e+000  1.0000000e-003
  7.4290000e+003  1.2630000e+003 -2.5230000e+000  1.0000000e-003
  7.4490000e+003  1.2568000e+003 -2.5230000e+000  1.0000000e-003
  7.4690000e+003  1.2504000e+003 -2.5230000e+000  1.0000000e-003
  7.4890000e+003  1.2441000e+003 -2.5240000e+000  1.0000000e-003
  7.5090000e+003  1.2379000e+003 -2.5240000e+000  1.0000000e-003
  7.5290000e+003  1.2316000e+003 -2.5240000e+000  1.0000000e-003
  7.5490000e+003  1.2253000e+003 -2.5240000e+000  1.0000000e-003
  7.5690000e+003  1.2192000e+003 -2.5250000e+000  1.0000000e-003
  7.5890000e+003  1.2131000e+003 -2.5250000e+000  1.0000000e-003
  7.6090000e+003  1.2070000e+003 -2.5250000e+000  1.0000000e-003
  7.6290000e+003  1.2007000e+003 -2.5250000e+000  1.0000000e-003
  7.6490000e+003  1.1947000e+003 -2.5260000e+000  1.0000000e-003
  7.6690000e+003  1.1886000e+003 -2.5260000e+000  1.0000000e-003
  7.6890000e+003  1.1820000e+003 -2.5260000e+000  1.0000000e-003
  7.7090000e+003  1.1758000e+003 -2.5260000e+000  1.0000000e-003
  7.7290000e+003  1.1701000e+003 -2.5270000e+000  1.0000000e-003
  7.7490000e+003  1.1636000e+003 -2.5270000e+000  1.0000000e-003
  7.7690000e+003  1.1575000e+003 -2.5270000e+000  1.0000000e-003
  7.7890000e+003  1.1515000e+003 -2.5270000e+000  1.0000000e-003
  7.8090000e+003  1.1452000e+003 -2.5280000e+000  1.0000000e-003
  7.8290000e+003  1.1391000e+003 -2.5280000e+000  1.0000000e-003
  7.8490000e+003  1.1331000e+003 -2.5280000e+000  1.0000000e-003
  7.8690000e+003  1.1272000e+003 -2.5290000e+000  1.0000000e-003
  7.8890000e+003  1.1212000e+003 -2.5290000e+000  1.0000000e-003
  7.9090000e+003  1.1151000e+003 -2.5290000e+000  1.0000000e-003
  7.9290000e+003  1.1090000e+003 -2.5290000e+000  1.0000000e-003
  7.9490000e+003  1.1027000e+003 -2.5300000e+000  1.0000000e-003
  7.9700000e+003  1.0966000e+003 -2.5300000e+000  1.0000000e-003
  7.9900000e+003  1.0904000e+003 -2.5300000e+000  1.0000000e-003
  8.0100000e+003  1.0845000e+003 -2.5310000e+000  1.0000000e-003
  8.0300000e+003  1.0783000e+003 -2.5310000e+000  1.0000000e-003
  8.0500000e+003  1.0722000e+003 -2.5310000e+000  1.0000000e-003
  8.0700000e+003  1.0661000e+003 -2.5320000e+000  1.0000000e-003
  8.0900000e+003  1.0602000e+003 -2.5320000e+000  1.0000000e-003
  8.1100000e+003  1.0540000e+003 -2.5320000e+000  1.0000000e-003
  8.1300000e+003  1.0479000e+003 -2.5330000e+000  1.0000000e-003
  8.1500000e+003  1.0421000e+003 -2.5330000e+000  1.0000000e-003
  8.1700000e+003  1.0362000e+003 -2.5330000e+000  1.0000000e-003
  8.1900000e+003  1.0302000e+003 -2.5330000e+000  1.0000000e-003
  8.2100000e+003  1.0241000e+003 -2.5340000e+000  1.0000000e-003
  8.2300000e+003  1.0185000e+003 -2.5340000e+000  1.0000000e-003
  8.2500000e+003  1.0127000e+003 -2.5340000e+000  1.0000000e-003
  8.2700000e+003  1.0070000e+003 -2.5340000e+000  1.0000000e-003
  8.2900000e+003  1.0012000e+003 -2.5350000e+000  1.0000000e-003
  8.3100000e+003  9.9590000e+002 -2.5350000e+000  1.0000000e-003
  8.3300000e+003  9.9020000e+002 -2.5350000e+000  1.0000000e-003
  8.3500000e+003  9.8450000e+002 -2.5350000e+000  1.0000000e-003
  8.3700000e+003  9.7910000e+002 -2.5350000e+000  1.0000000e-003
  8.3900000e+003  9.7370000e+002 -2.5360000e+000  1.0000000e-003
  8.4100000e+003  9.6840000e+002 -2.5360000e+000  1.0000000e-003
  8.4300000e+003  9.6300000e+002 -2.5360000e+000  1.0000000e-003
  8.4500000e+003  9.5780000e+002 -2.5360000e+000  1.0000000e-003
  8.4700000e+003  9.5290000e+002 -2.5360000e+000  1.0000000e-003
  8.4900000e+003  9.4780000e+002 -2.5370000e+000  1.0000000e-003
  8.5100000e+003  9.4270000e+002 -2.5370000e+000  1.0000000e-003
  8.5300000e+003  9.3780000e+002 -2.5370000e+000  1.0000000e-003
  8.5500000e+003  9.3310000e+002 -2.5380000e+000  1.0000000e-003
  8.5700000e+003  9.2840000e+002 -2.5380000e+000  1.0000000e-003
  8.5900000e+003  9.2330000e+002 -2.5380000e+000  1.0000000e-003
  8.6100000e+003  9.1870000e+002 -2.5380000e+000  1.0000000e-003
  8.6300000e+003  9.1420000e+002 -2.5390000e+000  1.0000000e-003
  8.6500000e+003  9.0950000e+002 -2.5390000e+000  1.0000000e-003
  8.6700000e+003  9.0550000e+002 -2.5390000e+000  1.0000000e-003
  8.6900000e+003  9.0050000e+002 -2.5400000e+000  1.0000000e-003
  8.7100000e+003  8.9650000e+002 -2.5400000e+000  1.0000000e-003
  8.7300000e+003  8.9230000e+002 -2.5400000e+000  1.0000000e-003
  8.7500000e+003  8.8810000e+002 -2.5410000e+000  1.0000000e-003
  8.7700000e+003  8.8410000e+002 -2.5410000e+000  1.0000000e-003
  8.7900000e+003  8.7990000e+002 -2.5410000e+000  1.0000000e-003
  8.8100000e+003  8.7540000e+002 -2.5420000e+000  1.0000000e-003
  8.8300000e+003  8.7110000e+002 -2.5420000e+000  1.0000000e-003
  8.8500000e+003  8.6710000e+002 -2.5420000e+000  1.0000000e-003
  8.8700000e+003  8.6310000e+002 -2.5420000e+000  1.0000000e-003
  8.8900000e+003  8.5930000e+002 -2.5420000e+000  1.0000000e-003
  8.9100000e+003  8.5510000e+002 -2.5430000e+000  1.0000000e-003
  8.9300000e+003  8.5100000e+002 -2.5430000e+000  1.0000000e-003
  8.9500000e+003  8.4700000e+002 -2.5430000e+000  1.0000000e-003
  8.9710000e+003  8.4300000e+002 -2.5440000e+000  1.0000000e-003
  8.9910000e+003  8.3930000e+002 -2.5440000e+000  1.0000000e-003
  9.0110000e+003  8.3560000e+002 -2.5440000e+000  1.0000000e-003
  9.0310000e+003  8.3180000e+002 -2.5440000e+000  1.0000000e-003
  9.0510000e+003  8.2810000e+002 -2.5450000e+000  1.0000000e-003
  9.0710000e+003  8.2430000e+002 -2.5450000e+000  1.0000000e-003
  9.0910000e+003  8.2060000e+002 -2.5450000e+000  1.0000000e-003
  9.1110000e+003  8.1690000e+002 -2.5450000e+000  1.0000000e-003
  9.1310000e+003  8.1340000e+002 -2.5460000e+000  1.0000000e-003
  9.1510000e+003  8.0970000e+002 -2.5460000e+000  1.0000000e-003
  9.1710000e+003  8.0620000e+002 -2.5460000e+000  1.0000000e-003
  9.1910000e+003  8.0290000e+002 -2.5460000e+000  1.0000000e-003
  9.2110000e+003  7.9900000e+002 -2.5460000e+000  1.0000000e-003
  9.2310000e+003  7.9590000e+002 -2.5470000e+000  1.0000000e-003
  9.2510000e+003  7.9220000e+002 -2.5470000e+000  1.0000000e-003
  9.2710000e+003  7.8890000e+002 -2.5470000e+000  1.0000000e-003
  9.2910000e+003  7.8580000e+002 -2.5470000e+000  1.0000000e-003
  9.3110000e+003  7.8240000e+002 -2.5470000e+000  1.0000000e-003
  9.3310000e+003  7.7890000e+002 -2.5480000e+000  1.0000000e-003
  9.3510000e+003  7.7580000e+002 -2.5480000e+000  1.0000000e-003
  9.3710000e+003  7.7250000e+002 -2.5480000e+000  1.0000000e-003
  9.3910000e+003  7.6950000e+002 -2.5480000e+000  1.0000000e-003
  9.4110000e+003  7.6610000e+002 -2.5490000e+000  1.0000000e-003
  9.4310000e+003  7.6280000e+002 -2.5490000e+000  1.0000000e-003
  9.4510000e+003  7.5970000e+002 -2.5490000e+000  1.0000000e-003
  9.4710000e+003  7.5640000e+002 -2.5490000e+000  1.0000000e-003
  9.4910000e+003  7.5340000e+002 -2.5490000e+000  1.0000000e-003
  9.5110000e+003  7.5010000e+002 -2.5500000e+000  1.0000000e-003
  9.5310000e+003  7.4710000e+002 -2.5500000e+000  1.0000000e-003
  9.5510000e+003  7.4410000e+002 -2.5500000e+000  1.0000000e-003
  9.5710000e+003  7.4100000e+002 -2.5500000e+000  1.0000000e-003
  9.5910000e+003  7.3820000e+002 -2.5510000e+000  1.0000000e-003
  9.6110000e+003  7.3460000e+002 -2.5510000e+000  1.0000000e-003
  9.6310000e+003  7.3180000e+002 -2.5510000e+000  1.0000000e-003
  9.6510000e+003  7.2870000e+002 -2.5510000e+000  1.0000000e-003
  9.6710000e+003  7.2570000e+002 -2.5520000e+000  1.0000000e-003
  9.6910000e+003  7.2310000e+002 -2.5520000e+000  1.0000000e-003
  9.7110000e+003  7.2010000e+002 -2.5520000e+000  1.0000000e-003
  9.7310000e+003  7.1710000e+002 -2.5530000e+000  1.0000000e-003
  9.7510000e+003  7.1430000e+002 -2.5530000e+000  1.0000000e-003
  9.7710000e+003  7.1140000e+002 -2.5530000e+000  1.0000000e-003
  9.7910000e+003  7.0840000e+002 -2.5530000e+000  1.0000000e-003
  9.8110000e+003  7.0560000e+002 -2.5540000e+000  1.0000000e-003
  9.8310000e+003  7.0300000e+002 -2.5540000e+000  1.0000000e-003
  9.8520000e+003  6.9980000e+002 -2.5540000e+000  1.0000000e-003
  9.8720000e+003  6.9720000e+002 -2.5540000e+000  1.0000000e-003
  9.8920000e+003  6.9460000e+002 -2.5540000e+000  1.0000000e-003
  9.9120000e+003  6.9180000e+002 -2.5550000e+000  1.0000000e-003
  9.9320000e+003  6.8920000e+002 -2.5550000e+000  1.0000000e-003
  9.9520000e+003  6.8640000e+002 -2.5550000e+000  1.0000000e-003
  9.9720000e+003  6.8360000e+002 -2.5550000e+000  1.0000000e-003
  9.9920000e+003  6.8080000e+002 -2.5560000e+000  1.0000000e-003
  1.0012000e+004  6.7830000e+002 -2.5560000e+000  1.0000000e-003
  1.0032000e+004  6.7580000e+002 -2.5560000e+000  1.0000000e-003
  1.0052000e+004  6.7340000e+002 -2.5560000e+000  1.0000000e-003
  1.0072000e+004  6.7080000e+002 -2.5560000e+000  1.0000000e-003
  1.0092000e+004  6.6800000e+002 -2.5570000e+000  1.0000000e-003
  1.0112000e+004  6.6550000e+002 -2.5570000e+000  1.0000000e-003
  1.0132000e+004  6.6290000e+002 -2.5570000e+000  1.0000000e-003
  1.0152000e+004  6.6030000e+002 -2.5570000e+000  1.0000000e-003
  1.0172000e+004  6.5780000e+002 -2.5570000e+000  1.0000000e-003
  1.0192000e+004  6.5540000e+002 -2.5580000e+000  1.0000000e-003
  1.0212000e+004  6.5290000e+002 -2.5580000e+000  1.0000000e-003
  1.0232000e+004  6.5030000e+002 -2.5580000e+000  1.0000000e-003
  1.0252000e+004  6.4770000e+002 -2.5580000e+000  1.0000000e-003
  1.0272000e+004  6.4510000e+002 -2.5580000e+000  1.0000000e-003
  1.0292000e+004  6.4260000e+002 -2.5590000e+000  1.0000000e-003
  1.0312000e+004  6.4000000e+002 -2.5590000e+000  1.0000000e-003
  1.0332000e+004  6.3730000e+002 -2.5590000e+000  1.0000000e-003
  1.0352000e+004  6.3470000e+002 -2.5590000e+000  1.0000000e-003
  1.0372000e+004  6.3250000e+002 -2.5590000e+000  1.0000000e-003
  1.0392000e+004  6.3000000e+002 -2.5590000e+000  1.0000000e-003
  1.0412000e+004  6.2790000e+002 -2.5600000e+000  1.0000000e-003
  1.0432000e+004  6.2550000e+002 -2.5600000e+000  1.0000000e-003
  1.0452000e+004  6.2320000e+002 -2.5600000e+000  1.0000000e-003
  1.0472000e+004  6.2050000e+002 -2.5600000e+000  1.0000000e-003
  1.0492000e+004  6.1810000e+002 -2.5600000e+000  1.0000000e-003
  1.0512000e+004  6.1560000e+002 -2.5610000e+000  1.0000000e-003
  1.0532000e+004  6.1340000e+002 -2.5610000e+000  1.0000000e-003
  1.0552000e+004  6.1080000e+002 -2.5610000e+000  1.0000000e-003
  1.0572000e+004  6.0860000e+002 -2.5610000e+000  1.0000000e-003
  1.0592000e+004  6.0650000e+002 -2.5620000e+000  1.0000000e-003
  1.0612000e+004  6.0430000e+002 -2.5620000e+000  1.0000000e-003
  1.0632000e+004  6.0200000e+002 -2.5620000e+000  1.0000000e-003
  1.0652000e+004  5.9940000e+002 -2.5620000e+000  1.0000000e-003
  1.0672000e+004  5.9730000e+002 -2.5620000e+000  1.0000000e-003
  1.0693000e+004  5.9500000e+002 -2.5620000e+000  1.0000000e-003
  1.0713000e+004  5.9270000e+002 -2.5630000e+000  1.0000000e-003
  1.0733000e+004  5.9030000e+002 -2.5630000e+000  1.0000000e-003
  1.0753000e+004  5.8820000e+002 -2.5630000e+000  1.0000000e-003
  1.0773000e+004  5.8590000e+002 -2.5630000e+000  1.0000000e-003
  1.0793000e+004  5.8380000e+002 -2.5630000e+000  1.0000000e-003
  1.0813000e+004  5.8170000e+002 -2.5630000e+000  1.0000000e-003
  1.0858000e+004  5.7700000e+002 -2.5640000e+000  1.0000000e-003
  1.0878000e+004  5.7430000e+002 -2.5640000e+000  1.0000000e-003
  1.0898000e+004  5.7260000e+002 -2.5640000e+000  1.0000000e-003
  1.0918000e+004  5.7030000e+002 -2.5640000e+000  1.0000000e-003
  1.0938000e+004  5.6800000e+002 -2.5640000e+000  1.0000000e-003
  1.0958000e+004  5.6600000e+002 -2.5650000e+000  1.0000000e-003
  1.0978000e+004  5.6380000e+002 -2.5650000e+000  1.0000000e-003
  1.0998000e+004  5.6160000e+002 -2.5650000e+000  1.0000000e-003
  1.1018000e+004  5.5950000e+002 -2.5650000e+000  1.0000000e-003
  1.1038000e+004  5.5750000e+002 -2.5650000e+000  1.0000000e-003
  1.1058000e+004  5.5560000e+002 -2.5650000e+000  1.0000000e-003
  1.1078000e+004  5.5370000e+002 -2.5650000e+000  1.0000000e-003
  1.1098000e+004  5.5140000e+002 -2.5660000e+000  1.0000000e-003
  1.1118000e+004  5.4930000e+002 -2.5660000e+000  1.0000000e-003
  1.1138000e+004  5.4710000e+002 -2.5660000e+000  1.0000000e-003
  1.1158000e+004  5.4500000e+002 -2.5660000e+000  1.0000000e-003
  1.1178000e+004  5.4300000e+002 -2.5660000e+000  1.0000000e-003
  1.1198000e+004  5.4090000e+002 -2.5660000e+000  1.0000000e-003
  1.1218000e+004  5.3880000e+002 -2.5670000e+000  1.0000000e-003
  1.1238000e+004  5.3650000e+002 -2.5670000e+000  1.0000000e-003
  1.1258000e+004  5.3480000e+002 -2.5670000e+000  1.0000000e-003
  1.1278000e+004  5.3290000e+002 -2.5670000e+000  1.0000000e-003
  1.1298000e+004  5.3080000e+002 -2.5670000e+000  1.0000000e-003
  1.1318000e+004  5.2880000e+002 -2.5670000e+000  1.0000000e-003
  1.1338000e+004  5.2690000e+002 -2.5670000e+000  1.0000000e-003
  1.1358000e+004  5.2480000e+002 -2.5670000e+000  1.0000000e-003
  1.1378000e+004  5.2270000e+002 -2.5680000e+000  1.0000000e-003
  1.1398000e+004  5.2080000e+002 -2.5680000e+000  1.0000000e-003
  1.1418000e+004  5.1870000e+002 -2.5680000e+000  1.0000000e-003
  1.1439000e+004  5.1680000e+002 -2.5680000e+000  1.0000000e-003
  1.1459000e+004  5.1480000e+002 -2.5680000e+000  1.0000000e-003
  1.1479000e+004  5.1280000e+002 -2.5690000e+000  1.0000000e-003
  1.1499000e+004  5.1080000e+002 -2.5690000e+000  1.0000000e-003
  1.1519000e+004  5.0910000e+002 -2.5690000e+000  1.0000000e-003
  1.1539000e+004  5.0730000e+002 -2.5690000e+000  1.0000000e-003
  1.1559000e+004  5.0560000e+002 -2.5690000e+000  1.0000000e-003
  1.1579000e+004  5.0350000e+002 -2.5690000e+000  1.0000000e-003
  1.1599000e+004  5.0150000e+002 -2.5690000e+000  1.0000000e-003
  1.1619000e+004  4.9960000e+002 -2.5690000e+000  1.0000000e-003
  1.1639000e+004  4.9770000e+002 -2.5700000e+000  1.0000000e-003
  1.1659000e+004  4.9600000e+002 -2.5700000e+000  1.0000000e-003
  1.1679000e+004  4.9380000e+002 -2.5700000e+000  1.0000000e-003
  1.1699000e+004  4.9210000e+002 -2.5700000e+000  1.0000000e-003
  1.1719000e+004  4.9020000e+002 -2.5700000e+000  1.0000000e-003
  1.1739000e+004  4.8840000e+002 -2.5710000e+000  1.0000000e-003
  1.1759000e+004  4.8650000e+002 -2.5710000e+000  1.0000000e-003
  1.1779000e+004  4.8480000e+002 -2.5710000e+000  1.0000000e-003
  1.1799000e+004  4.8300000e+002 -2.5710000e+000  1.0000000e-003
  1.1819000e+004  4.8140000e+002 -2.5710000e+000  1.0000000e-003
  1.1839000e+004  4.7970000e+002 -2.5710000e+000  1.0000000e-003
  1.1859000e+004  4.7780000e+002 -2.5710000e+000  1.0000000e-003
  1.1879000e+004  4.7570000e+002 -2.5720000e+000  1.0000000e-003
  1.1899000e+004  4.7410000e+002 -2.5720000e+000  1.0000000e-003
  1.1919000e+004  4.7230000e+002 -2.5720000e+000  1.0000000e-003
  1.1939000e+004  4.7080000e+002 -2.5720000e+000  1.0000000e-003
  1.1959000e+004  4.6880000e+002 -2.5720000e+000  1.0000000e-003
  1.1979000e+004  4.6710000e+002 -2.5720000e+000  1.0000000e-003
  1.1999000e+004  4.6510000e+002 -2.5730000e+000  1.0000000e-003
  1.2019000e+004  4.6360000e+002 -2.5730000e+000  1.0000000e-003
  1.2039000e+004  4.6180000e+002 -2.5730000e+000  1.0000000e-003
  1.2059000e+004  4.6020000e+002 -2.5730000e+000  1.0000000e-003
  1.2079000e+004  4.5870000e+002 -2.5730000e+000  1.0000000e-003
  1.2099000e+004  4.5690000e+002 -2.5730000e+000  1.0000000e-003
  1.2119000e+004  4.5530000e+002 -2.5730000e+000  1.0000000e-003
  1.2139000e+004  4.5360000e+002 -2.5740000e+000  1.0000000e-003
  1.2159000e+004  4.5180000e+002 -2.5740000e+000  1.0000000e-003
  1.2179000e+004  4.5010000e+002 -2.5740000e+000  1.0000000e-003
  1.2199000e+004  4.4840000e+002 -2.5740000e+000  1.0000000e-003
  1.2219000e+004  4.4660000e+002 -2.5740000e+000  1.0000000e-003
  1.2239000e+004  4.4500000e+002 -2.5740000e+000  1.0000000e-003
  1.2259000e+004  4.4330000e+002 -2.5740000e+000  1.0000000e-003
  1.2280000e+004  4.4150000e+002 -2.5740000e+000  1.0000000e-003
  1.2300000e+004  4.3990000e+002 -2.5750000e+000  1.0000000e-003
  1.2320000e+004  4.3820000e+002 -2.5750000e+000  1.0000000e-003
  1.2340000e+004  4.3660000e+002 -2.5750000e+000  1.0000000e-003
  1.2360000e+004  4.3510000e+002 -2.5750000e+000  1.0000000e-003
  1.2380000e+004  4.3350000e+002 -2.5750000e+000  1.0000000e-003
  1.2400000e+004  4.3170000e+002 -2.5750000e+000  1.0000000e-003
  1.2420000e+004  4.3010000e+002 -2.5750000e+000  1.0000000e-003
  1.2440000e+004  4.2840000e+002 -2.5750000e+000  1.0000000e-003
  1.2460000e+004  4.2660000e+002 -2.5760000e+000  1.0000000e-003
  1.2480000e+004  4.2510000e+002 -2.5760000e+000  1.0000000e-003
  1.2500000e+004  4.2350000e+002 -2.5760000e+000  1.0000000e-003
  1.2520000e+004  4.2190000e+002 -2.5760000e+000  1.0000000e-003
  1.2540000e+004  4.2020000e+002 -2.5760000e+000  1.0000000e-003
  1.2560000e+004  4.1840000e+002 -2.5760000e+000  1.0000000e-003
  1.2580000e+004  4.1680000e+002 -2.5760000e+000  1.0000000e-003
  1.2600000e+004  4.1530000e+002 -2.5760000e+000  1.0000000e-003
  1.2620000e+004  4.1370000e+002 -2.5760000e+000  1.0000000e-003
  1.2640000e+004  4.1200000e+002 -2.5760000e+000  1.0000000e-003
  1.2660000e+004  4.1050000e+002 -2.5760000e+000  1.0000000e-003
  1.2680000e+004  4.0910000e+002 -2.5770000e+000  1.0000000e-003
  1.2700000e+004  4.0760000e+002 -2.5770000e+000  1.0000000e-003
  1.2720000e+004  4.0600000e+002 -2.5770000e+000  1.0000000e-003
  1.2740000e+004  4.0460000e+002 -2.5770000e+000  1.0000000e-003
  1.2760000e+004  4.0290000e+002 -2.5770000e+000  1.0000000e-003
  1.2780000e+004  4.0130000e+002 -2.5770000e+000  1.0000000e-003
  1.2800000e+004  4.0010000e+002 -2.5770000e+000  1.0000000e-003
  1.2820000e+004  3.9830000e+002 -2.5770000e+000  1.0000000e-003
  1.2840000e+004  3.9650000e+002 -2.5770000e+000  1.0000000e-003
  1.2861000e+004  3.9500000e+002 -2.5780000e+000  1.0000000e-003
  1.2885000e+004  3.9340000e+002 -2.5780000e+000  1.0000000e-003
  1.2905000e+004  3.9180000e+002 -2.5780000e+000  1.0000000e-003
  1.2925000e+004  3.9040000e+002 -2.5780000e+000  1.0000000e-003
  1.2945000e+004  3.8900000e+002 -2.5780000e+000  1.0000000e-003
  1.2966000e+004  3.8740000e+002 -2.5780000e+000  1.0000000e-003
  1.2990000e+004  3.8570000e+002 -2.5780000e+000  1.0000000e-003
  1.3011000e+004  3.8400000e+002 -2.5780000e+000  1.0000000e-003
  1.3031000e+004  3.8290000e+002 -2.5780000e+000  1.0000000e-003
  1.3051000e+004  3.8130000e+002 -2.5790000e+000  1.0000000e-003
  1.3071000e+004  3.7990000e+002 -2.5790000e+000  1.0000000e-003
  1.3091000e+004  3.7850000e+002 -2.5790000e+000  1.0000000e-003
  1.3111000e+004  3.7680000e+002 -2.5790000e+000  1.0000000e-003
  1.3131000e+004  3.7550000e+002 -2.5790000e+000  1.0000000e-003
  1.3151000e+004  3.7400000e+002 -2.5790000e+000  1.0000000e-003
  1.3171000e+004  3.7280000e+002 -2.5790000e+000  1.0000000e-003
  1.3191000e+004  3.7120000e+002 -2.5790000e+000  1.0000000e-003
  1.3211000e+004  3.6980000e+002 -2.5800000e+000  1.0000000e-003
  1.3231000e+004  3.6840000e+002 -2.5800000e+000  1.0000000e-003
  1.3251000e+004  3.6680000e+002 -2.5800000e+000  1.0000000e-003
  1.3271000e+004  3.6560000e+002 -2.5800000e+000  1.0000000e-003
  1.3291000e+004  3.6380000e+002 -2.5800000e+000  1.0000000e-003
  1.3311000e+004  3.6280000e+002 -2.5800000e+000  1.0000000e-003
  1.3331000e+004  3.6140000e+002 -2.5800000e+000  1.0000000e-003
  1.3351000e+004  3.6030000e+002 -2.5800000e+000  1.0000000e-003
  1.3371000e+004  3.5880000e+002 -2.5810000e+000  1.0000000e-003
  1.3391000e+004  3.5750000e+002 -2.5810000e+000  1.0000000e-003
  1.3411000e+004  3.5600000e+002 -2.5810000e+000  1.0000000e-003
  1.3431000e+004  3.5460000e+002 -2.5810000e+000  1.0000000e-003
  1.3451000e+004  3.5330000e+002 -2.5810000e+000  1.0000000e-003
  1.3471000e+004  3.5240000e+002 -2.5810000e+000  1.0000000e-003
  1.3491000e+004  3.5070000e+002 -2.5810000e+000  1.0000000e-003
  1.3511000e+004  3.4950000e+002 -2.5810000e+000  1.0000000e-003
  1.3531000e+004  3.4790000e+002 -2.5820000e+000  1.0000000e-003
  1.3551000e+004  3.4650000e+002 -2.5820000e+000  1.0000000e-003
  1.3571000e+004  3.4490000e+002 -2.5820000e+000  1.0000000e-003
  1.3591000e+004  3.4370000e+002 -2.5820000e+000  1.0000000e-003
  1.3611000e+004  3.4250000e+002 -2.5820000e+000  1.0000000e-003
  1.3631000e+004  3.4110000e+002 -2.5820000e+000  1.0000000e-003
  1.3651000e+004  3.3970000e+002 -2.5820000e+000  1.0000000e-003
  1.3671000e+004  3.3830000e+002 -2.5820000e+000  1.0000000e-003
  1.3691000e+004  3.3700000e+002 -2.5830000e+000  1.0000000e-003
  1.3711000e+004  3.3600000e+002 -2.5830000e+000  1.0000000e-003
  1.3732000e+004  3.3460000e+002 -2.5830000e+000  1.0000000e-003
  1.3756000e+004  3.3300000e+002 -2.5830000e+000  1.0000000e-003
  1.3777000e+004  3.3180000e+002 -2.5830000e+000  1.0000000e-003
  1.3797000e+004  3.3060000e+002 -2.5830000e+000  1.0000000e-003
  1.3817000e+004  3.2920000e+002 -2.5830000e+000  1.0000000e-003
  1.3837000e+004  3.2760000e+002 -2.5830000e+000  1.0000000e-003
  1.3857000e+004  3.2650000e+002 -2.5830000e+000  1.0000000e-003
  1.3877000e+004  3.2500000e+002 -2.5840000e+000  1.0000000e-003
  1.3897000e+004  3.2380000e+002 -2.5840000e+000  1.0000000e-003
  1.3917000e+004  3.2240000e+002 -2.5840000e+000  1.0000000e-003
  1.3937000e+004  3.2110000e+002 -2.5840000e+000  1.0000000e-003
  1.3957000e+004  3.2010000e+002 -2.5840000e+000  1.0000000e-003
  1.3977000e+004  3.1890000e+002 -2.5840000e+000  1.0000000e-003
  1.3997000e+004  3.1760000e+002 -2.5840000e+000  1.0000000e-003
  1.4017000e+004  3.1640000e+002 -2.5840000e+000  1.0000000e-003
  1.4037000e+004  3.1500000e+002 -2.5840000e+000  1.0000000e-003
  1.4057000e+004  3.1400000e+002 -2.5840000e+000  1.0000000e-003
  1.4077000e+004  3.1270000e+002 -2.5850000e+000  1.0000000e-003
  1.4097000e+004  3.1130000e+002 -2.5850000e+000  1.0000000e-003
  1.4117000e+004  3.1030000e+002 -2.5850000e+000  1.0000000e-003
  1.4137000e+004  3.0900000e+002 -2.5850000e+000  1.0000000e-003
  1.4157000e+004  3.0780000e+002 -2.5850000e+000  1.0000000e-003
  1.4177000e+004  3.0680000e+002 -2.5850000e+000  1.0000000e-003
  1.4197000e+004  3.0550000e+002 -2.5850000e+000  1.0000000e-003
  1.4217000e+004  3.0410000e+002 -2.5850000e+000  1.0000000e-003
  1.4237000e+004  3.0310000e+002 -2.5850000e+000  1.0000000e-003
  1.4257000e+004  3.0190000e+002 -2.5850000e+000  1.0000000e-003
  1.4277000e+004  3.0050000e+002 -2.5850000e+000  1.0000000e-003
  1.4297000e+004  2.9940000e+002 -2.5850000e+000  1.0000000e-003
  1.4317000e+004  2.9840000e+002 -2.5850000e+000  1.0000000e-003
  1.4337000e+004  2.9700000e+002 -2.5860000e+000  1.0000000e-003
  1.4357000e+004  2.9590000e+002 -2.5860000e+000  1.0000000e-003
  1.4377000e+004  2.9450000e+002 -2.5860000e+000  1.0000000e-003
  1.4397000e+004  2.9350000e+002 -2.5860000e+000  1.0000000e-003
  1.4417000e+004  2.9240000e+002 -2.5860000e+000  1.0000000e-003
  1.4437000e+004  2.9160000e+002 -2.5860000e+000  1.0000000e-003
  1.4457000e+004  2.9010000e+002 -2.5860000e+000  1.0000000e-003
  1.4477000e+004  2.8890000e+002 -2.5860000e+000  1.0000000e-003
  1.4497000e+004  2.8770000e+002 -2.5860000e+000  1.0000000e-003
  1.4517000e+004  2.8660000e+002 -2.5860000e+000  1.0000000e-003
  1.4537000e+004  2.8580000e+002 -2.5860000e+000  1.0000000e-003
  1.4557000e+004  2.8470000e+002 -2.5860000e+000  1.0000000e-003
  1.4577000e+004  2.8350000e+002 -2.5860000e+000  1.0000000e-003
  1.4597000e+004  2.8260000e+002 -2.5860000e+000  1.0000000e-003
  1.4617000e+004  2.8140000e+002 -2.5870000e+000  1.0000000e-003
  1.4637000e+004  2.8040000e+002 -2.5870000e+000  1.0000000e-003
  1.4657000e+004  2.7930000e+002 -2.5870000e+000  1.0000000e-003
  1.4677000e+004  2.7810000e+002 -2.5870000e+000  1.0000000e-003
  1.4697000e+004  2.7720000e+002 -2.5870000e+000  1.0000000e-003
  1.4717000e+004  2.7580000e+002 -2.5870000e+000  1.0000000e-003
  1.4737000e+004  2.7490000e+002 -2.5870000e+000  1.0000000e-003
  1.4757000e+004  2.7370000e+002 -2.5870000e+000  1.0000000e-003
  1.4777000e+004  2.7280000e+002 -2.5870000e+000  1.0000000e-003
  1.4797000e+004  2.7210000e+002 -2.5870000e+000  1.0000000e-003
  1.4817000e+004  2.7050000e+002 -2.5870000e+000  1.0000000e-003
  1.4837000e+004  2.6910000e+002 -2.5870000e+000  1.0000000e-003
  1.4857000e+004  2.6850000e+002 -2.5880000e+000  1.0000000e-003
  1.4877000e+004  2.6740000e+002 -2.5880000e+000  1.0000000e-003
  1.4897000e+004  2.6620000e+002 -2.5880000e+000  1.0000000e-003
  1.4917000e+004  2.6530000e+002 -2.5880000e+000  1.0000000e-003
  1.4937000e+004  2.6390000e+002 -2.5880000e+000  1.0000000e-003
  1.4957000e+004  2.6320000e+002 -2.5880000e+000  1.0000000e-003
  1.4977000e+004  2.6210000e+002 -2.5880000e+000  1.0000000e-003
  1.4997000e+004  2.6070000e+002 -2.5880000e+000  1.0000000e-003
  1.5017000e+004  2.6000000e+002 -2.5880000e+000  1.0000000e-003
  1.5037000e+004  2.5880000e+002 -2.5880000e+000  1.0000000e-003
  1.5057000e+004  2.5780000e+002 -2.5880000e+000  1.0000000e-003
  1.5077000e+004  2.5690000e+002 -2.5880000e+000  1.0000000e-003
  1.5097000e+004  2.5570000e+002 -2.5880000e+000  1.0000000e-003
  1.5117000e+004  2.5460000e+002 -2.5880000e+000  1.0000000e-003
  1.5138000e+004  2.5360000e+002 -2.5880000e+000  1.0000000e-003
  1.5158000e+004  2.5250000e+002 -2.5890000e+000  1.0000000e-003
  1.5178000e+004  2.5180000e+002 -2.5890000e+000  1.0000000e-003
  1.5198000e+004  2.5060000e+002 -2.5890000e+000  1.0000000e-003
  1.5218000e+004  2.4940000e+002 -2.5890000e+000  1.0000000e-003
  1.5238000e+004  2.4830000e+002 -2.5890000e+000  1.0000000e-003
  1.5258000e+004  2.4730000e+002 -2.5890000e+000  1.0000000e-003
  1.5278000e+004  2.4620000e+002 -2.5890000e+000  1.0000000e-003
  1.5298000e+004  2.4520000e+002 -2.5890000e+000  1.0000000e-003
  1.5318000e+004  2.4460000e+002 -2.5890000e+000  1.0000000e-003
  1.5338000e+004  2.4380000e+002 -2.5890000e+000  1.0000000e-003
  1.5358000e+004  2.4270000e+002 -2.5890000e+000  1.0000000e-003
  1.5378000e+004  2.4170000e+002 -2.5890000e+000  1.0000000e-003
  1.5398000e+004  2.4030000e+002 -2.5890000e+000  1.0000000e-003
  1.5418000e+004  2.3920000e+002 -2.5890000e+000  1.0000000e-003
  1.5438000e+004  2.3800000e+002 -2.5900000e+000  1.0000000e-003
  1.5458000e+004  2.3730000e+002 -2.5900000e+000  1.0000000e-003
  1.5478000e+004  2.3660000e+002 -2.5900000e+000  1.0000000e-003
  1.5498000e+004  2.3520000e+002 -2.5900000e+000  1.0000000e-003
  1.5518000e+004  2.3450000e+002 -2.5900000e+000  1.0000000e-003
  1.5538000e+004  2.3350000e+002 -2.5900000e+000  1.0000000e-003
  1.5558000e+004  2.3260000e+002 -2.5900000e+000  1.0000000e-003
  1.5578000e+004  2.3170000e+002 -2.5900000e+000  1.0000000e-003
  1.5598000e+004  2.3100000e+002 -2.5900000e+000  1.0000000e-003
  1.5618000e+004  2.3000000e+002 -2.5900000e+000  1.0000000e-003
  1.5638000e+004  2.2890000e+002 -2.5900000e+000  1.0000000e-003
  1.5658000e+004  2.2820000e+002 -2.5910000e+000  1.0000000e-003
  1.5678000e+004  2.2710000e+002 -2.5910000e+000  1.0000000e-003
  1.5698000e+004  2.2660000e+002 -2.5910000e+000  1.0000000e-003
  1.5718000e+004  2.2540000e+002 -2.5910000e+000  1.0000000e-003
  1.5738000e+004  2.2430000e+002 -2.5910000e+000  1.0000000e-003
  1.5758000e+004  2.2350000e+002 -2.5910000e+000  1.0000000e-003
  1.5778000e+004  2.2280000e+002 -2.5910000e+000  1.0000000e-003
  1.5798000e+004  2.2170000e+002 -2.5910000e+000  1.0000000e-003
  1.5818000e+004  2.2070000e+002 -2.5910000e+000  1.0000000e-003
  1.5838000e+004  2.1980000e+002 -2.5910000e+000  1.0000000e-003
  1.5858000e+004  2.1910000e+002 -2.5910000e+000  1.0000000e-003
  1.5878000e+004  2.1820000e+002 -2.5910000e+000  1.0000000e-003
  1.5898000e+004  2.1720000e+002 -2.5910000e+000  1.0000000e-003
  1.5918000e+004  2.1630000e+002 -2.5910000e+000  1.0000000e-003
  1.5938000e+004  2.1540000e+002 -2.5920000e+000  1.0000000e-003
  1.5958000e+004  2.1460000e+002 -2.5920000e+000  1.0000000e-003
  1.5978000e+004  2.1350000e+002 -2.5920000e+000  1.0000000e-003
  1.5998000e+004  2.1260000e+002 -2.5920000e+000  1.0000000e-003
  1.6018000e+004  2.1180000e+002 -2.5920000e+000  1.0000000e-003
  1.6038000e+004  2.1090000e+002 -2.5920000e+000  1.0000000e-003
  1.6058000e+004  2.1040000e+002 -2.5920000e+000  1.0000000e-003
  1.6078000e+004  2.0950000e+002 -2.5920000e+000  1.0000000e-003
  1.6098000e+004  2.0880000e+002 -2.5920000e+000  1.0000000e-003
  1.6118000e+004  2.0790000e+002 -2.5920000e+000  1.0000000e-003
  1.6138000e+004  2.0700000e+002 -2.5920000e+000  1.0000000e-003
  1.6158000e+004  2.0600000e+002 -2.5920000e+000  1.0000000e-003
  1.6178000e+004  2.0530000e+002 -2.5930000e+000  1.0000000e-003
  1.6198000e+004  2.0480000e+002 -2.5930000e+000  1.0000000e-003
  1.6218000e+004  2.0390000e+002 -2.5930000e+000  1.0000000e-003
  1.6238000e+004  2.0320000e+002 -2.5930000e+000  1.0000000e-003
  1.6259000e+004  2.0210000e+002 -2.5930000e+000  1.0000000e-003
  1.6279000e+004  2.0140000e+002 -2.5930000e+000  1.0000000e-003
  1.6299000e+004  2.0020000e+002 -2.5930000e+000  1.0000000e-003
  1.6319000e+004  1.9970000e+002 -2.5930000e+000  1.0000000e-003
  1.6339000e+004  1.9860000e+002 -2.5930000e+000  1.0000000e-003
  1.6359000e+004  1.9790000e+002 -2.5930000e+000  1.0000000e-003
  1.6379000e+004  1.9690000e+002 -2.5930000e+000  1.0000000e-003
  1.6399000e+004  1.9640000e+002 -2.5940000e+000  1.0000000e-003
  1.6419000e+004  1.9510000e+002 -2.5940000e+000  1.0000000e-003
  1.6439000e+004  1.9440000e+002 -2.5940000e+000  1.0000000e-003
  1.6459000e+004  1.9360000e+002 -2.5940000e+000  1.0000000e-003
  1.6479000e+004  1.9290000e+002 -2.5940000e+000  1.0000000e-003
  1.6499000e+004  1.9180000e+002 -2.5940000e+000  1.0000000e-003
  1.6519000e+004  1.9090000e+002 -2.5940000e+000  1.0000000e-003
  1.6539000e+004  1.9040000e+002 -2.5940000e+000  1.0000000e-003
  1.6559000e+004  1.8970000e+002 -2.5940000e+000  1.0000000e-003
  1.6579000e+004  1.8860000e+002 -2.5940000e+000  1.0000000e-003
  1.6599000e+004  1.8780000e+002 -2.5940000e+000  1.0000000e-003
  1.6619000e+004  1.8730000e+002 -2.5940000e+000  1.0000000e-003
  1.6639000e+004  1.8640000e+002 -2.5940000e+000  1.0000000e-003
  1.6659000e+004  1.8590000e+002 -2.5940000e+000  1.0000000e-003
  1.6679000e+004  1.8500000e+002 -2.5950000e+000  1.0000000e-003
  1.6699000e+004  1.8430000e+002 -2.5950000e+000  1.0000000e-003
  1.6719000e+004  1.8340000e+002 -2.5950000e+000  1.0000000e-003
  1.6739000e+004  1.8250000e+002 -2.5950000e+000  1.0000000e-003
  1.6759000e+004  1.8160000e+002 -2.5950000e+000  1.0000000e-003
  1.6779000e+004  1.8110000e+002 -2.5950000e+000  1.0000000e-003
  1.6799000e+004  1.7990000e+002 -2.5950000e+000  1.0000000e-003
  1.6819000e+004  1.7940000e+002 -2.5950000e+000  1.0000000e-003
  1.6839000e+004  1.7870000e+002 -2.5950000e+000  1.0000000e-003
  1.6859000e+004  1.7830000e+002 -2.5950000e+000  1.0000000e-003
  1.6879000e+004  1.7730000e+002 -2.5950000e+000  1.0000000e-003
  1.6899000e+004  1.7660000e+002 -2.5950000e+000  1.0000000e-003
  1.6919000e+004  1.7590000e+002 -2.5950000e+000  1.0000000e-003
  1.6939000e+004  1.7500000e+002 -2.5950000e+000  1.0000000e-003
  1.6959000e+004  1.7450000e+002 -2.5950000e+000  1.0000000e-003
  1.6979000e+004  1.7360000e+002 -2.5950000e+000  1.0000000e-003
  1.6999000e+004  1.7290000e+002 -2.5960000e+000  1.0000000e-003
  1.7019000e+004  1.7200000e+002 -2.5960000e+000  1.0000000e-003
  1.7039000e+004  1.7170000e+002 -2.5960000e+000  1.0000000e-003
  1.7059000e+004  1.7100000e+002 -2.5960000e+000  1.0000000e-003
  1.7080000e+004  1.7030000e+002 -2.5960000e+000  1.0000000e-003
  1.7100000e+004  1.6970000e+002 -2.5960000e+000  1.0000000e-003
  1.7120000e+004  1.6850000e+002 -2.5960000e+000  1.0000000e-003
  1.7140000e+004  1.6800000e+002 -2.5960000e+000  1.0000000e-003
  1.7160000e+004  1.6710000e+002 -2.5960000e+000  1.0000000e-003
  1.7180000e+004  1.6640000e+002 -2.5960000e+000  1.0000000e-003
  1.7200000e+004  1.6590000e+002 -2.5960000e+000  1.0000000e-003
  1.7220000e+004  1.6520000e+002 -2.5960000e+000  1.0000000e-003
  1.7240000e+004  1.6470000e+002 -2.5960000e+000  1.0000000e-003
  1.7260000e+004  1.6360000e+002 -2.5960000e+000  1.0000000e-003
  1.7280000e+004  1.6310000e+002 -2.5960000e+000  1.0000000e-003
  1.7300000e+004  1.6260000e+002 -2.5960000e+000  1.0000000e-003
  1.7320000e+004  1.6170000e+002 -2.5970000e+000  1.0000000e-003
  1.7340000e+004  1.6140000e+002 -2.5970000e+000  1.0000000e-003
  1.7360000e+004  1.6050000e+002 -2.5970000e+000  1.0000000e-003
  1.7380000e+004  1.5980000e+002 -2.5970000e+000  1.0000000e-003
  1.7400000e+004  1.5910000e+002 -2.5970000e+000  1.0000000e-003
  1.7420000e+004  1.5860000e+002 -2.5970000e+000  1.0000000e-003
  1.7440000e+004  1.5750000e+002 -2.5970000e+000  1.0000000e-003
  1.7460000e+004  1.5700000e+002 -2.5970000e+000  1.0000000e-003
  1.7480000e+004  1.5640000e+002 -2.5970000e+000  1.0000000e-003
  1.7500000e+004  1.5590000e+002 -2.5970000e+000  1.0000000e-003
  1.7520000e+004  1.5490000e+002 -2.5970000e+000  1.0000000e-003
  1.7540000e+004  1.5450000e+002 -2.5980000e+000  1.0000000e-003
  1.7560000e+004  1.5380000e+002 -2.5980000e+000  1.0000000e-003
  1.7580000e+004  1.5310000e+002 -2.5980000e+000  1.0000000e-003
  1.7600000e+004  1.5240000e+002 -2.5980000e+000  1.0000000e-003
  1.7620000e+004  1.5240000e+002 -2.5980000e+000  1.0000000e-003
  1.7640000e+004  1.5140000e+002 -2.5980000e+000  1.0000000e-003
  1.7660000e+004  1.5080000e+002 -2.5980000e+000  1.0000000e-003
  1.7680000e+004  1.5010000e+002 -2.5980000e+000  1.0000000e-003
  1.7700000e+004  1.4980000e+002 -2.5980000e+000  1.0000000e-003
  1.7720000e+004  1.4910000e+002 -2.5980000e+000  1.0000000e-003
  1.7740000e+004  1.4840000e+002 -2.5980000e+000  1.0000000e-003
  1.7760000e+004  1.4770000e+002 -2.5980000e+000  1.0000000e-003
  1.7780000e+004  1.4720000e+002 -2.5980000e+000  1.0000000e-003
  1.7800000e+004  1.4650000e+002 -2.5980000e+000  1.0000000e-003
  1.7820000e+004  1.4600000e+002 -2.5980000e+000  1.0000000e-003
  1.7840000e+004  1.4510000e+002 -2.5980000e+000  1.0000000e-003
  1.7861000e+004  1.4490000e+002 -2.5980000e+000  1.0000000e-003
  1.7881000e+004  1.4440000e+002 -2.5980000e+000  1.0000000e-003
  1.7901000e+004  1.4330000e+002 -2.5980000e+000  1.0000000e-003
  1.7921000e+004  1.4260000e+002 -2.5990000e+000  1.0000000e-003
  1.7941000e+004  1.4210000e+002 -2.5990000e+000  1.0000000e-003
  1.7961000e+004  1.4140000e+002 -2.5990000e+000  1.0000000e-003
  1.7981000e+004  1.4070000e+002 -2.5990000e+000  1.0000000e-003
  1.8001000e+004  1.4050000e+002 -2.5990000e+000  1.0000000e-003
  1.8021000e+004  1.3970000e+002 -2.5990000e+000  1.0000000e-003
  1.8041000e+004  1.3910000e+002 -2.5990000e+000  1.0000000e-003
  1.8061000e+004  1.3840000e+002 -2.5990000e+000  1.0000000e-003
  1.8081000e+004  1.3790000e+002 -2.5990000e+000  1.0000000e-003
  1.8101000e+004  1.3740000e+002 -2.5990000e+000  1.0000000e-003
  1.8121000e+004  1.3650000e+002 -2.5990000e+000  1.0000000e-003
  1.8141000e+004  1.3600000e+002 -2.5990000e+000  1.0000000e-003
  1.8161000e+004  1.3540000e+002 -2.5990000e+000  1.0000000e-003
  1.8181000e+004  1.3480000e+002 -2.5990000e+000  1.0000000e-003
  1.8201000e+004  1.3460000e+002 -2.5990000e+000  1.0000000e-003
  1.8221000e+004  1.3390000e+002 -2.5990000e+000  1.0000000e-003
  1.8241000e+004  1.3340000e+002 -2.5990000e+000  1.0000000e-003
  1.8261000e+004  1.3280000e+002 -2.5990000e+000  1.0000000e-003
  1.8281000e+004  1.3190000e+002 -2.5990000e+000  1.0000000e-003
  1.8301000e+004  1.3160000e+002 -2.5990000e+000  1.0000000e-003
  1.8321000e+004  1.3090000e+002 -2.5990000e+000  1.0000000e-003
  1.8341000e+004  1.3060000e+002 -2.5990000e+000  1.0000000e-003
  1.8361000e+004  1.2990000e+002 -2.5990000e+000  1.0000000e-003
  1.8381000e+004  1.2950000e+002 -2.5990000e+000  1.0000000e-003
  1.8401000e+004  1.2900000e+002 -2.5990000e+000  1.0000000e-003
  1.8421000e+004  1.2840000e+002 -2.5990000e+000  1.0000000e-003
  1.8441000e+004  1.2780000e+002 -2.5990000e+000  1.0000000e-003
  1.8461000e+004  1.2710000e+002 -2.5990000e+000  1.0000000e-003
  1.8481000e+004  1.2670000e+002 -2.5990000e+000  1.0000000e-003
  1.8501000e+004  1.2630000e+002 -2.5990000e+000  1.0000000e-003
  1.8521000e+004  1.2530000e+002 -2.6000000e+000  1.0000000e-003
  1.8541000e+004  1.2500000e+002 -2.6000000e+000  1.0000000e-003
  1.8561000e+004  1.2460000e+002 -2.6000000e+000  1.0000000e-003
  1.8582000e+004  1.2390000e+002 -2.6000000e+000  1.0000000e-003
  1.8602000e+004  1.2340000e+002 -2.6000000e+000  1.0000000e-003
  1.8622000e+004  1.2280000e+002 -2.6000000e+000  1.0000000e-003
  1.8642000e+004  1.2230000e+002 -2.6000000e+000  1.0000000e-003
  1.8662000e+004  1.2180000e+002 -2.6000000e+000  1.0000000e-003
  1.8682000e+004  1.2140000e+002 -2.6000000e+000  1.0000000e-003
  1.8702000e+004  1.2080000e+002 -2.6000000e+000  1.0000000e-003
  1.8722000e+004  1.2090000e+002 -2.6000000e+000  1.0000000e-003
  1.8742000e+004  1.2020000e+002 -2.6000000e+000  1.0000000e-003
  1.8762000e+004  1.1970000e+002 -2.6000000e+000  1.0000000e-003
  1.8782000e+004  1.1920000e+002 -2.6000000e+000  1.0000000e-003
  1.8802000e+004  1.1880000e+002 -2.6000000e+000  1.0000000e-003
  1.8822000e+004  1.1870000e+002 -2.6000000e+000  1.0000000e-003
  1.8842000e+004  1.1800000e+002 -2.6000000e+000  1.0000000e-003
  1.8862000e+004  1.1740000e+002 -2.6000000e+000  1.0000000e-003
  1.8882000e+004  1.1650000e+002 -2.6000000e+000  1.0000000e-003
  1.8902000e+004  1.1620000e+002 -2.6000000e+000  1.0000000e-003
  1.8922000e+004  1.1580000e+002 -2.6000000e+000  1.0000000e-003
  1.8942000e+004  1.1570000e+002 -2.6000000e+000  1.0000000e-003
  1.8962000e+004  1.1500000e+002 -2.6000000e+000  1.0000000e-003
  1.8982000e+004  1.1460000e+002 -2.6000000e+000  1.0000000e-003
  1.9002000e+004  1.1390000e+002 -2.6000000e+000  1.0000000e-003
  1.9022000e+004  1.1390000e+002 -2.6000000e+000  1.0000000e-003
  1.9042000e+004  1.1320000e+002 -2.6000000e+000  1.0000000e-003
  1.9062000e+004  1.1250000e+002 -2.6000000e+000  1.0000000e-003
  1.9082000e+004  1.1230000e+002 -2.6000000e+000  1.0000000e-003
  1.9102000e+004  1.1170000e+002 -2.6000000e+000  1.0000000e-003
  1.9122000e+004  1.1130000e+002 -2.6000000e+000  1.0000000e-003
  1.9142000e+004  1.1080000e+002 -2.6000000e+000  1.0000000e-003
  1.9162000e+004  1.1060000e+002 -2.6000000e+000  1.0000000e-003
  1.9182000e+004  1.0990000e+002 -2.6000000e+000  1.0000000e-003
  1.9202000e+004  1.0920000e+002 -2.6000000e+000  1.0000000e-003
  1.9222000e+004  1.0870000e+002 -2.6000000e+000  1.0000000e-003
  1.9242000e+004  1.0870000e+002 -2.6000000e+000  1.0000000e-003
  1.9262000e+004  1.0800000e+002 -2.6000000e+000  1.0000000e-003
  1.9282000e+004  1.0760000e+002 -2.6010000e+000  1.0000000e-003
  1.9302000e+004  1.0730000e+002 -2.6010000e+000  1.0000000e-003
  1.9322000e+004  1.0680000e+002 -2.6010000e+000  1.0000000e-003
  1.9343000e+004  1.0640000e+002 -2.6010000e+000  1.0000000e-003
  1.9367000e+004  1.0600000e+002 -2.6010000e+000  1.0000000e-003
  1.9387000e+004  1.0530000e+002 -2.6010000e+000  1.0000000e-003
  1.9407000e+004  1.0520000e+002 -2.6010000e+000  1.0000000e-003
  1.9428000e+004  1.0470000e+002 -2.6010000e+000  1.0000000e-003
  1.9448000e+004  1.0450000e+002 -2.6010000e+000  1.0000000e-003
  1.9468000e+004  1.0340000e+002 -2.6010000e+000  1.0000000e-003
  1.9488000e+004  1.0330000e+002 -2.6010000e+000  1.0000000e-003
  1.9508000e+004  1.0270000e+002 -2.6010000e+000  1.0000000e-003
  1.9528000e+004  1.0240000e+002 -2.6010000e+000  1.0000000e-003
  1.9548000e+004  1.0200000e+002 -2.6010000e+000  1.0000000e-003
  1.9568000e+004  1.0130000e+002 -2.6010000e+000  1.0000000e-003
  1.9588000e+004  1.0130000e+002 -2.6010000e+000  1.0000000e-003
  1.9608000e+004  1.0100000e+002 -2.6010000e+000  1.0000000e-003
  1.9628000e+004  1.0010000e+002 -2.6010000e+000  1.0000000e-003
  1.9648000e+004  1.0010000e+002 -2.6010000e+000  1.0000000e-003
  1.9668000e+004  9.9600000e+001 -2.6010000e+000  1.0000000e-003
  1.9688000e+004  9.9000000e+001 -2.6010000e+000  1.0000000e-003
  1.9708000e+004  9.8500000e+001 -2.6010000e+000  1.0000000e-003
  1.9728000e+004  9.7800000e+001 -2.6010000e+000  1.0000000e-003
  1.9748000e+004  9.8000000e+001 -2.6010000e+000  1.0000000e-003
  1.9768000e+004  9.7600000e+001 -2.6010000e+000  1.0000000e-003
  1.9788000e+004  9.6900000e+001 -2.6010000e+000  1.0000000e-003
  1.9808000e+004  9.6800000e+001 -2.6010000e+000  1.0000000e-003
  1.9828000e+004  9.6100000e+001 -2.6010000e+000  1.0000000e-003
  1.9848000e+004  9.5700000e+001 -2.6010000e+000  1.0000000e-003
  1.9868000e+004  9.5200000e+001 -2.6010000e+000  1.0000000e-003
  1.9888000e+004  9.5200000e+001 -2.6010000e+000  1.0000000e-003
  1.9908000e+004  9.4500000e+001 -2.6010000e+000  1.0000000e-003
  1.9928000e+004  9.4000000e+001 -2.6020000e+000  1.0000000e-003
  1.9948000e+004  9.4000000e+001 -2.6020000e+000  1.0000000e-003
  1.9968000e+004  9.3300000e+001 -2.6020000e+000  1.0000000e-003
  1.9988000e+004  9.2900000e+001 -2.6020000e+000  1.0000000e-003
  2.0008000e+004  9.2600000e+001 -2.6020000e+000  1.0000000e-003
  2.0028000e+004  9.2100000e+001 -2.6020000e+000  1.0000000e-003
  2.0048000e+004  9.2100000e+001 -2.6020000e+000  1.0000000e-003
  2.0068000e+004  9.1300000e+001 -2.6020000e+000  1.0000000e-003
  2.0088000e+004  9.1200000e+001 -2.6020000e+000  1.0000000e-003
  2.0108000e+004  9.1000000e+001 -2.6020000e+000  1.0000000e-003
  2.0128000e+004  9.0300000e+001 -2.6020000e+000  1.0000000e-003
  2.0148000e+004  9.0100000e+001 -2.6020000e+000  1.0000000e-003
  2.0168000e+004  8.9900000e+001 -2.6020000e+000  1.0000000e-003
  2.0188000e+004  8.9800000e+001 -2.6020000e+000  1.0000000e-003
  2.0208000e+004  8.9300000e+001 -2.6020000e+000  1.0000000e-003
  2.0228000e+004  8.8700000e+001 -2.6020000e+000  1.0000000e-003
  2.0248000e+004  8.8600000e+001 -2.6020000e+000  1.0000000e-003
  2.0268000e+004  8.7800000e+001 -2.6020000e+000  1.0000000e-003
  2.0289000e+004  8.7500000e+001 -2.6020000e+000  1.0000000e-003
  2.0309000e+004  8.7700000e+001 -2.6020000e+000  1.0000000e-003
  2.0329000e+004  8.7200000e+001 -2.6020000e+000  1.0000000e-003
  2.0349000e+004  8.7000000e+001 -2.6020000e+000  1.0000000e-003
  2.0369000e+004  8.6500000e+001 -2.6020000e+000  1.0000000e-003
  2.0389000e+004  8.5800000e+001 -2.6020000e+000  1.0000000e-003
  2.0409000e+004  8.5800000e+001 -2.6020000e+000  1.0000000e-003
  2.0429000e+004  8.5400000e+001 -2.6020000e+000  1.0000000e-003
  2.0449000e+004  8.4700000e+001 -2.6020000e+000  1.0000000e-003
  2.0469000e+004  8.4900000e+001 -2.6020000e+000  1.0000000e-003
  2.0489000e+004  8.4200000e+001 -2.6020000e+000  1.0000000e-003
  2.0509000e+004  8.4000000e+001 -2.6020000e+000  1.0000000e-003
  2.0529000e+004  8.3500000e+001 -2.6020000e+000  1.0000000e-003
  2.0549000e+004  8.3500000e+001 -2.6020000e+000  1.0000000e-003
  2.0569000e+004  8.3100000e+001 -2.6020000e+000  1.0000000e-003
  2.0589000e+004  8.2300000e+001 -2.6020000e+000  1.0000000e-003
  2.0609000e+004  8.1900000e+001 -2.6020000e+000  1.0000000e-003
  2.0629000e+004  8.1900000e+001 -2.6020000e+000  1.0000000e-003
  2.0649000e+004  8.1700000e+001 -2.6020000e+000  1.0000000e-003
  2.0669000e+004  8.1400000e+001 -2.6020000e+000  1.0000000e-003
  2.0689000e+004  8.0700000e+001 -2.6020000e+000  1.0000000e-003
  2.0709000e+004  8.0800000e+001 -2.6020000e+000  1.0000000e-003
  2.0729000e+004  8.0300000e+001 -2.6020000e+000  1.0000000e-003
  2.0749000e+004  8.0200000e+001 -2.6020000e+000  1.0000000e-003
  2.0769000e+004  7.9800000e+001 -2.6020000e+000  1.0000000e-003
  2.0789000e+004  7.9500000e+001 -2.6030000e+000  1.0000000e-003
  2.0809000e+004  7.8900000e+001 -2.6030000e+000  1.0000000e-003
  2.0829000e+004  7.8900000e+001 -2.6030000e+000  1.0000000e-003
  2.0850000e+004  7.8400000e+001 -2.6030000e+000  1.0000000e-003
  2.0870000e+004  7.7900000e+001 -2.6030000e+000  1.0000000e-003
  2.0890000e+004  7.7900000e+001 -2.6030000e+000  1.0000000e-003
  2.0910000e+004  7.7700000e+001 -2.6030000e+000  1.0000000e-003
  2.0930000e+004  7.7200000e+001 -2.6030000e+000  1.0000000e-003
  2.0950000e+004  7.7000000e+001 -2.6030000e+000  1.0000000e-003
  2.0970000e+004  7.7000000e+001 -2.6030000e+000  1.0000000e-003
  2.0990000e+004  7.6500000e+001 -2.6030000e+000  1.0000000e-003
  2.1010000e+004  7.6300000e+001 -2.6030000e+000  1.0000000e-003
  2.1030000e+004  7.5800000e+001 -2.6030000e+000  1.0000000e-003
  2.1050000e+004  7.5400000e+001 -2.6030000e+000  1.0000000e-003
  2.1070000e+004  7.4900000e+001 -2.6030000e+000  1.0000000e-003
  2.1090000e+004  7.4900000e+001 -2.6030000e+000  1.0000000e-003
  2.1110000e+004  7.4700000e+001 -2.6030000e+000  1.0000000e-003
  2.1130000e+004  7.4700000e+001 -2.6030000e+000  1.0000000e-003
  2.1150000e+004  7.4200000e+001 -2.6030000e+000  1.0000000e-003
  2.1170000e+004  7.4200000e+001 -2.6030000e+000  1.0000000e-003
  2.1190000e+004  7.3800000e+001 -2.6030000e+000  1.0000000e-003
  2.1210000e+004  7.3000000e+001 -2.6030000e+000  1.0000000e-003
  2.1230000e+004  7.3200000e+001 -2.6030000e+000  1.0000000e-003
  2.1250000e+004  7.2600000e+001 -2.6030000e+000  1.0000000e-003
  2.1270000e+004  7.2600000e+001 -2.6030000e+000  1.0000000e-003
  2.1290000e+004  7.2100000e+001 -2.6030000e+000  1.0000000e-003
  2.1310000e+004  7.1700000e+001 -2.6030000e+000  1.0000000e-003
  2.1330000e+004  7.1600000e+001 -2.6030000e+000  1.0000000e-003
  2.1350000e+004  7.1600000e+001 -2.6030000e+000  1.0000000e-003
  2.1370000e+004  7.1200000e+001 -2.6030000e+000  1.0000000e-003
  2.1390000e+004  7.0900000e+001 -2.6030000e+000  1.0000000e-003
  2.1410000e+004  7.0900000e+001 -2.6030000e+000  1.0000000e-003
  2.1430000e+004  7.0200000e+001 -2.6030000e+000  1.0000000e-003
  2.1450000e+004  6.9800000e+001 -2.6030000e+000  1.0000000e-003
  2.1470000e+004  6.9700000e+001 -2.6030000e+000  1.0000000e-003
  2.1490000e+004  6.9100000e+001 -2.6030000e+000  1.0000000e-003
  2.1510000e+004  6.8900000e+001 -2.6030000e+000  1.0000000e-003
  2.1530000e+004  6.8900000e+001 -2.6030000e+000  1.0000000e-003
  2.1550000e+004  6.8600000e+001 -2.6030000e+000  1.0000000e-003
  2.1570000e+004  6.8400000e+001 -2.6030000e+000  1.0000000e-003
  2.1590000e+004  6.8100000e+001 -2.6030000e+000  1.0000000e-003
  2.1611000e+004  6.8100000e+001 -2.6030000e+000  1.0000000e-003
  2.1631000e+004  6.7900000e+001 -2.6030000e+000  1.0000000e-003
  2.1651000e+004  6.7500000e+001 -2.6030000e+000  1.0000000e-003
  2.1671000e+004  6.7500000e+001 -2.6030000e+000  1.0000000e-003
  2.1691000e+004  6.6800000e+001 -2.6040000e+000  1.0000000e-003
  2.1711000e+004  6.6700000e+001 -2.6040000e+000  1.0000000e-003
  2.1731000e+004  6.6300000e+001 -2.6040000e+000  1.0000000e-003
  2.1751000e+004  6.6200000e+001 -2.6040000e+000  1.0000000e-003
  2.1771000e+004  6.5800000e+001 -2.6040000e+000  1.0000000e-003
  2.1791000e+004  6.5600000e+001 -2.6040000e+000  1.0000000e-003
  2.1811000e+004  6.5100000e+001 -2.6040000e+000  1.0000000e-003
  2.1831000e+004  6.4900000e+001 -2.6040000e+000  1.0000000e-003
  2.1851000e+004  6.4900000e+001 -2.6040000e+000  1.0000000e-003
  2.1871000e+004  6.4600000e+001 -2.6040000e+000  1.0000000e-003
  2.1891000e+004  6.4200000e+001 -2.6040000e+000  1.0000000e-003
  2.1911000e+004  6.4200000e+001 -2.6040000e+000  1.0000000e-003
  2.1931000e+004  6.3900000e+001 -2.6040000e+000  1.0000000e-003
  2.1951000e+004  6.3700000e+001 -2.6040000e+000  1.0000000e-003
  2.1971000e+004  6.3500000e+001 -2.6040000e+000  1.0000000e-003
  2.1991000e+004  6.3500000e+001 -2.6040000e+000  1.0000000e-003
  2.2011000e+004  6.3000000e+001 -2.6040000e+000  1.0000000e-003
  2.2031000e+004  6.3000000e+001 -2.6040000e+000  1.0000000e-003
  2.2051000e+004  6.3000000e+001 -2.6040000e+000  1.0000000e-003
  2.2071000e+004  6.2300000e+001 -2.6040000e+000  1.0000000e-003
  2.2091000e+004  6.2500000e+001 -2.6040000e+000  1.0000000e-003
  2.2111000e+004  6.2000000e+001 -2.6040000e+000  1.0000000e-003
  2.2131000e+004  6.2000000e+001 -2.6040000e+000  1.0000000e-003
  2.2151000e+004  6.1400000e+001 -2.6040000e+000  1.0000000e-003
  2.2171000e+004  6.1300000e+001 -2.6040000e+000  1.0000000e-003
  2.2191000e+004  6.1300000e+001 -2.6040000e+000  1.0000000e-003
  2.2211000e+004  6.1300000e+001 -2.6040000e+000  1.0000000e-003
  2.2231000e+004  6.0700000e+001 -2.6040000e+000  1.0000000e-003
  2.2251000e+004  6.0600000e+001 -2.6040000e+000  1.0000000e-003
  2.2271000e+004  6.0400000e+001 -2.6040000e+000  1.0000000e-003
  2.2291000e+004  6.0000000e+001 -2.6040000e+000  1.0000000e-003
  2.2311000e+004  6.0000000e+001 -2.6040000e+000  1.0000000e-003
  2.2331000e+004  5.9500000e+001 -2.6040000e+000  1.0000000e-003
  2.2351000e+004  5.9500000e+001 -2.6040000e+000  1.0000000e-003
  2.2371000e+004  5.9500000e+001 -2.6040000e+000  1.0000000e-003
  2.2391000e+004  5.8800000e+001 -2.6040000e+000  1.0000000e-003
  2.2411000e+004  5.8800000e+001 -2.6040000e+000  1.0000000e-003
  2.2431000e+004  5.8400000e+001 -2.6040000e+000  1.0000000e-003
  2.2451000e+004  5.8300000e+001 -2.6040000e+000  1.0000000e-003
  2.2471000e+004  5.8400000e+001 -2.6040000e+000  1.0000000e-003
  2.2491000e+004  5.7900000e+001 -2.6040000e+000  1.0000000e-003
  2.2511000e+004  5.7800000e+001 -2.6040000e+000  1.0000000e-003
  2.2531000e+004  5.7800000e+001 -2.6040000e+000  1.0000000e-003
  2.2551000e+004  5.7400000e+001 -2.6040000e+000  1.0000000e-003
  2.2571000e+004  5.7200000e+001 -2.6040000e+000  1.0000000e-003
  2.2591000e+004  5.7000000e+001 -2.6050000e+000  1.0000000e-003
  2.2611000e+004  5.6900000e+001 -2.6050000e+000  1.0000000e-003
  2.2631000e+004  5.6500000e+001 -2.6050000e+000  1.0000000e-003
  2.2651000e+004  5.6500000e+001 -2.6050000e+000  1.0000000e-003
  2.2671000e+004  5.6200000e+001 -2.6050000e+000  1.0000000e-003
  2.2691000e+004  5.6200000e+001 -2.6050000e+000  1.0000000e-003
  2.2711000e+004  5.6000000e+001 -2.6050000e+000  1.0000000e-003
  2.2731000e+004  5.5800000e+001 -2.6050000e+000  1.0000000e-003
  2.2752000e+004  5.5700000e+001 -2.6050000e+000  1.0000000e-003
  2.2772000e+004  5.5500000e+001 -2.6050000e+000  1.0000000e-003
  2.2792000e+004  5.5300000e+001 -2.6050000e+000  1.0000000e-003
  2.2812000e+004  5.5000000e+001 -2.6050000e+000  1.0000000e-003
  2.2832000e+004  5.4800000e+001 -2.6050000e+000  1.0000000e-003
  2.2852000e+004  5.4600000e+001 -2.6050000e+000  1.0000000e-003
  2.2872000e+004  5.4600000e+001 -2.6050000e+000  1.0000000e-003
  2.2892000e+004  5.4300000e+001 -2.6050000e+000  1.0000000e-003
  2.2912000e+004  5.4100000e+001 -2.6050000e+000  1.0000000e-003
  2.2932000e+004  5.3900000e+001 -2.6050000e+000  1.0000000e-003
  2.2952000e+004  5.3500000e+001 -2.6050000e+000  1.0000000e-003
  2.2972000e+004  5.3400000e+001 -2.6050000e+000  1.0000000e-003
  2.2992000e+004  5.3500000e+001 -2.6050000e+000  1.0000000e-003
  2.3012000e+004  5.2800000e+001 -2.6050000e+000  1.0000000e-003
  2.3032000e+004  5.2800000e+001 -2.6050000e+000  1.0000000e-003
  2.3052000e+004  5.2500000e+001 -2.6050000e+000  1.0000000e-003
  2.3072000e+004  5.2100000e+001 -2.6050000e+000  1.0000000e-003
  2.3092000e+004  5.2300000e+001 -2.6050000e+000  1.0000000e-003
  2.3112000e+004  5.2100000e+001 -2.6050000e+000  1.0000000e-003
  2.3132000e+004  5.2000000e+001 -2.6050000e+000  1.0000000e-003
  2.3152000e+004  5.1600000e+001 -2.6050000e+000  1.0000000e-003
  2.3172000e+004  5.1800000e+001 -2.6050000e+000  1.0000000e-003
  2.3192000e+004  5.1500000e+001 -2.6050000e+000  1.0000000e-003
  2.3212000e+004  5.1100000e+001 -2.6050000e+000  1.0000000e-003
  2.3232000e+004  5.1100000e+001 -2.6050000e+000  1.0000000e-003
  2.3252000e+004  5.1300000e+001 -2.6050000e+000  1.0000000e-003
  2.3272000e+004  5.0600000e+001 -2.6050000e+000  1.0000000e-003
  2.3292000e+004  5.0600000e+001 -2.6050000e+000  1.0000000e-003
  2.3312000e+004  5.0400000e+001 -2.6050000e+000  1.0000000e-003
  2.3332000e+004  5.0600000e+001 -2.6050000e+000  1.0000000e-003
  2.3352000e+004  5.0400000e+001 -2.6050000e+000  1.0000000e-003
  2.3373000e+004  5.0000000e+001 -2.6050000e+000  1.0000000e-003
  2.3397000e+004  4.9700000e+001 -2.6050000e+000  1.0000000e-003
  2.3417000e+004  4.9500000e+001 -2.6050000e+000  1.0000000e-003
  2.3437000e+004  4.9200000e+001 -2.6050000e+000  1.0000000e-003
  2.3458000e+004  4.9300000e+001 -2.6050000e+000  1.0000000e-003
  2.3478000e+004  4.9300000e+001 -2.6050000e+000  1.0000000e-003
  2.3498000e+004  4.8800000e+001 -2.6050000e+000  1.0000000e-003
  2.3518000e+004  4.8600000e+001 -2.6050000e+000  1.0000000e-003
  2.3538000e+004  4.9000000e+001 -2.6050000e+000  1.0000000e-003
  2.3558000e+004  4.8600000e+001 -2.6050000e+000  1.0000000e-003
  2.3578000e+004  4.8000000e+001 -2.6050000e+000  1.0000000e-003
  2.3598000e+004  4.8500000e+001 -2.6050000e+000  1.0000000e-003
  2.3618000e+004  4.8000000e+001 -2.6050000e+000  1.0000000e-003
  2.3638000e+004  4.7400000e+001 -2.6050000e+000  1.0000000e-003
  2.3658000e+004  4.7800000e+001 -2.6050000e+000  1.0000000e-003
  2.3678000e+004  4.7400000e+001 -2.6050000e+000  1.0000000e-003
  2.3698000e+004  4.7300000e+001 -2.6050000e+000  1.0000000e-003
  2.3718000e+004  4.6900000e+001 -2.6050000e+000  1.0000000e-003
  2.3738000e+004  4.6900000e+001 -2.6050000e+000  1.0000000e-003
  2.3758000e+004  4.6900000e+001 -2.6050000e+000  1.0000000e-003
  2.3778000e+004  4.6700000e+001 -2.6050000e+000  1.0000000e-003
  2.3798000e+004  4.6600000e+001 -2.6050000e+000  1.0000000e-003
  2.3818000e+004  4.6200000e+001 -2.6050000e+000  1.0000000e-003
  2.3838000e+004  4.6600000e+001 -2.6050000e+000  1.0000000e-003
  2.3858000e+004  4.6000000e+001 -2.6050000e+000  1.0000000e-003
  2.3878000e+004  4.6200000e+001 -2.6060000e+000  1.0000000e-003
  2.3898000e+004  4.6000000e+001 -2.6060000e+000  1.0000000e-003
  2.3918000e+004  4.5800000e+001 -2.6060000e+000  1.0000000e-003
  2.3938000e+004  4.5500000e+001 -2.6060000e+000  1.0000000e-003
  2.3958000e+004  4.5300000e+001 -2.6060000e+000  1.0000000e-003
  2.3978000e+004  4.5100000e+001 -2.6060000e+000  1.0000000e-003
  2.3998000e+004  4.4800000e+001 -2.6060000e+000  1.0000000e-003
  2.4018000e+004  4.5300000e+001 -2.6060000e+000  1.0000000e-003
  2.4038000e+004  4.4800000e+001 -2.6060000e+000  1.0000000e-003
  2.4058000e+004  4.4500000e+001 -2.6060000e+000  1.0000000e-003
  2.4078000e+004  4.4600000e+001 -2.6060000e+000  1.0000000e-003
  2.4098000e+004  4.4500000e+001 -2.6060000e+000  1.0000000e-003
  2.4118000e+004  4.4300000e+001 -2.6060000e+000  1.0000000e-003
  2.4139000e+004  4.4100000e+001 -2.6060000e+000  1.0000000e-003
  2.4159000e+004  4.3900000e+001 -2.6060000e+000  1.0000000e-003
  2.4179000e+004  4.3900000e+001 -2.6060000e+000  1.0000000e-003
  2.4199000e+004  4.3800000e+001 -2.6060000e+000  1.0000000e-003
  2.4219000e+004  4.3800000e+001 -2.6060000e+000  1.0000000e-003
  2.4239000e+004  4.3600000e+001 -2.6060000e+000  1.0000000e-003
  2.4259000e+004  4.3400000e+001 -2.6060000e+000  1.0000000e-003
  2.4279000e+004  4.3100000e+001 -2.6060000e+000  1.0000000e-003
  2.4299000e+004  4.2700000e+001 -2.6060000e+000  1.0000000e-003
  2.4319000e+004  4.2900000e+001 -2.6060000e+000  1.0000000e-003
  2.4339000e+004  4.2500000e+001 -2.6060000e+000  1.0000000e-003
  2.4359000e+004  4.2900000e+001 -2.6060000e+000  1.0000000e-003
  2.4379000e+004  4.2500000e+001 -2.6060000e+000  1.0000000e-003
  2.4399000e+004  4.2900000e+001 -2.6060000e+000  1.0000000e-003
  2.4419000e+004  4.2500000e+001 -2.6060000e+000  1.0000000e-003
  2.4439000e+004  4.2000000e+001 -2.6060000e+000  1.0000000e-003
  2.4459000e+004  4.1800000e+001 -2.6060000e+000  1.0000000e-003
  2.4479000e+004  4.1800000e+001 -2.6060000e+000  1.0000000e-003
  2.4499000e+004  4.1800000e+001 -2.6060000e+000  1.0000000e-003
  2.4519000e+004  4.1800000e+001 -2.6060000e+000  1.0000000e-003
  2.4539000e+004  4.1700000e+001 -2.6060000e+000  1.0000000e-003
  2.4559000e+004  4.1500000e+001 -2.6060000e+000  1.0000000e-003
  2.4579000e+004  4.1300000e+001 -2.6060000e+000  1.0000000e-003
  2.4599000e+004  4.1100000e+001 -2.6060000e+000  1.0000000e-003
  2.4619000e+004  4.1100000e+001 -2.6060000e+000  1.0000000e-003
  2.4639000e+004  4.1000000e+001 -2.6060000e+000  1.0000000e-003
  2.4659000e+004  4.0800000e+001 -2.6060000e+000  1.0000000e-003
  2.4679000e+004  4.0800000e+001 -2.6060000e+000  1.0000000e-003
  2.4699000e+004  4.0600000e+001 -2.6060000e+000  1.0000000e-003
  2.4719000e+004  4.1000000e+001 -2.6060000e+000  1.0000000e-003
  2.4739000e+004  4.0300000e+001 -2.6060000e+000  1.0000000e-003
  2.4759000e+004  4.0300000e+001 -2.6060000e+000  1.0000000e-003
  2.4780000e+004  4.0100000e+001 -2.6060000e+000  1.0000000e-003
  2.4800000e+004  4.0300000e+001 -2.6060000e+000  1.0000000e-003
  2.4820000e+004  4.0100000e+001 -2.6060000e+000  1.0000000e-003
  2.4840000e+004  3.9600000e+001 -2.6060000e+000  1.0000000e-003
  2.4860000e+004  3.9600000e+001 -2.6060000e+000  1.0000000e-003
  2.4880000e+004  3.9400000e+001 -2.6060000e+000  1.0000000e-003
  2.4900000e+004  3.9400000e+001 -2.6060000e+000  1.0000000e-003
  2.4920000e+004  3.9600000e+001 -2.6060000e+000  1.0000000e-003
  2.4940000e+004  3.9400000e+001 -2.6060000e+000  1.0000000e-003
  2.4960000e+004  3.9200000e+001 -2.6060000e+000  1.0000000e-003
  2.4980000e+004  3.9000000e+001 -2.6060000e+000  1.0000000e-003
  2.5000000e+004  3.9000000e+001 -2.6060000e+000  1.0000000e-003
  2.5020000e+004  3.8800000e+001 -2.6060000e+000  1.0000000e-003
  2.5040000e+004  3.8800000e+001 -2.6060000e+000  1.0000000e-003
  2.5060000e+004  3.8700000e+001 -2.6060000e+000  1.0000000e-003
  2.5080000e+004  3.8800000e+001 -2.6060000e+000  1.0000000e-003
  2.5100000e+004  3.8300000e+001 -2.6060000e+000  1.0000000e-003
  2.5120000e+004  3.8300000e+001 -2.6060000e+000  1.0000000e-003
  2.5141000e+004  3.8500000e+001 -2.6060000e+000  1.0000000e-003
  2.5165000e+004  3.8700000e+001 -2.6060000e+000  1.0000000e-003
  2.5185000e+004  3.8300000e+001 -2.6060000e+000  1.0000000e-003
  2.5205000e+004  3.7800000e+001 -2.6060000e+000  1.0000000e-003
  2.5225000e+004  3.7600000e+001 -2.6060000e+000  1.0000000e-003
  2.5246000e+004  3.7600000e+001 -2.6060000e+000  1.0000000e-003
  2.5270000e+004  3.7800000e+001 -2.6060000e+000  1.0000000e-003
  2.5290000e+004  3.7600000e+001 -2.6060000e+000  1.0000000e-003
  2.5311000e+004  3.7300000e+001 -2.6060000e+000  1.0000000e-003
  2.5331000e+004  3.7300000e+001 -2.6060000e+000  1.0000000e-003
  2.5351000e+004  3.7100000e+001 -2.6060000e+000  1.0000000e-003
  2.5371000e+004  3.6900000e+001 -2.6060000e+000  1.0000000e-003
  2.5391000e+004  3.7100000e+001 -2.6060000e+000  1.0000000e-003
  2.5411000e+004  3.6900000e+001 -2.6060000e+000  1.0000000e-003
  2.5431000e+004  3.6800000e+001 -2.6060000e+000  1.0000000e-003
  2.5451000e+004  3.6800000e+001 -2.6060000e+000  1.0000000e-003
  2.5471000e+004  3.6800000e+001 -2.6060000e+000  1.0000000e-003
  2.5491000e+004  3.6600000e+001 -2.6060000e+000  1.0000000e-003
  2.5511000e+004  3.6200000e+001 -2.6060000e+000  1.0000000e-003
  2.5531000e+004  3.6200000e+001 -2.6060000e+000  1.0000000e-003
  2.5551000e+004  3.6200000e+001 -2.6060000e+000  1.0000000e-003
  2.5571000e+004  3.6200000e+001 -2.6060000e+000  1.0000000e-003
  2.5591000e+004  3.6200000e+001 -2.6060000e+000  1.0000000e-003
  2.5611000e+004  3.6000000e+001 -2.6060000e+000  1.0000000e-003
  2.5631000e+004  3.6000000e+001 -2.6070000e+000  1.0000000e-003
  2.5656000e+004  3.5900000e+001 -2.6070000e+000  1.0000000e-003
  2.5676000e+004  3.5500000e+001 -2.6070000e+000  1.0000000e-003
  2.5696000e+004  3.5500000e+001 -2.6070000e+000  1.0000000e-003
  2.5716000e+004  3.5500000e+001 -2.6070000e+000  1.0000000e-003
  2.5736000e+004  3.5500000e+001 -2.6070000e+000  1.0000000e-003
  2.5756000e+004  3.5300000e+001 -2.6070000e+000  1.0000000e-003
  2.5776000e+004  3.5200000e+001 -2.6070000e+000  1.0000000e-003
